,distance,label,pi,fam_div_jc,rat_div_jc,tajima,sites
0,0,chr19,0.007698945471223882,0.03692955615731346,0.17546962379638398,-0.3974287999244406,5238753
1,0,chr19,0.007859591736648292,0.037191625366968344,0.17671600389502154,-0.38466015604681847,4703133
2,-30,chr19,0.008289820245564067,0.03758398586873805,0.17526455191556486,-0.401542881925034,1520958
3,30,chr19,0.00835974994775904,0.038060750636352614,0.17609311488968798,-0.4219326220061204,1324077
4,-60,chr19,0.00841920067438645,0.03743998668928988,0.17526113110414154,-0.37985968617652754,937273
5,60,chr19,0.008538718880137323,0.03773448588067322,0.17560836331176333,-0.3774581776429429,823131
6,-90,chr19,0.008725493155557602,0.03771653797758258,0.17591751265026054,-0.38515987346754255,676492
7,90,chr19,0.00922247693099316,0.03841151584253236,0.1778911722191378,-0.31684891776819285,639694
8,-120,chr19,0.00888702835688879,0.03784743275041358,0.17531929875935454,-0.38061557238024607,551122
9,120,chr19,0.00938702047797446,0.03909996768508348,0.1778426885398911,-0.30518441437777477,455979
10,-150,chr19,0.009179704487904304,0.03831285233973297,0.17731756801293,-0.34077123737535975,513136
11,150,chr19,0.009303466636386964,0.038654927995370195,0.17628686677239475,-0.36334360439224456,378228
12,-180,chr19,0.008901156236962948,0.03768053064435614,0.1749620931789828,-0.3229965623236349,431841
13,180,chr19,0.008983934110564645,0.038504119965024584,0.17524876465455383,-0.40604136675682895,317885
14,-210,chr19,0.009467543257594914,0.03898892033173258,0.17872834528672082,-0.3666404986796967,393390
15,210,chr19,0.009483040366043563,0.03814785296741702,0.17640327504312014,-0.3502917043417225,312094
16,-240,chr19,0.009230711012872437,0.03851013185974368,0.17448076173334826,-0.4274160925023294,351882
17,240,chr19,0.009319091669870853,0.03779739343687813,0.17954703665944682,-0.3480573686767542,279240
18,-270,chr19,0.009092913152517116,0.038441658693773084,0.17663078370093777,-0.4454255833242853,295572
19,270,chr19,0.009640093055787858,0.03889803911550243,0.177854894062336,-0.33203782300120926,263068
20,-300,chr19,0.009206820658110754,0.03831139945632745,0.17762756817415137,-0.4077494728915603,299684
21,300,chr19,0.009395060710219713,0.03919217737408541,0.17856984783034308,-0.3808358826525638,231657
22,-330,chr19,0.009132789086768298,0.03864251177351355,0.17576903450649375,-0.4059382951001435,301031
23,330,chr19,0.009972491846350465,0.03811605286067659,0.17438121383078492,-0.2753213449261251,224278
24,-360,chr19,0.009117462644475067,0.03828703405184154,0.17535636580293698,-0.4487387793340436,269114
25,360,chr19,0.009444961861759192,0.03911726297908913,0.18142289290511238,-0.43207151887464335,169646
26,-390,chr19,0.00893185258946425,0.03843434169440903,0.17660386011319085,-0.45203903425202274,254443
27,390,chr19,0.009662492675563086,0.037939626953709504,0.1781920206038417,-0.3769765657551039,154314
28,-420,chr19,0.009140323099084514,0.038368190771055376,0.17503365727436168,-0.39747332619570974,221050
29,420,chr19,0.00983165842487235,0.03967237476995609,0.18051536171307597,-0.38978375661534886,184362
30,-450,chr19,0.009478741485922116,0.039156973993202976,0.1768090784985043,-0.39026999547618746,180251
31,450,chr19,0.00949456622159437,0.04050096631904273,0.1785454425325393,-0.4116396131205355,160652
32,-480,chr19,0.009874996102254355,0.03888887177005741,0.17713781940133272,-0.32062625052957733,205922
33,480,chr19,0.01048850607503973,0.039941770627665484,0.1791957182504477,-0.2644790418994996,138366
34,-510,chr19,0.00932862723154236,0.03867296085445728,0.17630901566086318,-0.3281363881345987,220095
35,510,chr19,0.009552932473910548,0.040382621939568625,0.17994489312128084,-0.4333975994036524,188123
36,-540,chr19,0.009251632433727439,0.038180431536269176,0.17732363095566778,-0.38741197300466923,203869
37,540,chr19,0.00947085065150499,0.03979928995214415,0.17891206878925708,-0.3914860376016997,147852
38,-570,chr19,0.009293051775481675,0.03930693872493219,0.17858602483028652,-0.44988692140883346,154434
39,570,chr19,0.010384651663752806,0.038578014469014835,0.18136939084769477,-0.30320275450342543,119965
40,-600,chr19,0.009265509003528308,0.038030090131512456,0.1750276656790219,-0.46260968294960203,159835
41,600,chr19,0.010197915594367312,0.04034810269271015,0.182380678192149,-0.3250756398695548,109414
42,-630,chr19,0.009539433499088923,0.03998020050524888,0.1809842740037763,-0.44381914952759227,163716
43,630,chr19,0.01002967374350645,0.0399066941341034,0.17952725789714927,-0.32295966716879515,102075
44,-660,chr19,0.009322748187910101,0.03912596506721484,0.17953124620807887,-0.4836155974326773,167537
45,660,chr19,0.010328862317433267,0.04006578193614753,0.17605006370251536,-0.3069806722687702,116803
46,-690,chr19,0.009599177584419466,0.0395049920477581,0.17911786914723338,-0.43515919619266474,115091
47,690,chr19,0.009584934968159717,0.03934093477712488,0.17937766996017804,-0.382863814027816,100295
48,-720,chr19,0.009506256564922417,0.03834658050394111,0.17720379471594366,-0.3837852541596909,137443
49,720,chr19,0.009059905969802204,0.037750533134465726,0.18103400865735383,-0.48552172825833,83523
50,-750,chr19,0.008657988719581648,0.03790908494444975,0.17374650092948674,-0.4728615639236373,126843
51,750,chr19,0.009330773548216225,0.03891644217008219,0.17701959852377505,-0.492506698019085,76706
52,-780,chr19,0.00907618489516007,0.03717411691265306,0.17518959427671776,-0.44425120400807905,109932
53,780,chr19,0.009884409285556279,0.0389860308754611,0.17947194486967377,-0.31633159570629954,79705
54,-810,chr19,0.009174913345164576,0.038131367740789304,0.1769446372950823,-0.4027215720746731,90483
55,810,chr19,0.009150601010314565,0.037469960673050653,0.17353304926696772,-0.4149816635779976,95843
56,-840,chr19,0.00898194923752713,0.03796755202369321,0.17354985189752825,-0.45792267185453944,89432
57,840,chr19,0.009318580450201931,0.03738481385011711,0.17579568885894503,-0.41729897822559103,77958
58,-870,chr19,0.008764388892914646,0.03689113109500558,0.1738280937429665,-0.3730941117847845,89337
59,870,chr19,0.00987298654186631,0.03920390330267162,0.18343681947475898,-0.24472572281565777,68016
60,-900,chr19,0.008637840225891572,0.03674097441670529,0.17268058959382873,-0.5798281429303592,74577
61,900,chr19,0.009813365442504515,0.0395707851101712,0.18002209390549906,-0.34576304244150347,71423
62,-930,chr19,0.009901099171151567,0.04045404140934707,0.1872137931072982,-0.4455806648228528,62109
63,930,chr19,0.010122084284898395,0.0401546779537335,0.17278445710877532,-0.41817000930516574,71051
64,-960,chr19,0.00928203273731364,0.03807845525389299,0.17635161900571136,-0.36229301275921993,62729
65,960,chr19,0.009743827975153533,0.03730158398281236,0.17579258104782844,-0.43509052061003123,74775
66,-990,chr19,0.009482268980796996,0.039044315226337,0.17880430706013573,-0.3696845706405659,72834
67,990,chr19,0.010681533735351006,0.03902259932051401,0.17663802078122082,-0.2255751225170456,43945
68,-1020,chr19,0.010582993009230044,0.04147544397383056,0.17930487585963348,-0.33254398775771676,60546
69,1020,chr19,0.010339504424669398,0.03901572234043617,0.1786429087996679,-0.3454500614111888,51107
70,-1050,chr19,0.00923379048768122,0.03871273675676512,0.1744668251389441,-0.5356842047393529,57407
71,1050,chr19,0.01027425391673015,0.039552199341335165,0.1793872294329818,-0.2633972813355838,79450
72,-1080,chr19,0.009346260668653437,0.03910544557821684,0.17839748289189844,-0.4428296467013895,59181
73,1080,chr19,0.009406756885625362,0.03726950565199342,0.1734528909379614,-0.35612008968979647,91065
74,-1110,chr19,0.008452679053487983,0.03918708599350073,0.17936968687787344,-0.44374478089598957,45232
75,1110,chr19,0.010812451081377615,0.03986395544033962,0.17349443768894093,-0.23818559379517537,59578
76,-1140,chr19,0.008513999041062054,0.03580183852658429,0.17885491068365653,-0.39909460877787306,50714
77,1140,chr19,0.0107496031356376,0.03815091062255767,0.1797663814640664,-0.25797642092646145,51456
78,-1170,chr19,0.009029937317826888,0.03893699460690257,0.1721373016498898,-0.39864723463493784,37793
79,1170,chr19,0.010025123562247053,0.038700686254073094,0.1784068021419047,-0.31782090568299565,57610
80,-1200,chr19,0.009951889635984236,0.04015282189711135,0.17066892714249493,-0.24513236130812374,36320
81,1200,chr19,0.010802464553485266,0.03975159374825023,0.17462121382153178,-0.37189795604372283,42540
82,-1230,chr19,0.009322491503351014,0.038594386873623994,0.173107512247449,-0.2886284243648334,34797
83,1230,chr19,0.010117995961635538,0.04087825415429083,0.1757493372371468,-0.22724352923139043,31696
84,-1260,chr19,0.009064745567594063,0.04012383919012293,0.1734421959751854,-0.45252895883937383,25877
85,1260,chr19,0.009401732029604527,0.040416910683553346,0.16926036559553603,-0.6272137794492615,17892
86,-1290,chr19,0.00856283203526166,0.0389378110682308,0.17555678450060452,-0.4825559844865545,37924
87,1290,chr19,0.009743194192377496,0.03933253557809092,0.18127917688070194,-0.3496447531873249,23200
88,-1320,chr19,0.009025965545490166,0.0381524438950524,0.17388553885241181,-0.4982654055988628,44330
89,1320,chr19,0.011528784848106013,0.0410894501147387,0.18265513441639167,-0.3203675345994711,20208
90,-1350,chr19,0.009392519576034864,0.04284957719425249,0.18184515282681832,-0.4370249805532312,34407
91,1350,chr19,0.011100556146130975,0.04319118304772295,0.19103788992439008,-0.5559035026972518,20943
92,-1380,chr19,0.009694565921733497,0.038971786793488686,0.17720237217659146,-0.350241791675309,33626
93,1380,chr19,0.0107765079944228,0.041954028351433886,0.19015357443315967,-0.3014342569617506,20195
94,-1410,chr19,0.008963353813263327,0.03889490619505906,0.17641344277533796,-0.38334689498106056,32398
95,1410,chr19,0.00974314661710076,0.0377895749706723,0.18029346621486259,-0.3826394664000082,20161
96,-1440,chr19,0.009841254211299999,0.042521043742822805,0.1763567127509036,-0.5038806977543707,22449
97,1440,chr19,0.010760603098130173,0.045073377008211866,0.17889582324006015,-0.29947753399196014,24711
98,-1470,chr19,0.010979774669759359,0.03990947224500567,0.17469253002852797,-0.19458350037939326,26707
99,1470,chr19,0.007776678628936177,0.03697857781593513,0.16413199926395133,-0.7062651300345504,14578
100,-1500,chr19,0.009162662827154118,0.03942654614612627,0.1734096197118785,-0.7016716099439919,20178
101,1500,chr19,0.010304222212603879,0.04027919763709074,0.17996561568646186,-0.21097545272808887,19456
102,-1530,chr19,0.009979798281733013,0.040748300712608536,0.18809039596730626,-0.41774146903287634,21129
103,1530,chr19,0.010211928728658795,0.037268223798192286,0.17166150683789982,-0.2273150744607466,20491
104,-1560,chr19,0.009866837218002016,0.0409342378931892,0.18293005895637646,-0.42646126042593036,17446
105,1560,chr19,0.009793467124876552,0.03604261148863323,0.15676107473251805,-0.41600990845885766,17107
106,-1590,chr19,0.01034117567854498,0.04245652811970457,0.18214506426860913,-0.3606060741639193,20326
107,1590,chr19,0.01028863596022218,0.04142948283269866,0.18057809161274654,-0.4776299145673716,12157
108,-1620,chr19,0.009558459185212313,0.039337611658999024,0.1769744177100503,-0.3112216959518453,19544
109,1620,chr19,0.010685035870738368,0.04090232801466494,0.17523278234587836,-0.5938430540622505,9119
110,-1650,chr19,0.00948269838164184,0.04247061552059447,0.1700510227677678,-0.5591651378437384,15064
111,1650,chr19,0.0091125527585306,0.042279901567871016,0.17258013190266824,-0.6205983116356131,14303
112,-1680,chr19,0.009935003652378843,0.03962656010924918,0.16702215957007038,-0.3623793185176702,9871
113,1680,chr19,0.008298147262608482,0.038167346859091816,0.17355709865906496,-0.7563219796533385,10346
114,-1710,chr19,0.009079987061596045,0.033668130385666226,0.1802532326248505,-0.11607136805129765,4556
115,1710,chr19,0.008443052430054077,0.0372869456934618,0.16741749356825453,-0.44246439285470723,12536
116,-1740,chr19,0.010260776923139007,0.04600778382541389,0.18654953168290642,-0.4894414163460314,6521
117,1740,chr19,0.010483414769340576,0.042973837018707745,0.17438299862812137,-0.4254882798762341,13863
118,-1770,chr19,0.010682948038953758,0.03964825701792235,0.18880581438901278,-0.460736815351262,10047
119,1770,chr19,0.008940445779138472,0.037218115448923665,0.17592812067713184,-0.5463975238024233,10796
120,-1800,chr19,0.01017427589592538,0.03865731816812782,0.18753964783035376,-0.3253360881435611,8148
121,1800,chr19,0.008637586575759866,0.036169318259375666,0.16386294403622942,-0.17869039206962492,4871
122,-1830,chr19,0.010328170854486644,0.04184602177716755,0.18940213164842135,-0.25963671309224906,9828
123,1830,chr19,0.008845555134839497,0.046580901674226585,0.13207942655296043,-0.600986532443939,2502
124,-1860,chr19,0.009488465898770488,0.03620446939168827,0.1735641009826186,-0.15778805618273095,8403
125,1860,chr19,0.012334002847058365,0.040730545440941346,0.17909689152813205,0.18595926507245317,2699
126,-1890,chr19,0.00851659092019743,0.03748103210807562,0.18521005662254592,-0.27873163707178217,8616
127,1890,chr19,0.01212755894871968,0.04269892854149112,0.17458644084992797,-0.4209417556274425,2337
128,-1920,chr19,0.009520156632577973,0.042177512709331275,0.17351049147872133,-0.42733021366769136,11801
129,1920,chr19,0.010178018575851393,0.04546846636232614,0.1953040499866185,-0.24883265988470163,1768
130,-1950,chr19,0.01127604949061809,0.03682618310197239,0.17777608527808175,-0.2616821217043159,7708
131,1950,chr19,0.010550348473924536,0.047111245934417026,0.12924451272170678,-0.30677383536650066,219
132,-1980,chr19,0.00734554811655667,0.0399784797639599,0.17970984349001556,-0.164312192861946,2209
133,1980,chr19,0.008508198601077857,0.040278134228895826,0.1253895995466404,-0.2817249147097019,459
134,-2040,chr19,0.0012987012987012987,-0.0,0.06791968278429525,-1.1643910542533689,77
135,2040,chr19,0.0059032716927453766,0.03693053707737243,0.13809373784482898,1.4684454994331548,222
136,-2070,chr19,0.013712141049140264,0.03653043665052414,0.18211635617643937,-0.21795824140168127,1206
137,2070,chr19,0.008768345787860867,0.04093355772349145,0.20553200951884665,-0.7890263404850419,979
138,-2160,chr19,0.003531360590316994,0.029172369710781146,0.18207552577683572,-0.970020761126922,699
139,2160,chr19,0.004359383306751728,0.023947302290535995,0.11239321957766488,-1.4351827310986705,297
140,-2250,chr19,0.00769316909294513,0.0348393548756556,0.19168412030052273,-0.780234500575414,940
141,2250,chr19,0.0033975084937712344,0.018342526747155113,0.0965574145407965,-0.11503345659025922,883
142,-2340,chr19,0.008110890002058602,0.0554556260371637,0.19381294641053584,-0.310164962893308,767
143,2340,chr19,0.015710812356979405,0.0411922968285969,0.17951407617873644,0.2118554834056462,1472
144,-2400,chr19,0.00954254795868175,0.026635646360435743,0.1325473076461326,-0.6770837845365953,535
145,2400,chr19,0.009405838815789474,0.027854660212092576,0.11822170815268737,0.2520808476343085,512
146,-2460,chr19,0.009190590111642744,0.03886880089843952,0.18897299238727633,-0.804372072880097,2640
147,2460,chr19,0.004396284829721362,0.03615157636340831,0.18672318820196432,-0.5683026316941424,1700
148,-2610,chr19,0.007063811986613934,0.04427270766727728,0.19392456875716976,-0.9396242176438325,2768
149,2610,chr19,0.0041602970080803665,0.008345009598567744,0.1311603233244498,1.293792133371998,482
150,-2910,chr19,0.009146705773722232,0.04355205721595452,0.16561819614233905,0.32962906465416386,969
151,2910,chr19,0.004267942583732057,0.022141829449741295,0.1264484816806178,0.11863817421525354,275
