,distance,label,pi,fam_div_jc,rat_div_jc,tajima,sites
0,0,chr19,0.007774941187956532,0.03705351984763686,0.17605898127456787,-0.3913362039080706,9941886
1,30,chr19,0.008322365472702998,0.037805834105868255,0.1756500505885064,-0.41111198851095104,2845035
2,60,chr19,0.008475085085134166,0.03757767444421581,0.17542347018538948,-0.3787430830125572,1760404
3,90,chr19,0.00896703769352068,0.03805423136010504,0.1768761038952903,-0.35133375495552127,1316186
4,120,chr19,0.009113406751290664,0.03841427625495449,0.17646074695083366,-0.3458259191264806,1007101
5,150,chr19,0.009232219857491026,0.03845798452562334,0.17688004272925878,-0.3504801199727677,891364
6,180,chr19,0.008936254185213207,0.038029623376231204,0.17508362895423024,-0.3588678229044289,749726
7,210,chr19,0.009474398912101853,0.03861673024246724,0.17769888502699527,-0.3594490356110546,705484
8,240,chr19,0.009269815044518043,0.038194697116851,0.1767181155627771,-0.39256175252602094,631122
9,270,chr19,0.009350584502212139,0.03865653725262878,0.17720697807648375,-0.3912617272928039,558640
10,300,chr19,0.00928889060142664,0.03869527873509021,0.17803824294325665,-0.39597310022289456,531341
11,330,chr19,0.00949129589992697,0.038417697615520316,0.17517619735981216,-0.3484750884103037,525309
12,360,chr19,0.009244089803321321,0.03860793205152996,0.17769616586550732,-0.442232109023807,438760
13,390,chr19,0.009207683937297451,0.03824753857120893,0.17720302760199474,-0.4227174339891632,408757
14,420,chr19,0.009454709361289127,0.03896099017097836,0.17752150838198694,-0.3938987319916664,405412
15,450,chr19,0.009486198960438971,0.039790036090497354,0.1776268466821727,-0.4004492085713868,340903
16,480,chr19,0.010121559795715704,0.039311843948747455,0.1779641904147874,-0.2974867131334724,344288
17,510,chr19,0.009431995958815609,0.03946035616237218,0.17798238232568764,-0.3780466510921482,408218
18,540,chr19,0.00934378459960564,0.038860520989172684,0.17799094843727084,-0.3892158076631783,351721
19,570,chr19,0.009770290324443027,0.03898817183682028,0.1798016190879513,-0.38320231433472335,274399
20,600,chr19,0.009644408589896538,0.03897119077209089,0.17800700004224995,-0.4048110986088244,269249
21,630,chr19,0.00972770651416061,0.039951970093700225,0.1804243832792299,-0.3969563878747519,265791
22,660,chr19,0.00973604617155888,0.039511886526951194,0.178099267831638,-0.4087274374332675,284340
23,690,chr19,0.009592545476493365,0.03942859392725996,0.1792388348136276,-0.41111693198032967,215386
24,720,chr19,0.009337540378919928,0.03812122470256329,0.17864927981398576,-0.4218607524208342,220966
25,750,chr19,0.008911522920512352,0.03828854153574694,0.17497826799527588,-0.4807849762205431,203549
26,780,chr19,0.009415884031069887,0.0379351365850907,0.176986501216844,-0.38898312260251755,189637
27,810,chr19,0.009162407483883651,0.0377910780804988,0.17518783494052195,-0.4091639429725154,186326
28,840,chr19,0.009138727396782174,0.037696098938022934,0.17459496161419283,-0.43889888749484796,167390
29,870,chr19,0.009243581394430959,0.03788995432168674,0.17796637898276166,-0.315000456613152,157353
30,900,chr19,0.009212905551550108,0.03812397995328388,0.17626306535947633,-0.4617203636868489,146000
31,930,chr19,0.010019011557129531,0.04029429334062587,0.17948011449960297,-0.431035076752373,133160
32,960,chr19,0.009533158078463557,0.03765589100845585,0.17604756115733827,-0.4032680822485344,137504
33,990,chr19,0.00993356321725112,0.0390361432596464,0.1779883793847727,-0.31279001905689424,116779
34,1020,chr19,0.01047154082172822,0.04034855274036812,0.17900180073532002,-0.33855357188747964,111653
35,1050,chr19,0.009837813807189448,0.039199958050510485,0.17731935027068457,-0.3754796854961147,136857
36,1080,chr19,0.009382927787901526,0.03799213501155976,0.17539664660426532,-0.39077838111154123,150246
37,1110,chr19,0.009794063443122645,0.03957176946229624,0.1760243279623105,-0.31753490002089535,104810
38,1140,chr19,0.00963991902041489,0.03698398488392916,0.17931381735294014,-0.32130966670004585,102170
39,1170,chr19,0.00963088990360559,0.03879428867745414,0.17591692650751245,-0.34846970303974684,95403
40,1200,chr19,0.010410721198125927,0.039936357934054416,0.17279834913290104,-0.3173138988152272,78860
41,1230,chr19,0.009701693965411476,0.03968219732994039,0.17436566141005128,-0.2585836085460567,66493
42,1260,chr19,0.009202499726434594,0.04024362784119014,0.1717299184529936,-0.5282736314475162,43769
43,1290,chr19,0.00901084594215727,0.03908760678731457,0.17772361686595975,-0.429542392672906,61124
44,1320,chr19,0.009809642952091871,0.03907083675504943,0.1766204448736807,-0.4350675695977875,64538
45,1350,chr19,0.01003879617743546,0.04297881366431471,0.18531020761478442,-0.48819711202931904,55350
46,1380,chr19,0.010100537943025564,0.04008940970458955,0.18203581396485863,-0.3311863258204192,53821
47,1410,chr19,0.009262472950198324,0.03847072182671718,0.17789940095029716,-0.383504437045141,52559
48,1440,chr19,0.010322976652828,0.04385733761769788,0.17768608932214344,-0.39545096898568943,47160
49,1470,chr19,0.009848740781346607,0.0388732458828673,0.17094653196401122,-0.35258969714464544,41285
50,1500,chr19,0.009723044807355728,0.03984498452275736,0.1766207427163275,-0.4631926324556913,39634
51,1530,chr19,0.010094084321808847,0.039032917537453915,0.17995689371134319,-0.3256735845184333,41620
52,1560,chr19,0.00983051208898001,0.03850843290523456,0.16985980678875565,-0.42200397102294707,34553
53,1590,chr19,0.010321512305222004,0.042071984215809585,0.18155822988825399,-0.40584526865711734,32483
54,1620,chr19,0.00991687431256507,0.03983506489538539,0.17641988573156803,-0.41397046659646775,28663
55,1650,chr19,0.009302421443331488,0.04237772351363141,0.1712817430578861,-0.5898880663510098,29367
56,1680,chr19,0.009097346422890583,0.0388794566367916,0.1703592844622708,-0.5586297580184513,20217
57,1710,chr19,0.008612832103661917,0.03632061535578461,0.1708175390456726,-0.3569240478018095,17092
58,1740,chr19,0.010412191192266381,0.04394308571668876,0.1782537389078397,-0.44711382901145136,20384
59,1770,chr19,0.009780388215657411,0.03838853931359265,0.18210798801294992,-0.5031425086114849,20843
60,1800,chr19,0.009599330533107483,0.03772547765489771,0.17859337580355059,-0.27821512330947973,13019
61,1830,chr19,0.010027318905536348,0.04280440782099351,0.17741054404993084,-0.3280471738291431,12330
62,1860,chr19,0.010180242535721399,0.03730229042493736,0.17490542364928968,-0.0618690220882118,11102
63,1890,chr19,0.009287049450523048,0.03859131242087808,0.18293067340617047,-0.3215758832726646,10953
64,1920,chr19,0.009605874070540046,0.04260549678702472,0.17631450146439095,-0.4047749750914687,13569
65,1950,chr19,0.011256000478046384,0.03710844320665481,0.17639224491650263,-0.26466615318003706,7927
66,1980,chr19,0.007545569320602856,0.0400300234865394,0.17007998952359135,-0.194650554002069,2668
67,2040,chr19,0.004717479317021651,0.027244766345187604,0.11938502117419522,0.7267552785175179,299
68,2070,chr19,0.011497049259303865,0.03850008099401116,0.1925175603020859,-0.44686451279352307,2185
69,2160,chr19,0.0037782709786514483,0.02761047984203724,0.16061099130422385,-1.2632918691011137,996
70,2250,chr19,0.005612495308485147,0.02680352245582865,0.14410024763982865,-0.623023573618622,1823
71,2340,chr19,0.01310735525728121,0.04604791077612308,0.18438171323467728,0.08529610906139275,2239
72,2400,chr19,0.009475694968079224,0.02723151638355697,0.12550766533412475,-0.2930763624358344,1047
73,2460,chr19,0.007312636429784138,0.03780327714297983,0.18809092848074588,-0.7607856387725137,4340
74,2610,chr19,0.0066331983805668,0.03883443180050775,0.1842778676807878,-0.7999407353702093,3250
75,2910,chr19,0.008068201049246911,0.03876618768169714,0.15678146055742131,0.3116053619310342,1244
