,rep,NeSa1,pa1,NeSa2,pa2,AIC,identifier
0,0,547.080897144,0.000543756433278,57.3115989777,0.00206686933357,-27501.9714626,BimodalDFE
1,1,506.785916834,0.000632666734005,28.3851452757,0.150929296355,-27458.0508073,BimodalDFE
2,2,544.781066803,0.000549141758325,54.8525210347,0.00212699308131,-27478.711157,BimodalDFE
3,3,536.832944649,0.000566165052497,62.2378501921,0.00155670764931,-27447.123482,BimodalDFE
4,4,392.777873435,0.00198924226481,70.3569421224,0.0090744186379,-18491.6555391,BimodalDFE
5,5,563.567738606,0.000517221927283,64.0311105706,0.00190982500566,-27582.1625984,BimodalDFE
6,6,886.997319869,0.000138201539659,401.328080114,0.000597002317259,-27384.7727576,BimodalDFE
7,7,452.147886945,0.062012449642,207.130977857,0.877816834301,-5820.32226109,BimodalDFE
8,8,538.733908021,0.000562241691847,46.4458716402,0.00119294076676,-27426.9520005,BimodalDFE
9,9,545.634048236,0.000550535709366,53.7077866981,0.00215095178393,-27477.1876533,BimodalDFE
10,10,3197.87352666,2.9507414271e-05,623.665172552,0.00108712542906,-19045.2434175,BimodalDFE
11,11,514.752904635,0.000614251847081,43.1561294418,0.000990469379165,-27465.461195,BimodalDFE
12,12,540.61148635,0.000562788938707,1.07743199229,0.0983240557391,-27509.3759959,BimodalDFE
13,13,528.829952518,0.000586528168815,34.3301943656,0.0486526047389,-27238.7902727,BimodalDFE
14,14,415.425584652,0.0037720381724,73.8765164088,0.153182583838,-11718.1535436,BimodalDFE
15,15,541.77588316,0.00055721386392,1.07951397332,0.103832013818,-27438.07368,BimodalDFE
16,16,541.093156797,0.000560116258081,53.5174904341,0.00199112761556,-27454.7575415,BimodalDFE
17,17,537.675367405,0.00056553038959,1.08631468465,0.102633400859,-27515.6606182,BimodalDFE
18,18,508.415473819,0.000636648036312,1.03181971084,0.0903761911059,-27393.8648521,BimodalDFE
19,19,544.319141868,0.000554469688659,1.0802241312,0.0969645336563,-27448.1135092,BimodalDFE
20,20,531.842898721,0.000576612779746,56.2152077918,0.00172930499669,-27403.8826043,BimodalDFE
21,21,599.929494371,0.0219292867961,400.349450766,0.373897481386,-5246.39172517,BimodalDFE
22,22,3044.11602647,0.134868270158,636.637579444,3.95569471256e-05,-7268.58454674,BimodalDFE
23,23,6054.52863212,0.0559071255711,945.267388194,0.132771884152,-2819.7116485,BimodalDFE
24,24,565.821007467,0.00999543396095,36.8542067512,0.0479285870777,-7663.30837453,BimodalDFE
25,25,531.04819587,0.000579139705304,56.3820081475,0.00170250923234,-27428.2848887,BimodalDFE
26,26,481.366563246,0.000605643212645,120.615309521,0.000872592324219,-27342.5912146,BimodalDFE
27,27,715.248149547,0.000248143061976,100.344561515,0.935226215725,-14132.9369047,BimodalDFE
28,28,535.735930452,0.000572489149614,1.08621659667,0.0982176415224,-27504.6869617,BimodalDFE
29,29,91.9836013424,0.0586711351926,0.0965518984208,0.512604305423,-15989.4773791,BimodalDFE
30,30,260.916180732,0.00215299890752,0.92045295752,0.00551344495465,-24516.4700403,BimodalDFE
31,31,2149.75207526,1.75368960331e-05,559.147945189,0.0522009673154,-21739.3058101,BimodalDFE
32,32,536.541054811,0.000576660151862,66.0431275221,0.00150372836682,-27422.5305086,BimodalDFE
33,33,544.525919641,0.000555477260883,58.3930900381,0.00178545512749,-27478.7935268,BimodalDFE
34,34,543.091013006,0.000552221923156,62.0582657456,0.00177573778242,-27607.6437671,BimodalDFE
35,35,589.221762649,0.00269580779593,0.561767759533,0.00457506063866,-6085.23648207,BimodalDFE
36,36,320.153094289,0.00319517339904,83.8959144966,0.214366458002,-12267.3025881,BimodalDFE
37,37,536.355503878,0.000567115431282,1.08469429599,0.096995491308,-27476.4726833,BimodalDFE
38,38,362.929071518,0.000479837903065,274.591302438,0.000163745850168,-21070.5339357,BimodalDFE
39,39,537.28230388,0.000567257998909,1.08466897619,0.0989266741809,-27390.5379261,BimodalDFE
40,40,888.777747956,0.030350408422,84.9777953404,0.193672980541,-4037.51952086,BimodalDFE
41,41,832.6180949,0.00879701019567,80.0697612652,0.117331254993,-5892.75796291,BimodalDFE
42,42,532.470306112,0.000573777959257,56.0373256308,0.00181610739985,-27470.9843852,BimodalDFE
43,43,538.038021163,0.000566262149003,50.8515383886,0.00223110907862,-27523.8827591,BimodalDFE
44,44,786.052373388,0.194150056844,506.390342601,0.000631619039344,-27340.5021398,BimodalDFE
45,45,779.957020877,0.000185918142599,64.4521532364,0.0347414074939,-21308.6461937,BimodalDFE
46,46,403.375798681,0.00361327626449,2.60152685966,1.97292030756e-05,-17896.0711497,BimodalDFE
47,47,908.893407214,1.49090765844e-08,712.395492034,0.011057823201,-9869.304817,BimodalDFE
48,48,546.789727414,0.000547435424813,58.3593564901,0.00198632022201,-27493.3528588,BimodalDFE
49,49,539.650257262,0.000561250826825,61.2783676486,0.00157700999854,-27489.7887942,BimodalDFE
50,50,629.229352159,0.00520942558241,0.389362671993,0.724323532484,-7724.21681828,BimodalDFE
51,51,537.007000319,0.000566676739791,1.0870333379,0.101372486685,-27414.2650554,BimodalDFE
52,52,540.595452851,0.000556413922514,56.4769022088,0.00190361503126,-27448.1372296,BimodalDFE
53,53,530.048582555,0.000583294143002,1.09482855426,0.101766372845,-27386.3925415,BimodalDFE
54,54,704.443500807,0.00913308092557,46.6875104645,0.0367071686769,-6693.66543842,BimodalDFE
55,55,684.709969695,0.00116160441137,598.101711099,0.0273561298421,-5700.87909619,BimodalDFE
56,56,548.31049009,0.000543910424213,61.1234481858,0.00183667628752,-27514.9288163,BimodalDFE
57,57,543.86728321,0.000553248938195,55.7799585578,0.00212900105476,-27527.1819342,BimodalDFE
58,58,544.46690091,0.000554909093806,1.07427167773,0.0963399161962,-27520.4438333,BimodalDFE
59,59,541.523988108,0.000557941414686,54.8761920046,0.00198104203943,-27443.924306,BimodalDFE
60,60,593.889227128,0.000217655988829,345.301455001,0.321040553869,-5555.16249838,BimodalDFE
61,61,542.509373441,0.000553047190086,55.4967844706,0.00210941021179,-27533.1003387,BimodalDFE
62,62,177.014899872,0.0272838145114,0.362773743545,0.179619929958,-12588.8572096,BimodalDFE
63,63,652.705672864,0.00365535872911,162.412794069,0.85733397989,-6819.06445658,BimodalDFE
64,64,568.79985032,0.00265965146063,79.1190836588,0.999938059432,-9223.6085692,BimodalDFE
65,65,657.130074712,0.000374241933655,0.988177491779,0.00400519661728,-16426.5185548,BimodalDFE
66,66,552.092718199,0.000542290149304,1.08583697633,0.110103008413,-27550.2051612,BimodalDFE
67,67,1104.32258267,0.000142781204796,33.2611943258,0.0250947995439,-24842.367095,BimodalDFE
68,68,542.696389393,0.000557306962734,49.1523042861,0.00229258785893,-27476.0196278,BimodalDFE
69,69,808.984877012,0.750323363533,0.222268187078,0.137649696847,-2485.42565672,BimodalDFE
70,70,527.241603337,0.000599187215026,59.3807273534,0.00140766858307,-27485.7147342,BimodalDFE
71,71,541.505327184,0.000563022940589,1.08591369474,0.103756610262,-27460.799838,BimodalDFE
72,72,698.095782686,0.0458555386496,19.8234293062,0.679698054901,-4555.36557412,BimodalDFE
73,73,718.126698333,0.0270113412889,254.599583821,0.348235665641,-6738.02510763,BimodalDFE
74,74,705.650882193,0.000352427948408,42.9975083417,0.0308959943558,-24520.3834451,BimodalDFE
75,75,540.565410774,0.000561486323495,51.6401120643,0.00220973331644,-27420.6909396,BimodalDFE
76,76,539.736165521,0.000560921005811,54.7243126515,0.00194790226761,-27498.0334197,BimodalDFE
77,77,538.89860781,0.000561193845468,1.07860747484,0.100720396182,-27426.7516465,BimodalDFE
78,78,549.132336836,0.000552336523443,0.827628928335,0.00206653405621,-27331.7149316,BimodalDFE
79,79,510.633023786,0.000608377298939,105.067466471,0.109026537347,-25841.9852386,BimodalDFE
80,80,638.262451818,0.00441795576569,251.390017412,0.733701472415,-5872.85906104,BimodalDFE
81,81,502.420426268,0.000653783896882,0.0493085814401,0.225788679477,-27451.8340149,BimodalDFE
82,82,537.134628997,0.000566260744265,55.1929890645,0.00196828227356,-27502.8675612,BimodalDFE
83,83,754.214146168,0.0166767233259,387.573011506,0.0937644135714,-4943.92786475,BimodalDFE
84,84,504.91215461,0.000628748184747,129.063258079,0.174389234746,-26471.1284545,BimodalDFE
85,85,255.1025709,0.000611741301174,1.01009721531,0.195899826336,-27513.9681387,BimodalDFE
86,86,955.86881831,0.000174023716746,54.1482457536,0.332132998965,-15386.5705026,BimodalDFE
87,87,541.325696922,0.000566038903755,14.4588452942,0.00029862517274,-27428.4914234,BimodalDFE
88,88,667.049039669,0.00830862246285,282.541235801,0.16005686456,-6026.58925831,BimodalDFE
89,89,491.838376709,0.000631419390383,16.485178043,0.10808384426,-26666.0916077,BimodalDFE
90,90,518.854026729,0.000609799314105,170.961484837,0.142741385962,-27172.5688395,BimodalDFE
91,91,210.41375747,0.00398308121514,93.3734808187,0.431741367125,-13480.5556093,BimodalDFE
92,92,546.789473789,0.0005500312176,54.9740093524,0.00213029718686,-27477.9302692,BimodalDFE
93,93,533.964871573,0.000579566785068,39.0092929937,0.0097437120152,-27218.1677073,BimodalDFE
94,94,545.264844165,0.00055180566761,60.2688601024,0.00182833794343,-27525.6707191,BimodalDFE
95,95,538.052243256,0.000565965778504,56.4082214944,0.00188996877798,-27406.2068902,BimodalDFE
96,96,536.465238112,0.000566729323192,55.9279172657,0.00189506017455,-27527.309371,BimodalDFE
97,97,1236.45149995,0.879607550781,702.301827274,0.0539883483915,-4307.8461107,BimodalDFE
98,98,558.863592367,0.000528086813565,68.4665355362,0.00157485079432,-27508.5402961,BimodalDFE
99,99,538.328363636,0.0005627005035,57.9571084443,0.00178078210954,-27433.8310967,BimodalDFE
100,100,784.993225923,0.0168372065437,30.4315579676,0.0511994423403,-5219.38332508,BimodalDFE
101,101,727.561514261,0.0115892332971,4.14082904571,0.0156673097584,-6138.3203986,BimodalDFE
102,102,548.227914302,0.000547252888114,54.6579224598,0.00213893600742,-27569.3928386,BimodalDFE
103,103,508.711081795,0.000628469552512,147.880023771,0.0193846899639,-27140.1222556,BimodalDFE
104,104,848.273190829,0.136554310848,0.00520864840148,0.352254373674,-3051.88243984,BimodalDFE
105,105,702.935470082,5.38152127954e-05,384.373088017,0.875298702778,-10758.8553207,BimodalDFE
106,106,548.784193778,0.000542606242179,57.2415841036,0.00196123842191,-27536.6238287,BimodalDFE
107,107,253.210838773,0.00179339977349,37.7744303879,0.00212624765521,-23795.8752102,BimodalDFE
108,108,775.664062264,0.00147360502331,361.780726862,3.05659821664e-06,-24853.7518423,BimodalDFE
109,109,620.195816361,0.00556557109053,492.181952714,0.00463394445238,-7629.77969275,BimodalDFE
110,110,539.76490812,0.000563089659029,52.2861931601,0.00207165726378,-27511.1135162,BimodalDFE
111,111,530.617086686,0.000581716678305,48.3699622655,0.00215605446083,-27496.8868869,BimodalDFE
112,112,621.968002072,0.0169688113636,0.104032790327,0.878604321873,-5940.42590233,BimodalDFE
113,113,559.162570722,0.000524236007542,80.1101766773,0.00677809065238,-25240.9096783,BimodalDFE
114,114,537.562999303,0.000569495790931,50.7303034394,0.0021874685286,-27520.2946061,BimodalDFE
115,115,541.295849979,0.000560493496333,55.0025050759,0.00197474336873,-27452.7897241,BimodalDFE
116,116,964.279151536,0.134205549849,0.0701855188967,0.314895808597,-5779.49309701,BimodalDFE
117,117,544.941493505,0.000553131289636,57.1057976624,0.00182016958868,-27473.1144402,BimodalDFE
118,118,593.084926794,0.000440722804606,179.130451336,0.000680349411495,-27457.5705197,BimodalDFE
119,119,555.11671728,0.000533004786563,57.3366193812,0.00213782397835,-27522.8886076,BimodalDFE
120,120,533.501009651,0.000573443050891,46.9792269659,0.00234832045669,-27542.4217591,BimodalDFE
121,121,313.670752668,0.00879050611817,135.294457175,0.158835378489,-9259.93059185,BimodalDFE
122,122,571.985851182,0.00186406917421,18.1630235048,0.702249446608,-13559.4493394,BimodalDFE
123,123,505.020196003,0.000641016806106,37.640575881,0.040032894379,-27545.1864739,BimodalDFE
124,124,544.112837198,0.000555201112613,52.6265848875,0.00220978003101,-27623.0625037,BimodalDFE
125,125,528.730051765,0.000587913728046,63.6798627031,0.000322734448507,-27427.2264057,BimodalDFE
126,126,556.843561759,0.000531047933309,67.9490658693,0.0015835020885,-27494.0142289,BimodalDFE
127,127,542.499213442,0.000555498828947,59.4544438116,0.00175979643277,-27488.5999644,BimodalDFE
128,128,526.207542527,0.000599638755773,2.22291985702,0.00221748863737,-27392.3237745,BimodalDFE
129,129,874.040644935,0.0234254836182,23.9011855402,3.54065827635e-05,-4380.54582584,BimodalDFE
130,130,662.184865341,0.00019744641984,28.7262037986,0.922690367967,-20129.1046339,BimodalDFE
131,131,536.889271947,0.000566232133658,53.7639117492,0.00205096623902,-27371.5037512,BimodalDFE
132,132,1493.07512069,0.0110793959977,623.240440275,0.0626507061731,-3117.41263857,BimodalDFE
133,133,488.373407038,0.00273508780238,449.130827352,0.0102427835566,-8253.41754046,BimodalDFE
134,134,557.140319028,0.000524961613922,67.5986684356,0.00165508332555,-27482.0758453,BimodalDFE
135,135,536.534522648,0.000568930395456,95.5574009728,0.00252596179245,-27286.896931,BimodalDFE
136,136,710.12805852,0.0791973899946,676.063544903,0.00147731061878,-5914.8089189,BimodalDFE
137,137,825.370432741,0.02910955627,1.00100446343,0.86575018132,-4317.04291078,BimodalDFE
138,138,449.679030974,0.00424215811489,215.196969796,0.120775526806,-8295.48199042,BimodalDFE
139,139,536.459463632,0.00253929380959,393.695227202,0.198366375344,-12279.786354,BimodalDFE
140,140,548.092834696,0.00054661480685,60.4138613205,0.00181131151322,-27455.2337693,BimodalDFE
141,141,418.941060063,0.00410800700552,65.0346826526,0.00143050936586,-24849.3835168,BimodalDFE
142,142,530.632806165,0.000576416137648,51.7113186481,0.00194887759635,-27458.6383359,BimodalDFE
143,143,699.357838849,0.000379890043274,238.719323826,6.64105829218e-05,-26700.3979965,BimodalDFE
144,144,537.428667997,0.000560917195227,1.06620655915,0.0941352228759,-27427.3189886,BimodalDFE
145,145,528.392121963,0.0870096025276,0.27770291583,0.328298132758,-5045.84658764,BimodalDFE
146,146,524.126708053,0.000597153674943,31.7185732655,0.000305610133948,-27470.2167605,BimodalDFE
147,147,483.79077481,0.000478539778689,26.5684404346,0.0932910505876,-23066.3625456,BimodalDFE
148,148,487.354679586,0.0106510126976,216.652757082,0.000296602993693,-21982.0862775,BimodalDFE
149,149,533.20274727,0.000574901377439,1.08309528624,0.0992303272105,-27583.8546588,BimodalDFE
150,150,829.59206375,0.00371485013344,48.1004167381,0.912559314852,-7575.48431623,BimodalDFE
151,151,659.036640694,0.516736196964,616.976639402,0.0111630110556,-5637.72436933,BimodalDFE
152,152,539.845400764,0.000560827229658,1.0855959055,0.0985537713143,-27490.7105587,BimodalDFE
153,153,804.0,0.38189657947,1.11022302473e-10,0.142994597212,89575.9509998,BimodalDFE
154,154,478.430451466,0.0227627248313,23.191547009,0.0122906355556,-7027.70891987,BimodalDFE
155,155,759.400541517,0.0286772810328,0.804775078744,0.00362420438811,-4566.64522018,BimodalDFE
156,156,533.93815991,0.000574761029776,50.8832661371,0.00203265155652,-27465.32614,BimodalDFE
157,157,547.504656171,0.000545332272329,65.6315439552,0.00144905500407,-27422.2748894,BimodalDFE
158,158,525.807079823,0.000592908075852,42.5367392418,0.00235736001465,-27441.0493164,BimodalDFE
159,159,543.520137342,0.000556154372652,58.5673163581,0.00186081131587,-27527.5876431,BimodalDFE
160,160,1173.15132913,0.662453423716,132.752212453,0.0092950148509,-14516.9971647,BimodalDFE
161,161,536.884923713,0.000569647660734,52.4886550958,0.00181165127715,-27506.015471,BimodalDFE
162,162,544.754549474,0.000550631555157,60.7453457089,0.00168987025754,-27501.1494561,BimodalDFE
163,163,566.579610188,0.0384249803431,12.4188567636,0.846292765572,-5600.9826675,BimodalDFE
164,164,725.262154019,0.00812938236653,405.996194468,0.324015747552,-4752.02072857,BimodalDFE
165,165,601.576989482,0.000569545217458,329.112910837,0.0176613033876,-9136.0646386,BimodalDFE
166,166,524.242613254,0.000510540828843,140.031246218,0.00542238342637,-26597.0787302,BimodalDFE
167,167,532.01836558,0.000582428865287,31.2064934074,0.0683547778701,-27216.5972945,BimodalDFE
168,168,546.030365721,0.000545802118464,64.3702330249,0.00171771809306,-27577.7234685,BimodalDFE
169,169,548.364327499,0.000545233506425,55.8326886617,0.0020761482311,-27442.085103,BimodalDFE
170,170,539.35786744,0.000564162173359,49.5638573137,0.00225285782981,-27461.0561782,BimodalDFE
171,171,751.540582948,0.0682987084864,53.5202603466,0.560069623407,-3928.62917456,BimodalDFE
172,172,529.733398065,0.000586683078857,149.738980247,0.0006829849203,-27237.9518132,BimodalDFE
173,173,542.07012767,0.000557069826322,52.3848402044,0.00211746402172,-27530.6348174,BimodalDFE
174,174,540.931263257,0.000555805295236,122.986024492,0.000219905861953,-27410.0213937,BimodalDFE
175,175,589.560375757,0.0176010861161,124.688474254,0.923286244721,-6145.05287997,BimodalDFE
176,176,541.875604657,0.000558909903889,59.9569927367,0.0017529126968,-27428.620474,BimodalDFE
177,177,559.660550171,0.000258000723785,122.665775496,0.00638658327638,-23508.2262746,BimodalDFE
178,178,540.687204635,0.000561159033343,58.5965773048,0.00176602157042,-27457.8205986,BimodalDFE
179,179,728.717039047,0.0133676020397,564.283703961,0.00760925195967,-5581.78430076,BimodalDFE
180,180,535.837397684,0.000573071453501,161.122964771,0.0041188154843,-26595.9152649,BimodalDFE
181,181,536.633742504,0.000569937716773,47.6173201148,0.00224255867775,-27520.3599786,BimodalDFE
182,182,540.207716408,0.000562854011834,50.1658144504,0.00227796662822,-27446.5793077,BimodalDFE
183,183,506.488615932,0.000643433846262,132.683713386,0.00539252451288,-27131.0325456,BimodalDFE
184,184,540.038721366,0.00056062258913,60.6318753513,0.00161566037186,-27434.7688653,BimodalDFE
185,185,1019.70725625,0.00057592744737,637.865451222,0.00442341186851,-8164.78421764,BimodalDFE
186,186,502.661550835,0.000648603557688,25.2361749256,0.149200295957,-27448.1866904,BimodalDFE
187,187,531.303736871,0.0186911055298,147.126581919,0.999966102874,-6282.83904608,BimodalDFE
188,188,541.618236348,0.000556607945464,60.5151398416,0.00169925106432,-27416.2331865,BimodalDFE
189,189,715.466051254,0.0187441142791,0.956524488394,0.478223341026,-5285.58015478,BimodalDFE
190,190,468.811750101,0.000664720589784,20.8988830495,0.270546148711,-23895.3546736,BimodalDFE
191,191,342.613182771,0.00678126669802,102.253104285,0.0597028465616,-11205.043103,BimodalDFE
192,192,3299.35668089,0.20061526958,596.72672404,0.00583315211549,-4872.86326481,BimodalDFE
193,193,545.249178793,0.00977167724172,330.058448251,0.105634746087,-6429.77300484,BimodalDFE
194,194,795.451358039,0.00161851231127,140.860155602,0.624217907816,-7451.94112475,BimodalDFE
195,195,705.752291686,0.00958901499644,227.276165674,0.999057518262,-5517.9783759,BimodalDFE
196,196,533.099464061,0.000576035547815,1.0873835592,0.0929133152725,-27512.6774593,BimodalDFE
197,197,560.068194404,6.61178394708e-05,10.0505879028,0.999696754915,-16198.500828,BimodalDFE
198,198,544.096413992,0.000555858569362,59.8064165144,0.00168373022847,-27386.2697176,BimodalDFE
199,199,868.534559905,0.000180168172093,65.773934867,0.00236846778471,-24297.3151291,BimodalDFE
200,200,546.886261534,0.000549353386254,1.07323553622,0.103526615259,-27545.9172281,BimodalDFE
201,201,220.665456648,0.00275930840489,0.546137758128,0.45707154621,-20133.8295897,BimodalDFE
202,202,535.621340455,0.000570696814774,51.1627622432,0.00214641119152,-27505.9192233,BimodalDFE
203,203,541.938313938,0.000556741274759,57.944901064,0.00185917570277,-27447.1487616,BimodalDFE
204,204,607.209205507,0.00223576045357,334.43846176,0.00652596988637,-9784.9015701,BimodalDFE
205,205,5348.047518,0.000491144623101,870.980423545,0.000584177360424,-21758.7290281,BimodalDFE
206,206,527.026532535,0.000588497941753,47.5901611027,0.00209543574347,-27292.2210159,BimodalDFE
207,207,655.249322372,0.0316141920411,135.348421834,0.624023333023,-5133.26340221,BimodalDFE
208,208,705.344625763,0.0265458320833,236.871733014,0.871715635157,-5917.13187673,BimodalDFE
209,209,559.608037188,0.00811418332944,2.55250810011,0.0615972487132,-8221.09767352,BimodalDFE
210,210,905.031546021,4.70615578014e-05,33.1600085403,0.736434238084,-15929.173298,BimodalDFE
211,211,885.522962719,0.000521607687,388.144409669,0.000691564876151,-15968.5139074,BimodalDFE
212,212,469.53422525,0.000594280592983,140.390691831,0.0110730126242,-25635.6574657,BimodalDFE
213,213,540.793722756,0.00055934589017,55.5971772633,0.00200953177353,-27511.3807,BimodalDFE
214,214,436.452681696,0.0792697109514,14.9275874704,0.946203601208,-5871.25514618,BimodalDFE
215,215,218.675820689,0.000755456780319,1.0097596494,0.187771796803,-27433.9499216,BimodalDFE
216,216,311.29317331,0.00152821437539,12.706306707,0.0082154174904,-25866.1839961,BimodalDFE
217,217,539.298934902,0.000567363035343,49.9376536333,0.00219488818068,-27528.2303046,BimodalDFE
218,218,570.257384537,0.00275976210752,18.4854768716,0.486688335124,-11642.1254625,BimodalDFE
219,219,613.621926494,0.00148964658508,123.829629688,0.0207850743286,-12630.4514551,BimodalDFE
220,220,531.332549774,0.000578800077642,49.6236981842,0.00218298262759,-27552.7128933,BimodalDFE
221,221,762.559655122,0.0411702113173,139.805998162,0.0410002767575,-4312.04471779,BimodalDFE
222,222,673.560204158,0.00273534244851,551.182013473,0.0597306887404,-5622.44417239,BimodalDFE
223,223,668.113166709,0.0019838158644,202.81335195,0.28658193589,-7109.84322274,BimodalDFE
224,224,544.099875165,0.000555704439268,53.0642060229,0.00211793024742,-27542.0811009,BimodalDFE
225,225,539.374359895,0.000560909109045,51.8752532481,0.00209315859219,-27434.2415473,BimodalDFE
226,226,532.1638203,0.000583822350127,140.024118264,0.0176581591904,-26272.9741792,BimodalDFE
227,227,544.154755017,0.000552176982894,59.6986337042,0.00180854262899,-27495.0415743,BimodalDFE
228,228,530.288847514,0.000587060331039,36.324004246,0.00162001498779,-27536.7808738,BimodalDFE
229,229,537.029700667,0.000568240507364,48.7096200843,0.00229015318567,-27434.3106987,BimodalDFE
230,230,1005.96013438,0.0878788494942,968.956260563,0.01633068564,-2809.63142396,BimodalDFE
231,231,1069.43544319,0.000506970221614,0.288346324651,0.0101001622682,-4657.45199358,BimodalDFE
232,232,260.552878716,0.00923561162622,167.354477033,0.00532567310802,-13085.7628113,BimodalDFE
233,233,527.850156303,0.000581911495705,53.5378887002,0.00180832399581,-27436.8238021,BimodalDFE
234,234,196.328787679,0.0109469438329,142.776449735,0.0124652553386,-14262.2267273,BimodalDFE
235,235,543.681171107,0.000552452218233,56.2019415475,0.00203192777534,-27443.3251896,BimodalDFE
236,236,519.625408169,0.000602075641613,0.92334849694,0.043069215294,-27406.7925448,BimodalDFE
237,237,601.657184119,0.00284684902426,0.174432868205,0.252860905359,-9737.7011002,BimodalDFE
238,238,9311.7382294,0.894421162106,351.19329956,0.00866295009769,-7247.84081276,BimodalDFE
239,239,925.918819006,0.000442326047109,16.9052164924,0.279013104754,-18294.8682604,BimodalDFE
240,240,1018.14245935,0.00252478507881,0.0423233263991,0.138897947551,-8755.62503416,BimodalDFE
241,241,596.769772073,0.000333880060085,144.472951044,0.000960313444798,-26032.5949635,BimodalDFE
242,242,544.897900666,0.000555071026237,56.5125544044,0.00185005467255,-27492.6334632,BimodalDFE
243,243,576.648331613,0.00132273477513,115.825615134,0.138503982046,-10609.0809296,BimodalDFE
244,244,554.804413351,0.00947302454455,416.286197567,0.00431686157568,-10749.6565785,BimodalDFE
245,245,538.766571347,0.000565054024742,54.9237885649,0.00195953493378,-27445.1495089,BimodalDFE
246,246,212.567928799,0.0170970984738,0.112760997428,0.440447108211,-10496.817073,BimodalDFE
247,247,548.764314149,0.00054446318499,62.8289741789,0.0017379528197,-27536.7669806,BimodalDFE
248,248,2848.37223635,0.185094908074,543.647660935,0.00153188617348,-5873.67671894,BimodalDFE
249,249,772.321966666,0.0162407706393,0.00372509995072,0.374100050932,-4840.80962247,BimodalDFE
250,250,542.007483509,0.000556643213882,67.3045215401,0.00146345793249,-27493.351338,BimodalDFE
251,251,341.299223443,0.00197968327034,45.7634591556,0.0192131953997,-20944.7070327,BimodalDFE
252,252,528.255163373,0.00468130406397,16.2318027211,0.0537881390632,-10240.4936852,BimodalDFE
253,253,549.680380722,0.000549229130052,1.08080139244,0.099434634954,-27512.2707266,BimodalDFE
254,254,542.632289747,0.000555371023954,57.0603189973,0.00191588239408,-27461.7832924,BimodalDFE
255,255,434.61512769,0.00389276775505,5.95304364404,0.249985546459,-12839.8743508,BimodalDFE
256,256,536.674002715,0.000565078406559,57.9336519945,0.0018165228237,-27366.8698859,BimodalDFE
257,257,544.175797583,0.000556777084064,50.2306645127,0.00228344700342,-27470.2119272,BimodalDFE
258,258,5005.48330335,0.517087243166,500.817872493,0.000774682266535,-12497.9983952,BimodalDFE
259,259,526.221469125,0.000591924931564,40.3421095645,0.010006709455,-27408.9865089,BimodalDFE
260,260,540.846655177,0.000561400069291,55.5994842266,0.00186604333885,-27441.7385817,BimodalDFE
261,261,276.944935603,1.36197121214e-06,261.616499489,0.00156263329783,-23546.1790438,BimodalDFE
262,262,534.766707814,0.000570815922027,54.635994887,0.001846260085,-27510.2804474,BimodalDFE
263,263,540.158058921,0.000561418960998,53.6921437395,0.001917291444,-27397.3221443,BimodalDFE
264,264,544.590007161,0.000551290161786,59.8817299333,0.00183509612083,-27468.8952824,BimodalDFE
265,265,537.619723162,0.00056842087085,53.0456702463,0.00189564597042,-27488.0037953,BimodalDFE
266,266,240.187761675,0.0179060740844,0.0425541946125,0.818777776819,-11268.9007681,BimodalDFE
267,267,542.831192725,0.000553041349823,57.1813076865,0.00196851116798,-27413.9802381,BimodalDFE
268,268,529.630457313,0.00116353618159,301.39606791,0.00706997720647,-11698.9953904,BimodalDFE
269,269,540.445547047,0.000556323196292,1.07391939652,0.0958837150368,-27523.7199823,BimodalDFE
270,270,983.994498517,0.744824524684,0.136111323212,0.2,-2122.87468029,BimodalDFE
271,271,539.176641023,0.000564309173273,57.082395403,0.00182980735268,-27499.4356636,BimodalDFE
272,272,667.179988277,8.18443719153e-06,431.556245719,0.0444855469532,-9804.98762562,BimodalDFE
273,273,542.005097897,0.000561217224632,1.09081167482,0.102743067388,-27586.8231263,BimodalDFE
274,274,61.2660230032,0.0550971289982,0.0384658325747,0.025216835611,-16928.6897091,BimodalDFE
275,275,680.146316758,0.000251798215206,615.063596307,0.0732692148656,-15612.9551486,BimodalDFE
276,276,755.366717273,0.00106818213244,141.885189107,0.0306156686584,-11365.1596564,BimodalDFE
277,277,537.248687756,0.000570395959101,48.6538039864,0.00229678675519,-27498.7828972,BimodalDFE
278,278,305.726755575,8.26727822364e-05,304.716223344,0.00160397551991,-25672.4058304,BimodalDFE
279,279,551.394077721,0.0005378892828,57.3926349964,0.000201933200027,-27246.4895109,BimodalDFE
280,280,262.365086868,0.0559806103641,41.3547540495,0.580066125224,-8313.7373974,BimodalDFE
281,281,545.825070373,0.000550959752619,58.2603578674,0.00187230349811,-27475.2138728,BimodalDFE
282,282,538.453901786,0.000565352662864,59.832933695,0.001849913044,-27428.0535352,BimodalDFE
283,283,553.737307441,0.000643413221021,71.8465697395,0.776879626814,-11486.3102817,BimodalDFE
284,284,528.252332195,0.0571179407242,7.24976843131,0.482810897792,-5454.85605042,BimodalDFE
285,285,504.294661688,0.000643403447692,20.2707955637,0.175617317864,-27433.7327136,BimodalDFE
286,286,1125.68083271,0.000186361158202,199.181515969,0.0486237432872,-9829.97731258,BimodalDFE
287,287,541.660475708,0.000557696033765,60.5480372312,0.0017023320629,-27491.0251573,BimodalDFE
288,288,535.17337799,0.000570231757371,52.6734337157,0.00203645242654,-27393.7964205,BimodalDFE
289,289,360.155413792,0.00112664087662,0.83109822191,0.0613194491103,-24819.9755878,BimodalDFE
290,290,546.055383276,0.000544089057214,64.6982883484,0.00169380584635,-27408.3707614,BimodalDFE
291,291,669.624531956,0.0131860056682,19.9749497175,0.99431622119,-6295.12093326,BimodalDFE
292,292,528.548423549,0.000590430004082,44.0501955969,0.00211261802227,-27533.8723969,BimodalDFE
293,293,139.312216398,0.00483479020329,0.101556486887,0.0378789329688,-18238.5732799,BimodalDFE
294,294,538.94189255,0.00056093325455,105.11485708,0.00199260845862,-27455.4451306,BimodalDFE
295,295,535.783864949,0.000566106956638,59.6064854167,0.00167271214056,-27516.0238545,BimodalDFE
296,296,566.371650119,0.000403946270521,358.472819671,0.000569824360811,-25936.4072964,BimodalDFE
297,297,49.4068090898,0.850971957324,26.155877673,0.000359037533817,-16302.2116147,BimodalDFE
298,298,117.524925582,0.0338212983717,0.940908259361,0.755438297904,-15750.0703312,BimodalDFE
299,299,542.145663937,0.000554403694419,54.3546637544,0.00213167981876,-27422.8650411,BimodalDFE
300,300,546.801364012,0.000543335630248,41.9946548972,0.00112126930646,-27352.5031618,BimodalDFE
301,301,97.8283541123,0.0025231242162,1.00875327069,0.180221642848,-27124.4493814,BimodalDFE
302,302,531.959623299,0.00057773766124,55.0079126124,0.00173783667489,-27428.7790906,BimodalDFE
303,303,602.855240962,0.000469555788386,0.826142452837,0.029052910768,-27174.6532759,BimodalDFE
304,304,948.847398753,0.000204922664755,58.1032671686,0.00241130763149,-25865.7635764,BimodalDFE
305,305,542.226649744,0.000557633836096,1.08451453157,0.099472345309,-27459.8510806,BimodalDFE
306,306,543.038586086,0.000557515681697,1.08433122142,0.10566179504,-27496.0966534,BimodalDFE
307,307,541.498319821,0.000559050115549,54.6220088763,0.00199247608857,-27504.135954,BimodalDFE
308,308,546.641251197,0.000547650727536,65.414264223,0.00155038704509,-27416.0481258,BimodalDFE
309,309,980.258007158,0.109156920947,27.1364444093,0.986047896033,-2842.32366864,BimodalDFE
310,310,542.403602853,0.000562690353121,48.1915532076,0.00230010513137,-27487.6581622,BimodalDFE
311,311,524.875453885,0.000597831691628,61.305707825,0.00450736551019,-27471.1320672,BimodalDFE
312,312,538.288746521,0.000564766752135,48.929964792,0.00232031751765,-27474.0215042,BimodalDFE
313,313,549.263203329,0.000549063312891,51.2552163694,0.00218784089634,-27502.9197153,BimodalDFE
314,314,229.695902426,0.000771366503288,153.035447062,0.000559617014324,-23530.8178965,BimodalDFE
315,315,542.959760937,0.000558941801126,55.3687617452,0.00198220718929,-27522.4245196,BimodalDFE
316,316,629.145327944,0.0347441829955,0.115007893597,0.0302820144903,-4197.9007279,BimodalDFE
317,317,814.504380669,0.000459166778759,127.134019547,0.00180931304672,-20708.2677424,BimodalDFE
318,318,539.839299618,0.000563394448223,1.08860866604,0.0986856127685,-27411.787464,BimodalDFE
319,319,574.017877372,0.000519800068077,151.579790881,0.000496456434691,-27459.1081893,BimodalDFE
320,320,840.105288851,0.000349191481012,229.428320901,0.0231402024819,-11101.3780562,BimodalDFE
321,321,537.309657342,0.000564591978616,50.9909140198,0.00223792705922,-27460.530331,BimodalDFE
322,322,482.88374543,0.00270585270603,350.003266984,0.17141545229,-6759.22586179,BimodalDFE
323,323,539.864442531,0.000568810387476,62.4027424505,0.00188058188662,-27499.6071489,BimodalDFE
324,324,437.970810532,0.00104587890709,149.672985806,0.00936709066131,-17211.5982695,BimodalDFE
325,325,535.83237742,0.000568076400645,54.0052038076,0.00200216337977,-27456.0568047,BimodalDFE
326,326,543.621328975,0.000553945086803,60.6666174299,0.00181724276568,-27533.6214463,BimodalDFE
327,327,620.962690806,4.3835904926e-06,468.229882272,0.000273065738974,-19165.0477635,BimodalDFE
328,328,742.648241666,0.00624201873342,304.547104118,0.501388581935,-5330.02857982,BimodalDFE
329,329,515.509704465,0.00062226784452,23.0402293811,0.0637704790177,-27516.7958924,BimodalDFE
330,330,581.711045249,0.00925283943883,229.482692361,0.508610974336,-6139.37856809,BimodalDFE
331,331,758.028218307,0.18209637987,190.567655451,0.00629868183258,-3212.23262024,BimodalDFE
332,332,905.967205946,0.0154805311139,73.513021762,0.345452799707,-4696.73631836,BimodalDFE
333,333,544.513632362,0.000550281549813,61.6458324165,0.00178034777106,-27478.5811747,BimodalDFE
334,334,547.664386464,0.0023082992813,193.994616308,0.0016693472881,-12819.1318949,BimodalDFE
335,335,533.827825707,0.000571938124817,54.9547160497,0.00185518035447,-27450.5804471,BimodalDFE
336,336,540.185850945,0.000559014755687,63.480887894,0.00147540431603,-27558.1164208,BimodalDFE
337,337,547.602956706,0.00054668221772,1.07514575931,0.0977480547649,-27508.7551682,BimodalDFE
338,338,531.777593638,0.000565393340528,401.339749236,0.0710388643667,-21155.4605548,BimodalDFE
339,339,538.279312293,0.000567400171334,44.6270110259,0.00260025218601,-27450.1831701,BimodalDFE
340,340,582.872470044,0.000462874126826,44.9550783115,0.942783817124,-23019.014446,BimodalDFE
341,341,765.281794538,0.000107038981788,669.266145074,0.00332577249065,-9532.6184302,BimodalDFE
342,342,1405.28748219,0.447673723736,609.90673118,3.87409435421e-08,-7471.81458111,BimodalDFE
343,343,532.186086319,0.000574655479792,51.6327347142,0.00206565722702,-27462.5925189,BimodalDFE
344,344,225.488425685,0.00307881939219,205.529021567,0.0203858471258,-12190.8608478,BimodalDFE
345,345,577.127333368,0.000462028151565,56.9431034705,0.000523679864853,-26919.451042,BimodalDFE
346,346,671.994309443,0.000407597016893,66.0206390161,0.00524206987103,-26621.1277357,BimodalDFE
347,347,802.223117048,0.0303196301231,14.3594605221,0.0720425150945,-4439.98264742,BimodalDFE
348,348,388.772847262,0.000356548310693,56.107962203,0.782014670457,-13418.3039575,BimodalDFE
349,349,544.167689795,0.000554187081573,55.1515883349,0.00200743586994,-27557.8084588,BimodalDFE
350,350,548.69684274,0.000546753707996,1.08212567246,0.111908525993,-27429.7032708,BimodalDFE
351,351,533.726795316,0.000573609905906,55.3930014509,0.00190342584181,-27489.006653,BimodalDFE
352,352,532.931623748,0.00056998185018,1.08526265258,0.0952969543823,-27377.3747927,BimodalDFE
353,353,540.093075077,0.000563109788751,1.08751464478,0.101552732559,-27489.7736595,BimodalDFE
354,354,590.174703412,0.142545508413,0.154774210781,0.502764840308,-4157.33981383,BimodalDFE
355,355,652.38334861,0.127375140887,6.29671156299,0.967583086276,-3940.17492674,BimodalDFE
356,356,546.732731018,0.000550016922185,54.7652748807,0.00205633861221,-27448.8239843,BimodalDFE
357,357,542.625203197,0.00055899980175,53.9157568264,0.00193701667019,-27411.0223311,BimodalDFE
358,358,535.410705158,0.000570253038161,54.6729837299,0.00184540148999,-27472.2975035,BimodalDFE
359,359,473.804411412,0.0142429014512,19.8803307512,0.00570912042632,-7882.19775094,BimodalDFE
360,360,541.735582441,0.000551775239981,1.07101585439,0.0990629356978,-27452.0773347,BimodalDFE
361,361,542.437048239,0.000554453030123,1.07190214221,0.0945067178848,-27451.4208492,BimodalDFE
362,362,947.566793131,0.000468395326151,44.9921612107,0.00531406590217,-18255.5803594,BimodalDFE
363,363,734.877554427,7.4593946462e-06,1.58591944416,0.0680917770641,-14204.8333724,BimodalDFE
364,364,538.445199544,0.000556273173594,66.4021901871,0.0165882399802,-27048.4309858,BimodalDFE
365,365,534.616357479,0.000573578699862,49.7473583244,0.00219610360479,-27518.0990546,BimodalDFE
366,366,369.305149897,0.0126756537943,273.552785802,0.027617346163,-8584.97173502,BimodalDFE
367,367,539.864903165,0.000557814161691,1.07867480942,0.103010403862,-27424.6466054,BimodalDFE
368,368,534.436221728,0.000570885340322,52.4715558176,0.00195408599001,-27440.7153724,BimodalDFE
369,369,661.675546696,0.0157675906882,29.919163181,0.155848448654,-6090.86128377,BimodalDFE
370,370,205.401637935,0.000548086825694,17.6469287717,0.542341822617,-16482.4646628,BimodalDFE
371,371,1643.5591916,0.000460853047803,906.227887076,0.00719742678053,-6753.7996232,BimodalDFE
372,372,540.900437983,0.000560656180871,55.9665078063,0.00187886829769,-27549.2375712,BimodalDFE
373,373,542.456883075,0.000557137702051,1.08182745834,0.0962763892412,-27477.7999699,BimodalDFE
374,374,539.704615686,0.000567528645968,94.3775862293,0.00671915584934,-27380.2172297,BimodalDFE
375,375,549.070836089,0.000544077122692,1.06955118873,0.101318185594,-27439.5326298,BimodalDFE
376,376,501.600332461,0.00117244161653,387.513305356,0.115088105047,-5963.50726876,BimodalDFE
377,377,546.892398444,0.000548076611896,56.2463973905,0.00205399116363,-27460.7858405,BimodalDFE
378,378,541.485535269,0.000559400514355,1.07647464687,0.0915202001601,-27418.4468549,BimodalDFE
379,379,505.200544512,0.00284003395985,194.269324816,0.0113736814508,-11112.1268312,BimodalDFE
380,380,624.598816857,0.0161613087136,579.667242737,0.0209229687216,-5400.65951327,BimodalDFE
381,381,420.589798084,0.000794388342415,0.904748322816,0.0557973969842,-22928.9076654,BimodalDFE
382,382,543.83093193,0.000558519186125,34.8769027076,0.00162481409611,-27491.3719442,BimodalDFE
383,383,544.338903472,0.000550872860761,57.8108525936,0.00191031595579,-27493.7617902,BimodalDFE
384,384,604.471220491,0.00045240896131,116.105509264,0.000268442860629,-27211.1508408,BimodalDFE
385,385,408.207764375,1.98893929759e-06,204.377569163,0.759248110671,-11696.6140176,BimodalDFE
386,386,790.580557276,0.0222456189831,244.340686788,0.175557349222,-4723.99412296,BimodalDFE
387,387,428.859395676,0.0109400129017,0.00769753127905,0.52911114664,-7818.65726686,BimodalDFE
388,388,546.778131572,0.00055234762751,50.878435717,0.00224728285166,-27461.8593847,BimodalDFE
389,389,225.919565116,0.0109510339362,107.299517987,0.0934067095424,-11695.2977325,BimodalDFE
390,390,535.100535543,0.000574647328311,53.7218072497,0.00122509995717,-27488.2304449,BimodalDFE
391,391,541.94487426,0.000557172496146,0.00301292990557,0.00112656595635,-27227.6318171,BimodalDFE
392,392,541.662857237,0.000561440794189,54.4542669434,0.00194883720224,-27475.3522206,BimodalDFE
393,393,530.379076624,0.00245031547572,123.47499871,0.000418960298235,-13237.3064659,BimodalDFE
394,394,536.763501204,0.000567869375934,54.3275130332,0.00199091801178,-27408.5496945,BimodalDFE
395,395,516.280831402,0.000617901511321,19.7141746208,0.00356809339331,-27455.5312021,BimodalDFE
396,396,508.980809163,0.000624905887745,0.856129388993,0.044714447445,-27407.5905122,BimodalDFE
397,397,719.726830335,6.83914650573e-06,668.09404125,0.00174347685124,-13925.0662477,BimodalDFE
398,398,5010.80053869,0.0773988531577,382.995435182,0.884292068027,-4559.15609198,BimodalDFE
399,399,765.997239796,0.904050992905,0.932770681694,0.2,-2528.57258367,BimodalDFE
400,400,541.838263119,0.000555678821458,57.3600914012,0.00181574930686,-27484.1932519,BimodalDFE
401,401,513.460476183,0.000621419298523,18.6040846086,0.00257249798229,-27427.2736597,BimodalDFE
402,402,547.750999716,0.000546486798514,50.4245266132,0.00216884053982,-27426.1252076,BimodalDFE
403,403,895.982592651,0.89117489701,558.742635022,0.2,-2246.72899725,BimodalDFE
404,404,745.875703941,0.0288207306962,1.39414255873,0.0576075189123,-4781.88324677,BimodalDFE
405,405,540.649588051,0.000560176493857,48.6380813687,0.00223608112246,-27523.9259963,BimodalDFE
406,406,647.617565575,0.00604164655918,315.496055594,0.0188474273179,-7247.12024734,BimodalDFE
407,407,669.12160237,0.0103680577212,503.565074771,0.00105854505579,-6664.7387176,BimodalDFE
408,408,537.887955953,0.000564665640207,51.3461347963,0.00221716941294,-27538.5886336,BimodalDFE
409,409,549.104916692,0.000546377237329,62.4810001035,0.00166967673163,-27459.2512336,BimodalDFE
410,410,558.6433684,0.000541145035301,27.3599462428,0.163777817117,-25030.3403952,BimodalDFE
411,411,638.991029147,0.391422332222,0.796309795548,0.055241866151,-3279.12551741,BimodalDFE
412,412,512.139790872,0.000833889249262,375.885067584,4.99287729505e-07,-25058.2786663,BimodalDFE
413,413,274.210599137,0.0779502910562,0.591269317063,0.44602928365,-7494.95373311,BimodalDFE
414,414,551.020793952,0.000539979163193,64.1330808099,0.00172370443896,-27522.7152687,BimodalDFE
415,415,294.027159486,0.2,238.98560615,0.538449718091,-6458.68788245,BimodalDFE
416,416,542.550669442,0.000558017005892,59.1058893681,0.00179297545032,-27450.3291914,BimodalDFE
417,417,705.192257799,0.000322502311666,155.556192034,0.0160299635883,-15590.372851,BimodalDFE
418,418,536.688881516,0.000560466949191,55.0831739946,0.00202776186511,-27427.6445725,BimodalDFE
419,419,647.014820803,0.00195856938676,36.6297757493,0.0913245250115,-12065.1185849,BimodalDFE
420,420,496.326739727,0.000643231780958,93.4242818992,0.181138533184,-26876.8070647,BimodalDFE
421,421,539.149543682,0.000566151714548,1.08879599248,0.104484812526,-27489.4398796,BimodalDFE
422,422,2319.8491544,0.000993450894405,688.251101381,0.0221597836449,-4110.56125197,BimodalDFE
423,423,547.203660991,0.000547322169268,56.3011237013,0.00217307208654,-27562.8838573,BimodalDFE
424,424,260.897403294,0.00212228302132,0.80987694745,0.124554740083,-24571.3084947,BimodalDFE
425,425,517.188306389,0.000617838828863,28.7121391636,0.0666266040049,-27308.9801669,BimodalDFE
426,426,499.759218023,0.000646341192326,29.7692376112,0.0843128327483,-26997.9192168,BimodalDFE
427,427,459.882833141,0.000761481063988,20.2307355074,0.486221429617,-23550.674361,BimodalDFE
428,428,537.85829739,0.000563768534524,55.2282588242,0.00190202173961,-27531.9031693,BimodalDFE
429,429,310.960253442,0.00106319971275,0.47703443018,0.16326364246,-23423.8523132,BimodalDFE
430,430,543.902163651,0.000557393639832,53.6838219187,0.00206146346569,-27441.2082182,BimodalDFE
431,431,534.224517263,0.000572938711377,48.6087873564,0.00222156786954,-27491.2771421,BimodalDFE
432,432,1070.14384223,0.000142432893946,2.94451681121,0.0291018243859,-23056.9048726,BimodalDFE
433,433,707.585478492,0.00393702505412,317.644083015,0.0946319566382,-6358.23898534,BimodalDFE
434,434,543.265657681,0.000561821708535,46.4019656298,0.00264918193436,-27558.9467804,BimodalDFE
435,435,708.207442149,0.0010437237879,132.906507066,2.80253088697e-06,-15584.0775962,BimodalDFE
436,436,491.18047842,0.0627515470902,0.556647352379,0.81187152875,-5589.93433958,BimodalDFE
437,437,605.367086315,0.00184389652225,49.2118104376,0.00109123505506,-13506.9910635,BimodalDFE
438,438,3658.1719349,0.000131453004529,509.211873741,0.0404622538086,-5194.62262678,BimodalDFE
439,439,505.764033646,0.000628959055102,94.4933435763,0.252315661281,-27215.1858797,BimodalDFE
440,440,846.883501868,0.0281540204287,70.4022800967,0.223522467332,-4278.96035536,BimodalDFE
441,441,508.007248544,0.000621623799641,103.028026534,0.353496933394,-27204.4762438,BimodalDFE
442,442,852.318251556,0.156493169716,44.1268985558,0.403380391417,-2978.99248696,BimodalDFE
443,443,554.001201439,0.000536083311621,65.5207684429,0.00155578209076,-27449.9154854,BimodalDFE
444,444,255.298029342,0.0693938315029,15.3181264107,0.827424826496,-8156.71793231,BimodalDFE
445,445,540.306205213,0.00056140557238,54.8330758692,0.00200997931054,-27552.4249174,BimodalDFE
446,446,655.768441261,0.0084081084184,427.851587829,0.996486071412,-5535.94142639,BimodalDFE
447,447,546.346408218,0.00054983561828,58.0912055697,0.00190699085276,-27456.1552477,BimodalDFE
448,448,535.275090783,0.000571869768424,1.08860667919,0.0993856080055,-27451.1380926,BimodalDFE
449,449,792.45084004,0.0262522026502,7.65596555419,0.907508090166,-4635.82307535,BimodalDFE
450,450,535.657320167,0.000570282392049,70.1827394975,0.0194669997004,-27008.2186892,BimodalDFE
451,451,848.797589093,0.000493842864059,389.381879237,0.0105612316041,-9109.99032497,BimodalDFE
452,452,533.529668343,0.000576608927931,47.0948320782,0.00225360588079,-27414.6633296,BimodalDFE
453,453,514.484252671,0.000618801870438,83.9987572205,0.0300897441011,-27383.3581809,BimodalDFE
454,454,539.693569104,0.000562229396958,1.08250943648,0.0983111422037,-27428.3963307,BimodalDFE
455,455,572.360192186,0.0004330770974,120.357104216,0.000295313681155,-26460.3045618,BimodalDFE
456,456,541.397409597,0.000561128369075,51.8865221646,0.0019842493178,-27386.9921114,BimodalDFE
457,457,545.661648534,0.00855207679314,82.7276315939,0.557079978285,-7747.418372,BimodalDFE
458,458,540.652136006,0.000560776049361,54.963587692,0.00194435424455,-27514.6590988,BimodalDFE
459,459,544.27656384,0.000555616094243,54.845220942,0.0020465553222,-27417.4299293,BimodalDFE
460,460,538.456731894,0.000561064334958,1.08027531237,0.100835262569,-27527.5689125,BimodalDFE
461,461,528.404928987,0.000585476022593,45.0571587979,0.000537950531952,-27392.9323745,BimodalDFE
462,462,542.313426419,0.00055863094883,53.2888614538,0.00207579508841,-27504.010163,BimodalDFE
463,463,510.837526406,0.000633415721615,3.66739722008,0.00780251613824,-27409.9725439,BimodalDFE
464,464,536.853089049,0.00056850762314,48.1971096821,0.00237311853497,-27487.0365375,BimodalDFE
465,465,1026.53537262,9.94674756841e-05,0.883454322198,0.984317290777,-12301.4505453,BimodalDFE
466,466,685.090318467,0.00442694624813,461.546525703,0.00271467131554,-7989.4901467,BimodalDFE
467,467,713.614440802,0.0462370723899,12.4451967029,0.00148357622991,-4464.43643914,BimodalDFE
468,468,515.08036527,0.0926493627156,47.3945505183,0.9981413095,-5081.46583332,BimodalDFE
469,469,548.162905613,0.000544361868452,1.07623591311,0.10708489232,-27429.5500416,BimodalDFE
470,470,540.76099848,0.000563437585411,1.07896937612,0.0984857321984,-27551.818037,BimodalDFE
471,471,538.683711646,0.000568702314852,50.1149670332,0.00220392527173,-27430.0214508,BimodalDFE
472,472,272.630840913,0.000561013239906,1.01022364402,0.199835669706,-27411.5208764,BimodalDFE
473,473,542.738721514,0.000552486574077,58.607264985,0.0018900314275,-27523.6904128,BimodalDFE
474,474,541.018296141,0.000554509485794,58.3241072401,0.00189631234623,-27418.8275422,BimodalDFE
475,475,929.668843088,0.000749202663439,687.197004248,0.160254361337,-5054.6577016,BimodalDFE
476,476,541.011394158,0.000561515778865,54.3513369102,0.00189544980436,-27516.9886481,BimodalDFE
477,477,543.516607404,0.000557546543225,51.3284450468,0.0022573937319,-27569.8958428,BimodalDFE
478,478,1155.75355273,0.277167100894,665.252737794,1.0710090236e-05,-6398.40439197,BimodalDFE
479,479,391.117753866,0.00122048141361,35.2435445489,0.0192541137273,-25232.5200803,BimodalDFE
480,480,485.086016381,0.00271168655221,149.400106521,0.964459994643,-9198.49108031,BimodalDFE
481,481,546.877541426,0.000546765979818,60.5649937065,0.00178131631941,-27499.6381352,BimodalDFE
482,482,537.39774579,0.00056661862746,1.08252831021,0.094500131334,-27440.9190684,BimodalDFE
483,483,883.681757761,0.00280237408745,394.89041994,0.128297092218,-5436.80172692,BimodalDFE
484,484,545.289384314,0.000550848598282,57.3319022358,0.00107984268358,-27407.2412682,BimodalDFE
485,485,1088.43586055,0.000108181090895,287.34609462,0.124554532655,-19491.0265186,BimodalDFE
486,486,290.00983774,0.00178649288204,0.740471639449,0.0341542802176,-24702.6394639,BimodalDFE
487,487,535.525869461,0.000572491585163,1.0919397696,0.0992983452135,-27573.8796939,BimodalDFE
488,488,508.06905467,0.000643593353219,7.19940590682,0.175642565124,-27479.8464198,BimodalDFE
489,489,214.690761175,0.00607162165648,0.184113657153,0.479656831612,-12883.0422823,BimodalDFE
490,490,536.722218697,0.000564210782295,73.3763482303,0.177954251077,-27149.026556,BimodalDFE
491,491,571.94416594,0.000500956101333,64.1767768954,0.00065503095307,-27357.8513856,BimodalDFE
492,492,548.811521,0.000543075769504,62.963413448,0.0017031014909,-27446.2265241,BimodalDFE
493,493,542.101086667,0.000556823732509,57.6870571712,0.00186805270968,-27506.6587376,BimodalDFE
494,494,544.988812196,0.000544603880137,53.2389123605,0.00426180963712,-27349.0998851,BimodalDFE
495,495,543.354106418,0.000557207019747,49.2653227822,0.000171848634575,-27372.4093532,BimodalDFE
496,496,2279.98424289,0.2,919.980824141,0.921372806161,-2189.55833345,BimodalDFE
497,497,798.906312294,0.00112913310136,282.404858113,0.167169531632,-7313.98364622,BimodalDFE
498,498,542.66032438,0.000555136399981,1.07218151557,0.0963600221161,-27576.0298035,BimodalDFE
499,499,513.363957901,0.000624552537458,75.0815528643,0.0104740954955,-27406.5367785,BimodalDFE
500,500,907.213542169,0.0511847861108,673.452430503,0.991682664624,-2670.89576899,BimodalDFE
501,501,5630.83878995,2.38507267525e-06,446.521736725,0.000457836139611,-23534.0207105,BimodalDFE
502,502,535.615970911,0.00057063907947,50.8121835361,0.00207269095609,-27508.3504583,BimodalDFE
503,503,543.605587068,0.000553778299725,55.0243090561,0.00201564978896,-27486.3405098,BimodalDFE
504,504,477.228362159,0.00108429541462,0.0059369530403,0.570497601133,-7607.61417082,BimodalDFE
505,505,450.992839752,0.0026613333793,161.26091213,4.90323458323e-05,-14753.5316582,BimodalDFE
506,506,539.756804974,0.000561436770771,1.08373029478,0.0995527469567,-27396.6641079,BimodalDFE
507,507,724.723394081,0.000270191159893,151.221077086,0.0845785267281,-16346.9658761,BimodalDFE
508,508,546.130576714,0.000551303420533,54.2658704967,0.00218689904199,-27513.8778569,BimodalDFE
509,509,543.922574699,0.00055960153517,45.3243525741,0.000858611738251,-27452.2304661,BimodalDFE
510,510,373.265109224,0.00134562079158,80.5082688168,0.608314368891,-12612.9894543,BimodalDFE
511,511,1565.65270066,0.000714336452672,15.5975833849,0.018140035113,-14520.1723166,BimodalDFE
512,512,328.621793976,0.000384319134628,275.020088508,0.000830120149782,-26455.0797416,BimodalDFE
513,513,535.831776802,0.000572003798796,50.8979269293,0.00204942465686,-27511.815083,BimodalDFE
514,514,504.901720289,0.829206719332,0.0474556922092,0.000133608692082,-3605.50626997,BimodalDFE
515,515,897.284685918,0.038541761208,8.87760072876,0.848762398141,-3788.67066822,BimodalDFE
516,516,544.898274053,0.000549334623996,59.9966981402,0.00181788415342,-27444.8860607,BimodalDFE
517,517,1095.13876655,0.677710437991,669.864554512,0.00502248619883,-5171.03023901,BimodalDFE
518,518,164.447547367,0.0404397416623,0.287188316073,0.959647748192,-9595.91074699,BimodalDFE
519,519,533.098967017,0.000574551069176,51.5023145261,0.00203238283439,-27444.5209636,BimodalDFE
520,520,449.701655907,0.00260531141214,147.330606013,0.00130461298093,-14659.8531523,BimodalDFE
521,521,2858.57589169,0.102791541006,636.302660666,0.0606609693846,-4460.47281323,BimodalDFE
522,522,547.963549264,0.000543516056575,62.1551922536,0.00172860445612,-27444.7027178,BimodalDFE
523,523,543.03668904,0.000558281185685,54.0830721931,0.00198296603833,-27428.5833792,BimodalDFE
524,524,407.493562207,0.000897131436567,0.395981943013,0.11738171708,-17340.9229313,BimodalDFE
525,525,534.989958649,0.000572229292718,1.07865188903,0.084248433646,-27496.7022647,BimodalDFE
526,526,542.58620438,0.000560936186661,45.8296774427,0.00257145446028,-27560.8364844,BimodalDFE
527,527,136.860200368,0.00155788383213,1.00913617623,0.18852137859,-27269.811605,BimodalDFE
528,528,539.958620082,0.000562068076885,1.08565267926,0.102204321953,-27479.3058399,BimodalDFE
529,529,540.453557773,0.000563682438761,53.5098695818,0.00202918446244,-27451.9710605,BimodalDFE
530,530,240.847530869,0.0082863727931,0.590532210853,0.157677777117,-11779.1546497,BimodalDFE
531,531,543.695663749,0.000554425988595,1.07992327852,0.104420914219,-27495.6371346,BimodalDFE
532,532,539.609204165,0.000561933117863,51.7604399843,0.00200868326877,-27530.9029685,BimodalDFE
533,533,766.995097369,0.000191534313283,159.71556281,0.993826241069,-7234.63562883,BimodalDFE
534,534,545.258463465,0.00054978626436,1.07724374049,0.0996973280208,-27486.231308,BimodalDFE
535,535,950.824657955,0.00131664611788,48.1711733166,0.049234635116,-10429.0470517,BimodalDFE
536,536,519.285573919,0.000609452652353,17.1797219674,0.156567332313,-27081.3868906,BimodalDFE
537,537,621.056343814,0.000383557749722,397.306055042,0.00111885879519,-19587.4292111,BimodalDFE
538,538,568.479306502,0.0198678781983,38.9458001261,0.236362564759,-6426.97984855,BimodalDFE
539,539,557.291529583,0.000534787125758,74.0597961137,0.000215835041767,-27322.6056405,BimodalDFE
540,540,352.630062441,0.00453292068674,0.00773934516474,0.0379747662337,-7013.08254519,BimodalDFE
541,541,521.232829187,0.000608780430583,23.0690670837,0.0428381280268,-27451.6822904,BimodalDFE
542,542,824.10035306,0.0867157085171,0.65307671504,0.705118245345,-3371.76173757,BimodalDFE
543,543,544.419339935,0.000554546305231,53.8480239406,0.0021308273107,-27400.7538687,BimodalDFE
544,544,742.203404982,0.0290080012714,15.5302052593,0.579279004098,-4805.9289196,BimodalDFE
545,545,542.36092871,0.000559277066688,53.3753456305,0.00210010259127,-27477.4816163,BimodalDFE
546,546,538.151328117,0.000563984327489,51.3806539033,0.00203357259013,-27487.8647632,BimodalDFE
547,547,538.092015522,0.000562315798811,60.0100564443,0.00170986777212,-27525.2272401,BimodalDFE
548,548,549.949899643,0.000542699369609,60.5858483872,0.00187781924333,-27612.6483466,BimodalDFE
549,549,892.422110388,0.0167485732841,2.30346080299,0.306627010156,-4678.55178707,BimodalDFE
550,550,816.268932979,0.00940703841638,300.922149462,0.504915844432,-5005.35740108,BimodalDFE
551,551,553.460481196,0.000531532080131,68.8269361202,0.00158167991983,-27466.8602893,BimodalDFE
552,552,927.810547924,0.0188454220845,560.803399327,0.279600417901,-3537.03988867,BimodalDFE
553,553,543.560109954,0.00055391794913,59.9857597913,0.00175252284457,-27431.5245483,BimodalDFE
554,554,516.350118451,0.000619694980273,198.409266008,0.0113554121494,-27314.7044063,BimodalDFE
555,555,543.818732996,0.000556983908932,49.439411056,0.0023670200177,-27496.3154735,BimodalDFE
556,556,543.388030484,0.000555178285329,61.070680656,0.00164726532476,-27478.8776578,BimodalDFE
557,557,540.061220626,0.000560349878754,129.041037253,0.00321983151672,-26845.3665949,BimodalDFE
558,558,596.423323439,0.0986626696522,514.583804857,0.000582582602374,-23830.1061309,BimodalDFE
559,559,577.888810965,0.0330713146592,23.3153611363,0.00883653784636,-5704.82836342,BimodalDFE
560,560,962.369082059,0.00136347972013,854.116978363,0.00334669093727,-6853.24606474,BimodalDFE
561,561,714.749403154,0.0623207778845,0.290187587182,0.788116736159,-3928.90935176,BimodalDFE
562,562,487.011201261,0.000609562185633,133.467656392,0.00396552630703,-23857.9756316,BimodalDFE
563,563,538.924615213,0.000563402444291,53.4424710349,0.00204881513523,-27548.0011682,BimodalDFE
564,564,543.434305483,0.000554658360139,54.3967334672,0.00207419409904,-27473.1799778,BimodalDFE
565,565,94.4081239923,0.0166085872711,47.0178751196,0.000342782287041,-18683.0488888,BimodalDFE
566,566,550.382637514,0.00053759243959,69.694393316,0.00148403448557,-27465.7845699,BimodalDFE
567,567,495.000505887,0.2,1e-20,0.598098411258,89575.9509998,BimodalDFE
568,568,214.285165278,0.00754296522992,0.328384246184,0.630708662326,-10293.8212098,BimodalDFE
569,569,545.021645032,0.000551652368016,1.07582881104,0.101064209517,-27509.4553491,BimodalDFE
570,570,544.637703978,0.000557144127951,51.702532746,0.00203419347484,-27342.3146512,BimodalDFE
571,571,297.707975875,0.00129538596281,72.3910354619,0.0256925321679,-20165.2934839,BimodalDFE
572,572,474.927607983,0.000721585765012,15.6088482138,0.3535587414,-27293.3545049,BimodalDFE
573,573,271.95292084,0.0100972933392,136.107698208,0.0883924277824,-10154.0835792,BimodalDFE
574,574,546.644079116,0.000547962165601,55.4532562346,0.00198284077376,-27466.066705,BimodalDFE
575,575,552.290246503,0.000539253902991,1.07607623373,0.10683769792,-27498.5626083,BimodalDFE
576,576,552.76829067,0.000536168967723,1.07344554795,0.101270369953,-27453.9245462,BimodalDFE
577,577,544.262340937,0.000555671535505,54.0893536997,0.00197881370507,-27419.5256377,BimodalDFE
578,578,541.292893777,0.000557403393581,50.0157642436,0.00136396603132,-27394.8141802,BimodalDFE
579,579,537.337714982,0.000569632197896,52.2779575955,0.00195227017312,-27532.791617,BimodalDFE
580,580,542.269585997,0.000556168363027,55.5135339966,0.00192082103893,-27523.8623193,BimodalDFE
581,581,529.904331351,0.0136726527465,212.086466067,0.219931663016,-6541.97302716,BimodalDFE
582,582,542.703655926,0.00055446041403,52.2287501311,0.00233316818419,-27527.343962,BimodalDFE
583,583,936.992167102,0.975635652037,0.404518725794,0.2,-2140.39525724,BimodalDFE
584,584,766.922457954,0.148843911575,0.450649753014,0.966389263655,-3305.03786887,BimodalDFE
585,585,544.749691039,0.000550126896706,63.4471654116,0.00166252963054,-27408.0956236,BimodalDFE
586,586,676.320875506,0.00300620319711,98.10428831,0.191029996757,-12685.1505138,BimodalDFE
587,587,542.411994953,0.000556875617165,57.9907931375,0.00190664825708,-27484.4045777,BimodalDFE
588,588,535.174037514,0.000569503029843,52.5002075318,0.00205078867491,-27495.7952791,BimodalDFE
589,589,428.450150004,0.000516180340347,333.158112856,0.280940483549,-5802.06317899,BimodalDFE
590,590,544.08177097,0.00055453545699,58.8163504037,0.00184608565096,-27421.6087233,BimodalDFE
591,591,594.034213908,0.00565308686668,157.604780487,0.27032583322,-7945.71969182,BimodalDFE
592,592,515.289718131,0.0321835649118,220.440673948,0.960090332172,-5905.42356239,BimodalDFE
593,593,534.425488572,0.000568875823033,1.08386348979,0.102354299192,-27451.9158601,BimodalDFE
594,594,533.153950392,0.000576427526865,47.7800983282,0.00231040107221,-27439.313965,BimodalDFE
595,595,536.811911576,0.00056918058699,1.08500615753,0.0916255446054,-27452.2652137,BimodalDFE
596,596,469.349851098,0.000730809106963,0.837664170972,0.125799462384,-27323.3789796,BimodalDFE
597,597,761.902735944,0.0088458055053,330.262229669,0.800313941282,-4788.81508123,BimodalDFE
598,598,546.754682103,0.000545374288711,64.4937984435,0.00159633783702,-27471.7164693,BimodalDFE
599,599,456.387134225,0.000615331643966,52.1689491401,0.00171158223171,-26792.2943517,BimodalDFE
600,600,543.467872822,0.000554751183651,61.816085079,0.00168311830035,-27520.5544071,BimodalDFE
601,601,671.505105199,0.000516103104193,304.23025461,0.0306396515222,-8447.08748218,BimodalDFE
602,602,555.702070992,0.000620449258786,120.082040155,0.135839775761,-12123.3291426,BimodalDFE
603,603,552.063293417,0.000537938144846,58.6409356291,0.00192505312869,-27522.448195,BimodalDFE
604,604,596.264280197,0.00539392062042,265.158496817,0.0597015282595,-7199.99711923,BimodalDFE
605,605,536.035629733,0.000566676928144,57.4503138087,0.00174381669027,-27457.0487123,BimodalDFE
606,606,171.839645935,0.0333705182925,0.693981065114,0.115203013838,-11718.056547,BimodalDFE
607,607,547.505162718,0.000544091236867,60.5240494466,0.0019047059334,-27446.5306865,BimodalDFE
608,608,432.273883689,1.64025925459e-06,389.378661882,0.0505117382916,-7932.87135395,BimodalDFE
609,609,520.982823937,0.000605395252034,133.938325987,0.0475728424761,-27303.5924505,BimodalDFE
610,610,539.369457678,0.000562281045252,50.8155970101,0.00221263037577,-27456.6378733,BimodalDFE
611,611,544.263721049,0.000555280887834,59.143188835,0.00173817953038,-27543.9768318,BimodalDFE
612,612,258.63551718,0.000591117964778,1.01003409864,0.192017198049,-27470.184229,BimodalDFE
613,613,545.087884624,0.000548470309488,55.3621694855,0.00224258494984,-27517.5893834,BimodalDFE
614,614,555.255260196,0.000529786844908,61.9238304221,0.00186131869749,-27411.1839334,BimodalDFE
615,615,592.082899005,0.000494752445765,88.5769861618,3.77159842965e-05,-27131.2567909,BimodalDFE
616,616,726.096087951,0.00550191607168,1.29788876713,0.731238866021,-7649.24652411,BimodalDFE
617,617,534.090236999,0.000574906229717,50.7447734802,0.00202880740786,-27483.3816048,BimodalDFE
618,618,387.986312854,0.133705881535,153.71398761,0.987137730076,-5762.39382384,BimodalDFE
619,619,543.100009567,0.000556728636527,53.1641083439,0.00212913880616,-27482.3012397,BimodalDFE
620,620,536.330136673,0.00056315530969,56.5408204412,0.00185091822396,-27453.0204067,BimodalDFE
621,621,538.925199311,0.000564194938169,1.08478163974,0.102824661834,-27363.7624623,BimodalDFE
622,622,546.092227252,0.000551306023329,1.07744971783,0.0990660138991,-27484.4910454,BimodalDFE
623,623,535.390713495,0.000572502000066,49.3588570434,0.0021810152297,-27450.1929811,BimodalDFE
624,624,551.624587825,0.000539925148502,1.08025245821,0.110542242323,-27606.1597977,BimodalDFE
625,625,547.506039218,0.000550378273027,52.6217889165,0.00214388440045,-27487.5620013,BimodalDFE
626,626,551.3803066,0.000543163199712,53.9860979277,0.00213347142408,-27503.4867628,BimodalDFE
627,627,545.566417666,0.000550334930754,60.4690984968,0.00181216828841,-27470.8048786,BimodalDFE
628,628,152.014261442,0.0119665047281,77.9628947321,0.199153023112,-15902.7800388,BimodalDFE
629,629,548.681620041,0.000544667305804,53.1858381146,0.00236862304998,-27516.4602157,BimodalDFE
630,630,804.443806078,0.00622572005805,9.29339533917,0.394624203711,-6788.54534328,BimodalDFE
631,631,534.609101385,0.000574129069336,259.293617469,0.000879305493293,-27243.6875056,BimodalDFE
632,632,535.467345635,0.000567105897087,62.1062397169,0.00154296320163,-27434.125465,BimodalDFE
633,633,542.783047351,0.000553938870249,55.11609231,0.00210327398975,-27439.5472049,BimodalDFE
634,634,546.445808791,0.000547783857009,52.9372299317,0.00222219725309,-27473.3991497,BimodalDFE
635,635,635.101182763,0.00142330172442,10.8857450631,0.0020778570393,-14663.4986055,BimodalDFE
636,636,539.928538735,0.000564281332653,1.08597060661,0.102143972566,-27404.9927044,BimodalDFE
637,637,536.959839588,0.000572135143703,43.3465347874,0.00275027739095,-27422.0024329,BimodalDFE
638,638,359.044402874,0.0295618709074,0.255814976313,0.000368091382852,-6354.99590555,BimodalDFE
639,639,970.923094902,0.000796914405812,63.1382774224,0.776094640058,-18017.1435956,BimodalDFE
640,640,545.940353944,0.000548445785827,1.07686700568,0.0984736150394,-27501.6217315,BimodalDFE
641,641,537.763788681,0.000566359591122,49.251406486,0.00222545628191,-27405.9792698,BimodalDFE
642,642,543.405086528,0.000557069897682,50.5051036338,0.0022400237814,-27407.1271317,BimodalDFE
643,643,794.07318453,0.00111410020679,320.858935309,0.043369012264,-7413.19768024,BimodalDFE
644,644,538.218141835,0.000561978915025,61.0601419915,0.00164994953857,-27487.104054,BimodalDFE
645,645,531.864184571,0.000577599213578,1.08302023705,0.0925861683605,-27438.277542,BimodalDFE
646,646,548.737168421,0.000544083497209,1.07743520411,0.105069970219,-27506.5396243,BimodalDFE
647,647,535.204050663,0.00056903916521,55.2618350153,0.00178738198764,-27370.3182348,BimodalDFE
648,648,645.821583515,0.00027453107932,247.376277866,0.000657465925008,-27003.0068112,BimodalDFE
649,649,177.614192084,0.00579023646565,31.9522573419,0.000388242751579,-21571.881688,BimodalDFE
650,650,243.282871187,0.000929609821363,228.703256899,0.0114101438161,-18995.3204124,BimodalDFE
651,651,836.680952278,3.84413791055e-05,473.946705467,0.000637651629564,-27513.1457349,BimodalDFE
652,652,539.231006724,0.000563599778325,49.4307434509,0.00244141063155,-27446.1862971,BimodalDFE
653,653,645.86880392,0.000732726712653,60.878839372,0.862969561751,-11986.0356087,BimodalDFE
654,654,540.504317701,0.000562350054224,1.09193975673,0.100393096716,-27591.8053161,BimodalDFE
655,655,695.077378643,0.000239217170211,43.7589632192,0.0911953081944,-20572.316325,BimodalDFE
656,656,956.011843236,0.000291773733097,30.6194654553,0.957426910401,-16345.0231474,BimodalDFE
657,657,543.147002099,0.000554524023207,57.6528612957,0.00188918843473,-27435.1356877,BimodalDFE
658,658,541.117670049,0.000558016404993,64.394739518,0.00160040693893,-27450.8560709,BimodalDFE
659,659,550.985190899,0.000538104312406,65.6099896773,0.00163401691267,-27437.1425359,BimodalDFE
660,660,521.913900016,0.000609230393456,0.429147191172,0.0257488977378,-27369.9585389,BimodalDFE
661,661,372.298210389,0.0465534108633,351.73979021,0.000908013626124,-12890.3916043,BimodalDFE
662,662,536.854012333,0.000568036218034,51.3976859705,0.0022049327237,-27410.1317223,BimodalDFE
663,663,524.800014502,0.000602620402384,41.9185522235,0.0700608053813,-27477.9789056,BimodalDFE
664,664,673.348023508,8.13751576095e-05,24.8971515882,0.972941963656,-16424.0460151,BimodalDFE
665,665,164.264016224,0.0052517469426,1.90996265148,0.2,-21551.0626699,BimodalDFE
666,666,541.751983742,0.000564077214023,45.3669725116,0.00234487557681,-27436.1709634,BimodalDFE
667,667,549.544948495,0.000540155320675,63.5686556048,0.00175667219716,-27467.017064,BimodalDFE
668,668,545.002082301,0.000555808665901,62.6025919323,0.00164014388691,-27600.7945031,BimodalDFE
669,669,845.152004175,0.0172939056101,2.26202746217,0.425912220666,-4880.17910035,BimodalDFE
670,670,554.673501548,0.000532055116253,62.2935256348,0.00193222277294,-27560.7217087,BimodalDFE
671,671,557.158487412,0.000529633913275,69.2775185445,0.00150468364625,-27569.855157,BimodalDFE
672,672,508.537148287,0.000636172999739,50.4916164696,0.193083100484,-27343.6643703,BimodalDFE
673,673,599.929753365,0.0392080303115,3.3604210749,0.777641663012,-5331.38615136,BimodalDFE
674,674,747.450175577,0.0193237329586,311.29710665,0.56322112575,-4691.67355085,BimodalDFE
675,675,548.357615611,0.000549828564007,55.8335625273,0.001956636985,-27353.0323995,BimodalDFE
676,676,251.226439843,0.000631633725696,1.01007682224,0.19488289894,-27438.8251042,BimodalDFE
677,677,544.27462996,0.000553755186179,59.3839743674,0.0017874538904,-27492.4292,BimodalDFE
678,678,431.939239317,0.00115965533282,342.502764971,0.0281552307773,-10523.4176396,BimodalDFE
679,679,190.179057662,0.0456962404394,175.280868761,0.0313000196588,-9739.03528886,BimodalDFE
680,680,1453.7163868,0.700702545187,540.938883267,0.011790055,-7110.87252825,BimodalDFE
681,681,1123.06608297,0.000740517388133,310.777533414,0.0896446537447,-6597.7929779,BimodalDFE
682,682,4072.59007352,0.2,726.98374929,0.891363459148,-2640.49105676,BimodalDFE
683,683,322.201426364,0.00178080203742,7.37247273908,0.999506414095,-22967.3360568,BimodalDFE
684,684,825.420240492,0.00366879269229,288.652412486,0.116585330456,-7646.7496358,BimodalDFE
685,685,956.236589087,0.0267161128,123.640827357,0.00805871654851,-3895.63145745,BimodalDFE
686,686,531.902853243,0.000575458836499,49.3521371156,0.00217320739754,-27544.9001858,BimodalDFE
687,687,536.836710347,0.000563930770549,56.2595879684,0.00189875731638,-27528.8615618,BimodalDFE
688,688,527.930088429,0.000599198721354,0.314998437501,0.396638754495,-24871.1619268,BimodalDFE
689,689,730.924049272,9.86643566936e-07,68.9105905468,0.00527109533678,-15907.5181645,BimodalDFE
690,690,393.226159015,0.155184521223,339.028769688,0.0321527685453,-7907.93739663,BimodalDFE
691,691,798.997351622,0.666533433596,0.0998218033788,0.2,-2542.98772675,BimodalDFE
692,692,506.573697158,0.000342066524555,24.1987399562,0.041702088818,-22339.3372228,BimodalDFE
693,693,274.265249048,0.00862761557157,63.6314537444,0.347181244359,-11809.7064376,BimodalDFE
694,694,529.198130804,0.0135356093639,0.0542766172007,0.729405761563,-7303.02239003,BimodalDFE
695,695,513.043308401,0.000620547212764,55.0254445001,0.709488632867,-27321.1849509,BimodalDFE
696,696,538.231177802,0.000565299353196,50.9760125424,0.00207582463112,-27397.5731089,BimodalDFE
697,697,536.237635602,0.000567761746839,56.346800242,0.00191578161788,-27413.4057453,BimodalDFE
698,698,345.29184876,0.0511577752827,98.872070315,0.720343396408,-7085.90452659,BimodalDFE
699,699,536.185391837,0.000572791296763,1.09550832894,0.104105141445,-27565.0690571,BimodalDFE
700,700,509.395551357,0.00064316596323,97.2403414289,4.23222319332e-05,-27469.725125,BimodalDFE
701,701,545.717409716,0.00054955753518,1.07618631073,0.102196346309,-27464.8590349,BimodalDFE
702,702,541.517828027,0.000558765448584,55.6137391039,0.00195453196545,-27441.0119039,BimodalDFE
703,703,1816.01043677,0.994223357132,611.912502056,6.52321673284e-05,-5664.32439056,BimodalDFE
704,704,547.172158682,0.000547123378794,59.9845749541,0.00175636699465,-27412.9049876,BimodalDFE
705,705,542.168491283,0.00055453589561,54.1015967822,0.00200838669973,-27470.0296039,BimodalDFE
706,706,547.609282864,0.000549228755153,55.070450744,0.0021913335999,-27527.1148088,BimodalDFE
707,707,720.035410227,4.36936346092e-05,12.9366209975,0.161786372537,-16245.7295452,BimodalDFE
708,708,553.874377978,0.0317231932214,295.077013018,0.250747844739,-5424.02000673,BimodalDFE
709,709,718.48192179,3.71929107043e-05,139.308400041,0.128026395727,-19683.9288541,BimodalDFE
710,710,673.153303943,0.000526405815548,11.3471336217,0.499676884995,-22516.7943129,BimodalDFE
711,711,538.378748457,0.000567295710006,54.4673410237,0.00183212635688,-27550.3947684,BimodalDFE
712,712,994.803614354,0.0169162526703,625.74121288,0.00413953639425,-14774.5163169,BimodalDFE
713,713,535.92240611,0.00056612443555,54.4568319922,0.00199547245766,-27340.2449276,BimodalDFE
714,714,540.080118325,0.000560756634026,1.07847893899,0.0984185417269,-27471.1978784,BimodalDFE
715,715,958.327366205,0.000547449343278,372.198458169,0.178642717106,-6773.38823774,BimodalDFE
716,716,1558.23944978,0.000751514019089,160.626620024,0.999145923661,-15494.5990833,BimodalDFE
717,717,855.467756021,0.0101474601427,77.9039310112,0.185585095336,-5545.82526635,BimodalDFE
718,718,293.514071606,0.000764986415032,1.02740715008,0.744042481436,-21595.3180184,BimodalDFE
719,719,427.831834743,0.614112766426,0.656371115737,0.2,-4383.70913303,BimodalDFE
720,720,900.996079249,0.929303733833,295.021476946,0.194815601712,-2221.56896407,BimodalDFE
721,721,598.406701842,0.000143618495683,272.411733351,0.00194076821927,-24672.5750167,BimodalDFE
722,722,592.408567493,0.0220195699619,36.5689671282,0.219106929403,-6102.42181407,BimodalDFE
723,723,547.123213247,0.000546787638552,55.3957816794,0.00193075481998,-27391.399857,BimodalDFE
724,724,396.211160569,0.00237084605334,116.486662349,0.459450336188,-10293.7246986,BimodalDFE
725,725,548.491975468,0.000542248046751,1.07122878562,0.10307297602,-27393.3804383,BimodalDFE
726,726,733.740749544,0.403670458049,0.0231867512412,0.2,-2913.91468214,BimodalDFE
727,727,250.716113409,0.00260123240978,36.4744006384,0.0831489160843,-23206.3078905,BimodalDFE
728,728,541.037392059,0.000562722597686,52.6621914738,0.00199380261174,-27520.4155488,BimodalDFE
729,729,543.866585234,0.000555104870064,58.6634126596,0.00179657712694,-27501.7463273,BimodalDFE
730,730,543.067469422,0.000555906750078,56.9977551148,0.00181737168378,-27524.0936555,BimodalDFE
731,731,439.40469722,0.000335511722573,43.5929037925,0.320780974964,-16626.3844255,BimodalDFE
732,732,399.938606067,0.0127615940611,303.718949898,0.0223019075606,-7823.64300018,BimodalDFE
733,733,625.396966409,0.0120210181199,0.306251197346,0.289738712644,-6176.01996385,BimodalDFE
734,734,542.3851445,0.000552633264287,61.3585829793,0.00176188163503,-27434.1286955,BimodalDFE
735,735,535.971256369,0.000568488570004,50.5848734014,0.00213634851331,-27438.3082984,BimodalDFE
736,736,90.5377988234,0.030568098255,42.4476112933,0.00657870052132,-17717.6356106,BimodalDFE
737,737,695.025730557,0.00390807736985,322.08564905,0.0214890039584,-7428.7594144,BimodalDFE
738,738,1010.25044509,0.00160856557091,659.380617524,0.0493404062614,-6311.82587144,BimodalDFE
739,739,531.439796638,0.0137180917089,3.37070047468,0.797810165414,-7368.1782017,BimodalDFE
740,740,647.078965615,0.095847813457,0.736646730337,0.561281847815,-4115.67921432,BimodalDFE
741,741,590.99151068,0.965665248533,0.432931092975,0.0560622044346,-3069.09624421,BimodalDFE
742,742,547.802756556,0.000551591076804,56.2197981649,0.00194599332782,-27564.2222061,BimodalDFE
743,743,952.002252323,0.2,338.996956946,0.97177128618,-4943.88843957,BimodalDFE
744,744,1630.57641039,0.396967234816,148.030663592,0.00440543455075,-14250.8419646,BimodalDFE
745,745,679.314705379,0.00288046626084,56.2737613748,0.0505202693356,-9922.77202672,BimodalDFE
746,746,542.354178107,0.000555619983065,58.6985765049,0.00182388239098,-27462.3408674,BimodalDFE
747,747,533.431728928,0.000575870197326,1.09101685769,0.100058847567,-27491.1792329,BimodalDFE
748,748,538.858606891,0.000565008270673,1.08963031153,0.100207288777,-27524.9997502,BimodalDFE
749,749,533.110888128,0.000573713483747,48.5797741916,0.00221416260711,-27459.940548,BimodalDFE
750,750,541.889718463,0.000557039367062,1.08200337201,0.0959480546935,-27510.9035378,BimodalDFE
751,751,386.796192206,0.0322694831164,85.102248204,0.000425009163738,-14034.43785,BimodalDFE
752,752,538.15220947,0.000567795774809,53.1385813517,0.00202186730135,-27524.9742172,BimodalDFE
753,753,548.284112393,0.000546205982178,61.64622176,0.00176594064969,-27494.8668455,BimodalDFE
754,754,534.718546386,0.000565621652076,100.954308638,0.0187460022672,-27138.9568062,BimodalDFE
755,755,755.528604919,0.00159991464552,694.574445339,0.00675015525629,-6870.70202868,BimodalDFE
756,756,547.133417949,0.000549262643336,1.08283615863,0.111829519555,-27436.8979269,BimodalDFE
757,757,539.364148752,0.000565142375497,1.08387409514,0.0935267608204,-27514.4433417,BimodalDFE
758,758,638.003255402,0.000565657432566,0.00367700447867,0.13141095704,-16424.8292298,BimodalDFE
759,759,543.266362776,0.000552090319666,1.08139858734,0.100789596796,-27436.1624987,BimodalDFE
760,760,537.809146017,0.000562109286024,58.3521320714,0.00181279131985,-27465.9488915,BimodalDFE
761,761,694.927827757,0.000144896172512,0.112002264407,0.194729384573,-15195.7351872,BimodalDFE
762,762,546.061671692,0.000547125453118,68.1258259329,0.00111668083779,-27407.1651942,BimodalDFE
763,763,273.668718979,6.33091928677e-05,7.03497482096,0.438711460217,-14910.7111194,BimodalDFE
764,764,619.438033876,0.000335103734734,194.143309342,0.00183348927847,-25875.6966526,BimodalDFE
765,765,517.556431887,0.00060771575967,0.905393524542,0.0557867914886,-27448.4249372,BimodalDFE
766,766,768.431181786,0.000262454443937,158.121136556,6.90927925937e-05,-25207.5905717,BimodalDFE
767,767,544.057155782,0.000554352136575,56.1764124634,0.00194641459431,-27496.0027777,BimodalDFE
768,768,540.948121831,0.000562096209673,52.812295842,0.00205717872754,-27474.8635886,BimodalDFE
769,769,539.420035292,0.000563746204092,1.08088677619,0.0978146625483,-27474.220834,BimodalDFE
770,770,538.337603051,0.000567322804486,49.854502538,0.00217974809976,-27431.4057975,BimodalDFE
771,771,538.820374994,0.000562979350932,53.3432880399,0.00190811503085,-27447.1734604,BimodalDFE
772,772,539.056220576,0.000567419358567,48.2175396437,0.00225608264901,-27419.2334537,BimodalDFE
773,773,545.301399547,0.000549774651285,55.606936525,0.00209838462463,-27519.7596899,BimodalDFE
774,774,731.210331191,0.996528534907,726.88927697,0.0367484925724,-4422.50393266,BimodalDFE
775,775,544.76237798,0.000555932294638,62.7524839939,0.00167398981347,-27505.7475483,BimodalDFE
776,776,466.970494208,0.00062301210366,299.417177985,0.000105742516594,-27003.1800048,BimodalDFE
777,777,659.222509002,0.0414812407037,522.047787177,0.0376025203885,-4605.99113513,BimodalDFE
778,778,530.564012191,0.000451715804345,70.9124258609,0.0602374988991,-26768.7993487,BimodalDFE
779,779,535.330443689,0.00057218814328,39.7504696695,0.00233493639064,-27347.1824356,BimodalDFE
780,780,715.7854014,0.0003761038531,83.8055747824,0.00617075666423,-24935.6938254,BimodalDFE
781,781,541.59018135,0.000559516779222,1.07386218656,0.0931652382945,-27443.2943462,BimodalDFE
782,782,790.908210994,0.00460535072944,2.88146523053,0.00240770482103,-7576.5284506,BimodalDFE
783,783,1074.20113219,0.00307914504957,806.792778302,0.207403777888,-8977.56611196,BimodalDFE
784,784,275.745428581,0.000537081101748,1.01013393211,0.2,-27418.006536,BimodalDFE
785,785,542.730012083,0.000557733684529,54.72659356,0.00188502130222,-27541.1925806,BimodalDFE
786,786,552.558054118,0.000545278084639,102.975672199,0.0232294228325,-24997.8692009,BimodalDFE
787,787,543.814909761,0.000553011655655,54.8235952794,0.0020854546245,-27408.0691942,BimodalDFE
788,788,141.330610838,0.035614082532,133.834741738,0.00492720306504,-14016.6491747,BimodalDFE
789,789,550.352385236,0.000544313140748,57.253298399,0.00195091959464,-27497.2463987,BimodalDFE
790,790,537.700523752,0.000570346230487,95.5481545113,0.0354498564122,-27379.0568288,BimodalDFE
791,791,540.839478878,0.000556533283984,55.5128775436,0.00201709072694,-27484.1392538,BimodalDFE
792,792,197.12167284,0.00634780245786,132.248842748,0.00250587297548,-19058.9267407,BimodalDFE
793,793,540.151073669,0.000556634963514,1.077697598,0.0981338586564,-27555.2250701,BimodalDFE
794,794,549.603518627,0.000557684773319,144.530069953,0.000400097549715,-27434.4402431,BimodalDFE
795,795,502.369932227,0.000536765455493,313.651334009,0.000419539391487,-27286.8805331,BimodalDFE
796,796,541.996575034,0.000561809520971,60.7374770852,0.0100956991065,-27401.1693307,BimodalDFE
797,797,1072.09415171,0.840566785715,565.792839883,0.0365169273903,-5561.65017823,BimodalDFE
798,798,963.706752329,0.00271398377811,1.63242698192,0.67987403975,-7811.06552142,BimodalDFE
799,799,765.558508449,0.000542055657014,276.859627847,0.112929986379,-13839.2445758,BimodalDFE
800,800,540.011431225,0.000562644701226,55.2245032905,0.00193301996254,-27477.4316332,BimodalDFE
801,801,950.408701165,0.00323504372106,87.4199691437,0.106136054155,-7185.92769472,BimodalDFE
802,802,729.982627487,0.251908529776,0.447000650328,0.0109985624761,-3141.34096351,BimodalDFE
803,803,552.355907741,0.0005907784116,51.9810456927,0.00751577445168,-26365.6733374,BimodalDFE
804,804,547.96849409,0.000546453690948,52.0832797992,0.00223036432293,-27485.0384252,BimodalDFE
805,805,546.793821294,0.000546356031246,61.6061900965,0.00186808730902,-27475.4769019,BimodalDFE
806,806,173.40160727,0.0367948816996,163.594079286,0.00506605061425,-11936.955825,BimodalDFE
807,807,612.467781677,0.0341411152952,188.135830941,0.706996073823,-5220.97185063,BimodalDFE
808,808,721.121678796,0.00718007629858,491.914932717,0.139460247409,-4719.77589074,BimodalDFE
809,809,538.577840052,0.000565618337639,52.3531535866,0.00213515456169,-27454.8226192,BimodalDFE
810,810,478.342541668,0.000709134481704,29.5552718954,0.032239109566,-27427.1878516,BimodalDFE
811,811,550.254406595,0.000543625562882,64.6301480916,0.00163841235443,-27486.7112851,BimodalDFE
812,812,543.284624195,0.000552460053036,57.8424519821,0.00197765089549,-27432.5545364,BimodalDFE
813,813,549.631575351,0.000547445699333,55.1622206588,0.00219657196672,-27462.3318226,BimodalDFE
814,814,506.178774995,0.000645279325344,6.41933835865,0.0292446476026,-27520.1126782,BimodalDFE
815,815,538.805371887,0.000562685626511,53.6079567698,0.00199202966765,-27502.757563,BimodalDFE
816,816,541.910986397,0.000557989354892,1.08086220824,0.100584506082,-27512.2380354,BimodalDFE
817,817,548.01792545,0.000548010805593,58.1065747781,0.00190883691304,-27441.3910864,BimodalDFE
818,818,546.90354151,0.000544340501274,64.570797554,0.00169419931347,-27446.9120817,BimodalDFE
819,819,541.608880437,0.000557993000479,55.9589901442,0.00186402689899,-27438.1977351,BimodalDFE
820,820,556.199878219,0.00053556685268,61.267994792,0.00179450902874,-27494.618868,BimodalDFE
821,821,541.134545458,0.000561576881057,1.08249785186,0.0966624983438,-27476.817996,BimodalDFE
822,822,521.966942409,0.000597416544862,77.9991543133,0.15902392883,-27363.7658307,BimodalDFE
823,823,538.646132879,0.000562096268856,61.1359434523,0.00143321545729,-27554.2349424,BimodalDFE
824,824,538.947004144,0.000564687062134,51.5070338418,0.00213270610022,-27460.1916714,BimodalDFE
825,825,828.011909654,0.00664742790352,31.3458791587,0.0493485556965,-6499.9837923,BimodalDFE
826,826,551.726581758,0.0378845574395,400.096805774,0.00696852896334,-5660.66826422,BimodalDFE
827,827,419.345515213,0.000727901888072,5.05826783287,4.12218060803e-05,-27299.6544258,BimodalDFE
828,828,728.902092054,0.0666990458622,584.585866101,0.000222923608947,-8903.95035546,BimodalDFE
829,829,539.509944179,0.000563222911702,51.8401499715,0.00214669074826,-27507.6935724,BimodalDFE
830,830,662.048883404,0.200470161689,645.641120444,0.0231161590597,-5326.495355,BimodalDFE
831,831,547.491848945,0.000551316698829,1.08464969695,0.101892127551,-27508.2696343,BimodalDFE
832,832,281.376072137,0.00184031450653,17.2499718201,0.979937223703,-24155.4370405,BimodalDFE
833,833,548.636364742,0.000542440898377,59.2582240272,0.00187669611816,-27449.3943785,BimodalDFE
834,834,513.684542313,0.000623628148666,29.2969427173,0.15708822512,-27438.9532705,BimodalDFE
835,835,540.55978233,0.000560645724653,48.3051219904,0.00160413068886,-27420.0335551,BimodalDFE
836,836,543.970564912,0.000552301329834,1.07719218279,0.100621580819,-27395.8945732,BimodalDFE
837,837,546.374930831,0.000548803349963,62.3753491883,0.00174981317546,-27467.8957791,BimodalDFE
838,838,538.015476298,0.000564851036007,54.9626742071,0.00185866358152,-27399.6105485,BimodalDFE
839,839,546.554982372,0.000544372261406,1.07377915814,0.10395833466,-27388.773826,BimodalDFE
840,840,577.072575683,0.00653803236205,353.497186187,0.471751559428,-6209.75285061,BimodalDFE
841,841,1092.79731389,0.00605567643528,298.103471231,0.0888699530024,-4916.30877211,BimodalDFE
842,842,1555.97177348,0.00248837289135,776.043560759,0.610007347577,-2576.95819006,BimodalDFE
843,843,570.039935326,0.000512242123146,20.4651631744,0.000285848899029,-27206.9600806,BimodalDFE
844,844,525.29257737,0.000600840717881,136.66877972,0.00441818138598,-27412.9266611,BimodalDFE
845,845,538.437122747,0.00056808196092,47.1961280472,0.00241884781326,-27512.8202661,BimodalDFE
846,846,911.870589836,0.000741606645292,547.535566124,0.00520984355131,-17593.9951977,BimodalDFE
847,847,524.667478594,0.000597886422307,73.1903762252,0.0145289893082,-27421.503993,BimodalDFE
848,848,537.001742008,0.000560857253731,54.004220132,0.00210857741166,-27459.6750637,BimodalDFE
849,849,112.740639409,0.0184262803158,50.6879370435,0.196471561016,-17103.1969635,BimodalDFE
850,850,3773.32880675,0.260529977845,560.627412082,0.000526479982551,-23029.6670126,BimodalDFE
851,851,539.487794534,0.000565145118205,55.8776840432,0.00190539003723,-27457.1880586,BimodalDFE
852,852,451.682836131,0.00910845622013,175.620500659,8.27553358248e-05,-18680.6673538,BimodalDFE
853,853,548.344398473,0.000546095125845,60.8872965674,0.00173150161327,-27488.0715036,BimodalDFE
854,854,507.270707322,0.0454626004885,448.476216031,0.529679384156,-5728.05622394,BimodalDFE
855,855,557.027416035,0.000526501415855,69.0228943134,0.00165560546469,-27537.365305,BimodalDFE
856,856,650.993100358,0.0991106997488,307.514027806,0.548199462526,-4037.0952363,BimodalDFE
857,857,513.284835728,0.000629251621978,0.782518671083,0.0166859013371,-27219.1027697,BimodalDFE
858,858,536.647783739,0.000564282310424,1.07433493174,0.0959924211919,-27432.4161653,BimodalDFE
859,859,551.446604207,0.000541464170989,54.7571725633,0.00239806143402,-27529.3862258,BimodalDFE
860,860,536.638348804,0.000569159620604,53.6716346251,0.00194851697526,-27446.4569053,BimodalDFE
861,861,529.061806906,0.000560304491719,181.904155852,0.000153334415711,-27382.5609521,BimodalDFE
862,862,651.791338648,3.42591970372e-05,79.7410827753,0.98160874257,-10745.6032591,BimodalDFE
863,863,337.056749927,0.00865031454313,175.411356459,0.0248762771493,-10133.7493486,BimodalDFE
864,864,544.370461445,0.000549524514404,52.7509435597,0.00220745121114,-27538.3455447,BimodalDFE
865,865,397.496603768,0.0206929600395,321.735709846,0.00187486308841,-7958.79917827,BimodalDFE
866,866,552.650215303,0.000536485250494,64.6904732265,0.00161213778583,-27488.7668168,BimodalDFE
867,867,127.169445916,0.0185751250051,42.6183510573,0.123701964524,-16907.5011459,BimodalDFE
868,868,711.78171109,0.0120471051163,59.9358460195,0.590017897887,-6101.6125367,BimodalDFE
869,869,528.980911282,0.000588451174472,18.0003490611,0.00521744007859,-27380.8244126,BimodalDFE
870,870,451.041602564,0.000562134882173,37.7179316543,0.00114863238039,-24821.1353613,BimodalDFE
871,871,531.141697694,0.000580981800571,53.9228724049,0.00053675874041,-27373.1183254,BimodalDFE
872,872,538.514706367,0.000562878939814,1.07987368431,0.0970056664804,-27562.8627222,BimodalDFE
873,873,545.620495434,0.000552015404319,1.08416666444,0.105361191537,-27484.1856743,BimodalDFE
874,874,498.048133261,0.0290053253218,12.5896434913,0.378983280826,-6497.99089975,BimodalDFE
875,875,557.485971127,0.00053032251589,1.07105898961,0.105325570443,-27442.3662152,BimodalDFE
876,876,956.640871533,4.49689880365e-05,161.347013758,0.0691913753627,-15187.2939909,BimodalDFE
877,877,541.33637883,0.000560502120931,58.5546902935,0.00176190370095,-27452.5429611,BimodalDFE
878,878,989.652911544,0.00918408348289,23.4378217163,0.904809873074,-5024.93280595,BimodalDFE
879,879,564.410682664,0.012741318677,62.8464397807,0.6927827006,-7063.57645988,BimodalDFE
880,880,833.885759911,0.00074812363694,464.06886041,0.000655989460007,-13926.9903057,BimodalDFE
881,881,543.026505819,0.000555989348731,1.08259663462,0.10087666269,-27553.6270232,BimodalDFE
882,882,549.110479973,0.000544206888461,60.3271894045,0.00180583030663,-27489.112012,BimodalDFE
883,883,483.257609054,0.0122342464779,459.718549322,0.0170378937674,-6732.25099858,BimodalDFE
884,884,465.406497924,0.00609114517334,393.227077766,0.0721431401868,-6232.71780439,BimodalDFE
885,885,540.332069079,0.000559309959482,60.7809047288,0.00167508302334,-27428.3231672,BimodalDFE
886,886,507.796162276,0.000744860608458,3.54092947691,0.0107660252429,-27489.2750811,BimodalDFE
887,887,1678.12149128,0.000706448687765,609.247974757,0.0151154203505,-5616.21167538,BimodalDFE
888,888,7089.99795806,3.93435699242e-07,1087.62508081,0.000610522275141,-17629.455177,BimodalDFE
889,889,781.091327068,0.000962905094448,296.807987512,0.0335063286727,-8085.42231619,BimodalDFE
890,890,553.400681659,0.000539962548774,23.8424732939,0.444624691087,-23810.1969067,BimodalDFE
891,891,519.083208978,0.000609137402151,37.5725525311,0.00233322668305,-27521.147063,BimodalDFE
892,892,782.627779064,0.00189104977231,124.849960343,0.555130134776,-7747.8603993,BimodalDFE
893,893,546.681699103,0.000549864994494,64.5314183587,0.00158101036262,-27510.5884193,BimodalDFE
894,894,545.835126298,0.000556869808974,50.5522978362,0.00223758995488,-27454.2987026,BimodalDFE
895,895,539.663536875,0.000566558532108,37.0640110113,0.00202400267056,-27514.8000467,BimodalDFE
896,896,540.533455848,0.000562219772435,54.8275233397,0.00193346476762,-27458.8935038,BimodalDFE
897,897,289.71544202,0.00379324606043,0.338236385344,0.979319938798,-12253.8799811,BimodalDFE
898,898,549.642884702,0.000541580121901,1.0722910358,0.101415548624,-27434.6594097,BimodalDFE
899,899,456.615378755,0.0146329300435,205.080255854,0.000133213871868,-20158.3399915,BimodalDFE
900,900,549.925041079,0.000538533456085,69.0956620519,0.0014550972832,-27486.48557,BimodalDFE
901,901,550.048186115,0.000542765285629,53.3057158915,0.00210031124267,-27435.9088529,BimodalDFE
902,902,539.742840363,0.00055875601684,60.4530293102,0.00175233461744,-27394.8544428,BimodalDFE
903,903,537.93843323,0.000565759953336,1.08281465266,0.0918869941774,-27420.0935871,BimodalDFE
904,904,552.677536123,9.93264223033e-05,543.438108965,0.000428254701728,-27101.9509282,BimodalDFE
905,905,902.966452623,0.0202627543537,6.37346361232,0.00795460129679,-4411.37380019,BimodalDFE
906,906,538.019211792,0.000565498247943,1.07994399401,0.0980640819035,-27490.0871724,BimodalDFE
907,907,551.859628409,0.000538756181388,144.493148746,0.0115492051631,-27241.924871,BimodalDFE
908,908,543.735508836,0.000554599076429,51.9320834669,0.00219433013738,-27529.1228931,BimodalDFE
909,909,547.484500346,0.000542993461247,62.9728984861,0.00171294751055,-27382.3405974,BimodalDFE
910,910,602.668859149,0.0878164578589,0.0684432389653,0.960108239955,-4523.34270423,BimodalDFE
911,911,543.132166553,0.000553704069388,62.8524719413,0.00166055831529,-27628.278047,BimodalDFE
912,912,542.88696536,0.000557756762756,1.0831135891,0.102881873138,-27526.0773039,BimodalDFE
913,913,574.165494388,4.29116969925e-05,369.268942455,0.00123877410531,-25996.5355714,BimodalDFE
914,914,571.183296202,0.000510384495496,45.2993875417,0.0583913200678,-24961.034676,BimodalDFE
915,915,543.718245302,0.000551255164333,58.5003165072,0.00193497463939,-27471.18761,BimodalDFE
916,916,598.098262866,0.0348277334338,39.812296126,0.328763325373,-5490.03648517,BimodalDFE
917,917,524.95495894,0.00187218121865,485.296520598,0.0516758489703,-6388.32926654,BimodalDFE
918,918,545.647190309,0.000553491586881,1.0739040765,0.0889870687171,-27496.5219192,BimodalDFE
919,919,543.368589729,0.000552693126729,1.0806173279,0.0959911246649,-27442.5834474,BimodalDFE
920,920,914.014378622,0.00100835361946,22.4160307102,0.00337297561123,-12548.6003457,BimodalDFE
921,921,528.624592105,0.000527693460215,1.04932652423,0.0174735127954,-26944.0060496,BimodalDFE
922,922,424.386396189,0.0130073733105,356.560511398,0.00193240573294,-8480.3851253,BimodalDFE
923,923,537.712249558,0.000564136470136,1.08476160238,0.10258412012,-27478.2227664,BimodalDFE
924,924,462.234101118,0.00227879017902,311.607419359,0.0640069220414,-11458.4223678,BimodalDFE
925,925,525.342411955,0.000597560212504,0.00577476044761,0.0934085373959,-27392.2585433,BimodalDFE
926,926,547.55290201,0.000548216777086,58.8993451176,0.00194496739633,-27495.0800678,BimodalDFE
927,927,1050.11951569,1.46498528881e-05,746.568047327,0.006441144214,-12061.6841082,BimodalDFE
928,928,826.878044862,0.00238415138002,2.29520990552,0.00498385090166,-9307.81931609,BimodalDFE
929,929,546.219046754,0.000554342296695,55.5278238861,0.00199293532127,-27526.6786253,BimodalDFE
930,930,545.246193403,0.000554969304434,56.0271009742,0.0019882837971,-27473.1704893,BimodalDFE
931,931,309106.432273,0.435477743705,928.971855726,0.0913030624374,-2683.68637338,BimodalDFE
932,932,560.752168955,0.000282867798984,176.781259494,0.000328101409839,-25976.4184211,BimodalDFE
933,933,544.889792065,0.000554126242519,56.8970951209,0.00183347978644,-27442.8462001,BimodalDFE
934,934,529.663526715,0.000585084834262,25.0660213904,0.00109310597803,-27420.2418655,BimodalDFE
935,935,540.194088503,0.000553441254872,70.6290236689,0.00134120171321,-27485.8997339,BimodalDFE
936,936,534.669819344,0.000573223017435,1.08151888323,0.0943918574358,-27501.7610342,BimodalDFE
937,937,542.52751846,0.000555154802981,58.2326854364,0.001864378919,-27422.925477,BimodalDFE
938,938,538.090706926,0.000563781900429,58.9287911498,0.00179621334883,-27433.0160242,BimodalDFE
939,939,1074.2421206,0.000205535771733,850.995449096,0.901677696293,-5785.97132756,BimodalDFE
940,940,644.139213716,0.0235017189553,152.586732824,0.999806383663,-5616.30016627,BimodalDFE
941,941,519.638101765,0.000609347170132,31.6195947703,0.00216790704828,-27427.8898418,BimodalDFE
942,942,540.826914041,0.000560347095463,56.0705067373,0.00197420686365,-27389.5422637,BimodalDFE
943,943,517.077141629,0.0227959307531,19.5254635165,0.00104210546358,-6666.61630136,BimodalDFE
944,944,537.711189027,0.000569380723376,45.9399891539,0.00243579696265,-27449.5769895,BimodalDFE
945,945,544.051828915,0.000551873561511,55.684959792,0.00199898990249,-27453.4211894,BimodalDFE
946,946,505.179403165,0.000562404292772,71.6283291505,0.0689692776558,-26613.158265,BimodalDFE
947,947,621.431521214,0.000244901409654,579.735763905,0.0195493679503,-6376.21316731,BimodalDFE
948,948,345.892615324,0.00167940904771,227.111361062,0.0881649854883,-13316.2110747,BimodalDFE
949,949,544.72322599,0.000554717161514,56.5571588177,0.00193534300878,-27475.8465471,BimodalDFE
950,950,490.724162982,0.000713865679773,403.236371051,0.0522932779188,-16741.0031096,BimodalDFE
951,951,918.642929895,0.00318875313531,155.528410919,0.166186322372,-6789.43498499,BimodalDFE
952,952,57.9964799374,0.00187623812186,1.01179265949,0.298158747475,-27392.9242106,BimodalDFE
953,953,542.652415505,0.000551488035504,63.1384486394,0.00164012751786,-27461.6603402,BimodalDFE
954,954,549.308655228,0.000545402904064,70.2765307871,0.000996845764382,-27422.4529846,BimodalDFE
955,955,317.160326693,0.0014792236972,0.332250451374,0.0136606673302,-25644.8548303,BimodalDFE
956,956,163.743392492,0.00607867598881,108.92216412,0.000351861644494,-21330.2145718,BimodalDFE
957,957,1856.26976871,0.129260490076,812.150787932,0.0201077275857,-3945.57082597,BimodalDFE
958,958,198.057157097,0.639748218133,0.966362875388,0.189857367483,-6906.30307307,BimodalDFE
959,959,553.659724874,0.000535887745378,67.3674104249,0.00156936290628,-27466.6883808,BimodalDFE
960,960,541.226360509,0.000559819945203,58.5435892132,0.0017159531336,-27366.5000278,BimodalDFE
961,961,595.061853928,0.104049443384,553.78901308,0.967800002444,-4331.41618458,BimodalDFE
962,962,538.329491696,0.00056451901638,48.136547397,0.00247387558722,-27395.3998704,BimodalDFE
963,963,338.820411806,0.00132691019426,77.5656594531,0.000105931669852,-26353.7028937,BimodalDFE
964,964,550.327384562,0.000543732240934,57.4452354319,0.00266772484278,-27503.6283361,BimodalDFE
965,965,959.586284611,0.00363839655877,18.0685113544,0.629754890558,-7016.90584291,BimodalDFE
966,966,930.125329818,0.155221401704,589.89557348,0.0752023783302,-2785.86157487,BimodalDFE
967,967,544.604054844,0.000547502236335,65.092773147,0.00151648331514,-27407.5797011,BimodalDFE
968,968,544.120007099,0.000554772379548,53.0120183168,0.00210929515515,-27455.8779536,BimodalDFE
969,969,488.416957603,0.00176436994811,215.892269039,0.0857481325488,-12365.481777,BimodalDFE
970,970,547.358377695,0.000547676823762,58.6087126508,0.00196203795865,-27556.2271846,BimodalDFE
971,971,689.973363511,0.000314032589668,158.47542861,0.000946517045874,-27373.7054412,BimodalDFE
972,972,678.712990554,0.0387785897459,4.76044586434,0.909918084224,-4840.85267828,BimodalDFE
973,973,713.011108766,0.0103019064558,75.2538190263,0.00566087438453,-6431.46134328,BimodalDFE
974,974,543.340119007,0.000558116926874,1.07924782372,0.0972905536023,-27406.8630024,BimodalDFE
975,975,436.948677291,0.0546141634644,11.4871478818,0.436875060721,-6277.07861893,BimodalDFE
976,976,301.393721479,0.000123227828377,234.342918,0.00125055588586,-26885.3780801,BimodalDFE
977,977,546.51624907,0.000547469481983,58.9439538872,0.00195866851823,-27524.0317131,BimodalDFE
978,978,531.351072115,0.000578656381323,1.07661547694,0.0861372591703,-27397.8946065,BimodalDFE
979,979,537.981603637,0.176496448707,0.0152133731723,0.00924259739854,-4299.40223528,BimodalDFE
980,980,355.989140023,0.0310168132107,10.8438891595,0.112750715552,-7881.03231555,BimodalDFE
981,981,351.984452717,0.0409441054435,81.4609234451,0.127519559257,-7477.31987271,BimodalDFE
982,982,924.845626927,0.00230303171478,6.12493262525,0.18067561532,-14147.7468495,BimodalDFE
983,983,534.660125496,0.000550076975058,57.9777447139,0.00154558673117,-27367.0456958,BimodalDFE
984,984,416.282648293,0.00453631334483,0.24462365017,0.388220174791,-6464.64911192,BimodalDFE
985,985,519.393573835,0.00061043390884,23.9902779794,0.0380931814813,-27390.6235279,BimodalDFE
986,986,541.958642728,0.000556708484546,57.1769046296,0.00192367181919,-27476.065845,BimodalDFE
987,987,538.766600894,0.000566396348862,45.5565765541,0.0025740225772,-27471.6640437,BimodalDFE
988,988,545.956962467,0.000553051045521,52.4523039333,0.00213170630384,-27488.6216277,BimodalDFE
989,989,525.724590495,0.000592477796717,46.6173151513,0.00224103719247,-27474.8187851,BimodalDFE
990,990,976.248640721,0.156071866366,0.250902830623,0.295866790884,-2651.11170989,BimodalDFE
991,991,546.122414135,0.000552323818954,55.3331297064,0.00206115261993,-27480.6408715,BimodalDFE
992,992,584.506824738,0.000216770306157,297.509159248,0.00587290054804,-14215.1377416,BimodalDFE
993,993,34191.6130189,8.24180757397e-06,250.671963008,0.994989042717,-4596.8707428,BimodalDFE
994,994,514.967794027,0.000625792639507,10.6040503958,0.00655839720875,-27386.0445104,BimodalDFE
995,995,612.923417537,0.000306610902243,2.46114084718,0.780902314006,-23668.6702573,BimodalDFE
996,996,1283.00547765,0.0130620219066,519.100066562,0.000544235458755,-24080.6094703,BimodalDFE
997,997,1004.8359502,0.00919686563087,388.959269249,0.393430803882,-4225.68103309,BimodalDFE
998,998,323.519599604,0.145617679882,19.9883444441,0.0536478218249,-6433.84187237,BimodalDFE
999,999,538.002108774,0.000563477963046,52.9204268759,0.00214435568509,-27523.0736605,BimodalDFE
