,Unnamed: 0,rep,NeSa,pa,AIC,identifier,product
0,0,0,0.5220138358649999,1.3812188059999999e-05,-23084.311439200002,Exp.Nes10_dDFE.Exponential,1.4420306541778705e-07
1,1,1,48559.6486489,2.91519919315e-06,-23237.438344799997,Exp.Nes10_dDFE.Exponential,0.0028312209712184158
2,2,2,2.416613824505,4.2320202897599996e-08,-23273.8729137,Exp.Nes10_dDFE.Exponential,2.0454317475639343e-09
3,3,3,36519.916875250005,9.44164929573e-06,-23159.6198855,Exp.Nes10_dDFE.Exponential,0.006896164948906447
4,4,4,6.4621916032,3.4858227415699992e-09,-23233.2589252,Exp.Nes10_dDFE.Exponential,4.505210890163451e-10
5,5,5,49625.699084650005,7.096553067410001e-05,-23114.0882735,Exp.Nes10_dDFE.Exponential,0.07043428141230773
6,6,6,21.497298248,3.6267655545399995e-09,-23217.0914177,Exp.Nes10_dDFE.Exponential,1.5593132160303897e-09
7,7,7,43258.35860905,8.59301402256e-06,-23149.188034,Exp.Nes10_dDFE.Exponential,0.007434393642409915
8,8,8,21555.822506,2.08571437899e-07,-23215.764101900004,Exp.Nes10_dDFE.Exponential,8.991857790344091e-05
9,9,9,28059.4905927,0.000173195701891,-23178.696284999998,Exp.Nes10_dDFE.Exponential,0.09719566335813176
10,10,10,0.01115194693535,0.437881474278,-23226.860001900004,Exp.Nes10_dDFE.Exponential,9.766461930242165e-05
11,11,11,29378.0924665,3.1383229348600003e-08,-23198.3840431,Exp.Nes10_dDFE.Exponential,1.843958827401095e-05
12,12,12,0.0017797705864650002,27.386579078900002,-23192.729784,Exp.Nes10_dDFE.Exponential,0.0009748365581704792
13,13,13,14.859111879950001,3.07254222065e-10,-23203.070429900003,Exp.Nes10_dDFE.Exponential,9.131049722501674e-11
14,14,14,29.454185129000003,6.78812561716e-09,-23201.9045945,Exp.Nes10_dDFE.Exponential,3.99877417213476e-09
15,15,15,42070.8812686,4.39731717705e-06,-23149.7594069,Exp.Nes10_dDFE.Exponential,0.003699980177120917
16,16,16,809.7446917,1.1352030426799999e-10,-23143.3187134,Exp.Nes10_dDFE.Exponential,1.838449275623637e-09
17,17,17,0.51635925459,3.35622529768e-07,-23256.3702818,Exp.Nes10_dDFE.Exponential,3.466035985892291e-09
18,18,18,6.5855267159999995,8.378076010730002e-09,-23157.2636005,Exp.Nes10_dDFE.Exponential,1.1034808679468225e-09
19,19,19,13.731457995649999,2.69756439408e-09,-23182.8110499,Exp.Nes10_dDFE.Exponential,7.408298433574113e-10
20,20,20,31.7837389065,9.749645535350001e-09,-23142.2566879,Exp.Nes10_dDFE.Exponential,6.197603762529757e-09
21,21,21,2079.92015349,2.92277313463e-09,-23096.210786099997,Exp.Nes10_dDFE.Exponential,1.2158269493592155e-07
22,22,22,15.8496330678,3.5311198409699994e-09,-23176.8863725,Exp.Nes10_dDFE.Exponential,1.1193390759560557e-09
23,23,23,48419.96393195,4.53160314828e-06,-23218.4457113,Exp.Nes10_dDFE.Exponential,0.004388401219872573
24,24,24,47209.5987938,1.3582656111e-06,-23085.8792568,Exp.Nes10_dDFE.Exponential,0.0012824634911089315
25,25,25,10.075563619399999,1.83720816338e-08,-23144.6581286,Exp.Nes10_dDFE.Exponential,3.702181546443243e-09
26,26,26,10.5216596183,2.76030864832e-08,-23122.594241599996,Exp.Nes10_dDFE.Exponential,5.80860560781456e-09
27,27,27,2.3533975103099998,0.0,-23094.4866264,Exp.Nes10_dDFE.Exponential,0.0
28,28,28,0.004263470457235,8.8393574965,-23244.3493797,Exp.Nes10_dDFE.Exponential,0.0007537267909453297
29,29,29,49979.279718599995,1.81195214388e-06,-23046.8040774,Exp.Nes10_dDFE.Exponential,0.0018112012607139094
30,30,30,0.23757519067600003,1.10683895382e-06,-23134.3181579,Exp.Nes10_dDFE.Exponential,5.259149510028218e-09
31,31,31,47313.941408549996,3.6321340379800005e-07,-23168.5439188,Exp.Nes10_dDFE.Exponential,0.0003437011541219717
32,32,32,8.45456486085,3.812672400019999e-09,-23136.1927037,Exp.Nes10_dDFE.Exponential,6.446897219828344e-10
33,33,33,47589.872827700005,7.268950091839998e-05,-23131.788289300002,Exp.Nes10_dDFE.Exponential,0.06918568209231277
34,34,34,32.5508926342,1.52428070166e-09,-23179.793245599998,Exp.Nes10_dDFE.Exponential,9.92333949282354e-10
35,35,35,0.59440998832,1.22199899089e-05,-23277.8165528,Exp.Nes10_dDFE.Exponential,1.4527368118039535e-07
36,36,36,41645.7032288,6.5636308055299995e-06,-23162.9560845,Exp.Nes10_dDFE.Exponential,0.005466940412610237
37,37,37,47.21642592395,3.1598057503900003e-09,-23149.177632599996,Exp.Nes10_dDFE.Exponential,2.983894682947214e-09
38,38,38,92.604828748,0.0,-23164.7266619,Exp.Nes10_dDFE.Exponential,0.0
39,39,39,49532.446616249996,1.08787556741e-06,-23117.5264577,Exp.Nes10_dDFE.Exponential,0.00107770276935717
40,40,40,16.98336062215,2.80795942054e-08,-23256.6353184,Exp.Nes10_dDFE.Exponential,9.537717490278833e-09
41,41,41,11.38702091395,9.490858099430002e-08,-23034.210338900004,Exp.Nes10_dDFE.Exponential,2.1614519933908237e-08
42,42,42,0.004906040274035,170.19783592599998,-23187.214566799998,Exp.Nes10_dDFE.Exponential,0.016699948752131138
43,43,43,7.420272930649999,1.0547118733899999e-12,-23210.2780495,Exp.Nes10_dDFE.Exponential,1.5652499927501932e-13
44,44,44,29464.928104850005,6.83338496899e-07,-23174.958748700003,Exp.Nes10_dDFE.Exponential,0.000402690393648106
45,45,45,34929.2924091,2.9669880441399997e-06,-23209.5323415,Exp.Nes10_dDFE.Exponential,0.0020726958593613952
46,46,46,49846.401113,1.23887305969e-06,-23156.930490799998,Exp.Nes10_dDFE.Exponential,0.0012350672692279464
47,47,47,2.249512736955,7.43764438926e-07,-23224.97436,Exp.Nes10_dDFE.Exponential,3.346215157316452e-08
48,48,48,40499.89383265,7.02263913688e-07,-23200.7500118,Exp.Nes10_dDFE.Exponential,0.0005688322789373057
49,49,49,32706.600280149996,1.51911538904e-07,-23104.2389715,Exp.Nes10_dDFE.Exponential,9.937019961751168e-05
50,50,50,0.004208558673780001,3.0215466664200004,-23136.4128271,Exp.Nes10_dDFE.Exponential,0.0002543271286238588
51,51,51,43100.5465122,3.41765897249e-05,-23145.3757576,Exp.Nes10_dDFE.Exponential,0.029460593901328585
52,52,52,3.40057429735,1.6827483850799998e-08,-23130.136493,Exp.Nes10_dDFE.Exponential,1.1444621814420535e-09
53,53,53,49224.999561649995,1.9730501676899998e-06,-23268.487300999997,Exp.Nes10_dDFE.Exponential,0.001942467872793074
54,54,54,33.1452833848,0.0,-23104.267517900003,Exp.Nes10_dDFE.Exponential,0.0
55,55,55,39970.7275648,5.59949764334e-06,-23195.153939900003,Exp.Nes10_dDFE.Exponential,0.0044763198960336556
56,56,56,41.38884551094999,6.65578703263e-11,-23211.0585944,Exp.Nes10_dDFE.Exponential,5.5095068249461477e-11
57,57,57,0.47579968034099995,1.66533453694e-13,-23159.1439536,Exp.Nes10_dDFE.Exponential,1.5847312806737584e-15
58,58,58,9.1748489923,3.3779257169200006e-08,-23221.652385900004,Exp.Nes10_dDFE.Exponential,6.198391671989544e-09
59,59,59,31.170027306099996,8.45906678038e-09,-23223.679847,Exp.Nes10_dDFE.Exponential,5.27338685057136e-09
60,60,60,0.978787234955,3.3245572961199996e-07,-23145.5404683,Exp.Nes10_dDFE.Exponential,6.5080684866375314e-09
61,61,61,0.9794719754099999,2.4507179619e-07,-23142.167358500003,Exp.Nes10_dDFE.Exponential,4.800819126629924e-09
62,62,62,0.00756840632945,830.774282738,-23141.1592159,Exp.Nes10_dDFE.Exponential,0.12575274679637127
63,63,63,631.3206112400001,1.84396720115e-07,-23148.1367987,Exp.Nes10_dDFE.Exponential,2.32826900107306e-06
64,64,64,14.41789389135,0.0,-23164.3827806,Exp.Nes10_dDFE.Exponential,0.0
65,65,65,25.18372467155,5.551115123129999e-14,-23141.249352900002,Exp.Nes10_dDFE.Exponential,2.7959550976196656e-14
66,66,66,28581.089870949996,5.351979970310001e-08,-23111.8098249,Exp.Nes10_dDFE.Exponential,3.059308410379089e-05
67,67,67,0.61096417617,1.6710337002999998e-06,-23131.1407468,Exp.Nes10_dDFE.Exponential,2.041883456112192e-08
68,68,68,21.473937205749998,1.14008802399e-09,-23194.365976099998,Exp.Nes10_dDFE.Exponential,4.896435727237772e-10
69,69,69,12.829105807850002,8.711920074229999e-10,-23088.951204799996,Exp.Nes10_dDFE.Exponential,2.235322888436582e-10
70,70,70,6.5252885028500005,8.08895728177e-08,-23186.303086,Exp.Nes10_dDFE.Exponential,1.0556555990155714e-08
71,71,71,43994.404832650005,1.7124635987e-05,-23132.7504124,Exp.Nes10_dDFE.Exponential,0.0150677633644769
72,72,72,161.740143021,8.65859606236e-08,-23228.025456599997,Exp.Nes10_dDFE.Exponential,2.8008851309743475e-07
73,73,73,5.5712119712499995,3.3392677511999997e-08,-23219.0594841,Exp.Nes10_dDFE.Exponential,3.720753694138901e-09
74,74,74,27944.72194245,9.98790328222e-07,-23127.0464931,Exp.Nes10_dDFE.Exponential,0.0005582183600194433
75,75,75,36889.57155265,0.00101670293862,-23309.545076299997,Exp.Nes10_dDFE.Exponential,0.7501147160402403
76,76,76,0.39308141885900005,3.18949533451e-07,-23108.671787299998,Exp.Nes10_dDFE.Exponential,2.5074627030667034e-09
77,77,77,1.01694217842,3.84762266492e-06,-23255.7107692,Exp.Nes10_dDFE.Exponential,7.825619549203821e-08
78,78,78,16.36139789275,1.1297074387100002e-09,-23067.178496599998,Exp.Nes10_dDFE.Exponential,3.6967185814267594e-10
79,79,79,14.70813409225,3.60935725752e-08,-23116.5763181,Exp.Nes10_dDFE.Exponential,1.0617382106087974e-08
80,80,80,5.1354647196,1.38025146867e-08,-23179.4192493,Exp.Nes10_dDFE.Exponential,1.417646544306174e-09
81,81,81,14.5597707552,1.0783873793900002e-08,-23163.380322999998,Exp.Nes10_dDFE.Exponential,3.1402146058438582e-09
82,82,82,49319.6527557,3.95089505556e-06,-23194.0386657,Exp.Nes10_dDFE.Exponential,0.0038971354442886253
83,83,83,9.126205279,8.68494165474e-09,-23158.7925893,Exp.Nes10_dDFE.Exponential,1.5852112075459038e-09
84,84,84,45061.0773522,3.33417136122e-05,-23093.5843094,Exp.Nes10_dDFE.Exponential,0.030048270722684876
85,85,85,9.639580916799998,3.05627745334e-09,-23206.675969,Exp.Nes10_dDFE.Exponential,5.892246763132472e-10
86,86,86,5496.839307050001,7.58559881575e-10,-23183.4686373,Exp.Nes10_dDFE.Exponential,8.339363547585306e-08
87,87,87,42.6771246719,5.551115123129999e-14,-23146.2571314,Exp.Nes10_dDFE.Exponential,4.7381126435577704e-14
88,88,88,10.7255497011,3.54589135831e-08,-23184.7659528,Exp.Nes10_dDFE.Exponential,7.60632679965098e-09
89,89,89,31665.235194099998,0.000173829940109,-23102.0823777,Exp.Nes10_dDFE.Exponential,0.11008731874655603
90,90,90,12.2336204264,1.9863555245099997e-09,-23103.4064375,Exp.Nes10_dDFE.Exponential,4.860063903747604e-10
91,91,91,0.0007268094459600001,3.12437090319,-23143.8983213,Exp.Nes10_dDFE.Exponential,4.541644570242138e-05
92,92,92,49994.85200675,2.1574220188099996e-07,-23128.3681348,Exp.Nes10_dDFE.Exponential,0.0002157199890930195
93,93,93,6.534759056899999,8.886153479710002e-07,-23153.917337,Exp.Nes10_dDFE.Exponential,1.1613774386507675e-07
94,94,94,39.69814364535,1.1450285164499999e-09,-23174.3702917,Exp.Nes10_dDFE.Exponential,9.09110130481082e-10
95,95,95,0.0086889525075,111.86786738299999,-23049.861963099997,Exp.Nes10_dDFE.Exponential,0.019440291736123903
96,96,96,2.2399936074199998,4.48234394046e-07,-23119.809059,Exp.Nes10_dDFE.Exponential,2.0080843545776348e-08
97,97,97,10.49311945125,3.02385894102e-09,-23149.9036648,Exp.Nes10_dDFE.Exponential,6.345942614370637e-10
98,98,98,9.19408228925,5.511036071939999e-09,-23211.686534700002,Exp.Nes10_dDFE.Exponential,1.0133783828888287e-09
99,99,99,0.018316506031350002,3.4269938817399996,-23111.0959612,Exp.Nes10_dDFE.Exponential,0.0012554110820858053
