,rep,NeSa,pa,AIC,identifier
0,0,11.6798387735,4.88808721277e-09,-23943.4146756,Exp.Nes100_dDFE.Exponential_div10
1,1,820912.919558,1.18805164012e-06,-23808.2883251,Exp.Nes100_dDFE.Exponential_div10
2,2,637145.387789,3.77360681592e-09,-23781.5404867,Exp.Nes100_dDFE.Exponential_div10
3,3,0.0163480130544,0.110608326335,-23831.401605,Exp.Nes100_dDFE.Exponential_div10
4,4,0.0370538459915,0.0957384067776,-23913.9041451,Exp.Nes100_dDFE.Exponential_div10
5,5,966437.738449,4.42656694633e-09,-23876.1108021,Exp.Nes100_dDFE.Exponential_div10
6,6,977453.092381,7.83247411373e-10,-23889.3940579,Exp.Nes100_dDFE.Exponential_div10
7,7,305.414918464,1.14674936214e-12,-23916.0869921,Exp.Nes100_dDFE.Exponential_div10
8,8,138.720415965,2.48318032803e-12,-23847.4852529,Exp.Nes100_dDFE.Exponential_div10
9,9,914775.109832,2.91870126956e-08,-23912.1186713,Exp.Nes100_dDFE.Exponential_div10
10,10,91.780244303,1.18614007505e-11,-23863.0877208,Exp.Nes100_dDFE.Exponential_div10
11,11,67.9268960722,8.88961126932e-12,-23907.9383669,Exp.Nes100_dDFE.Exponential_div10
12,12,141.722812079,2.99471003551e-11,-23910.786394,Exp.Nes100_dDFE.Exponential_div10
13,13,179.760928703,4.60109728095e-12,-23897.5245781,Exp.Nes100_dDFE.Exponential_div10
14,14,603578.083931,4.48713843859e-11,-23869.1485752,Exp.Nes100_dDFE.Exponential_div10
15,15,70.8240741552,1.45697898191e-11,-23850.0788969,Exp.Nes100_dDFE.Exponential_div10
16,16,987808.219759,1.62654889557e-11,-23891.4433793,Exp.Nes100_dDFE.Exponential_div10
17,17,208.218146146,5.55111512313e-17,-23908.3176315,Exp.Nes100_dDFE.Exponential_div10
18,18,0.310286277894,0.00287899093269,-23884.9802482,Exp.Nes100_dDFE.Exponential_div10
19,19,678628.44364,9.56345661551e-08,-23981.0776419,Exp.Nes100_dDFE.Exponential_div10
20,20,787688.220023,1.05037871623e-07,-23852.617769,Exp.Nes100_dDFE.Exponential_div10
21,21,932912.123672,3.33754357484e-09,-23885.3145706,Exp.Nes100_dDFE.Exponential_div10
22,22,130.274446995,2.18227103055e-10,-23840.581355,Exp.Nes100_dDFE.Exponential_div10
23,23,291.511920794,0.0,-23868.3663019,Exp.Nes100_dDFE.Exponential_div10
24,24,310.795518284,2.35744757049e-12,-23893.3791892,Exp.Nes100_dDFE.Exponential_div10
25,25,891231.186324,9.83504220842e-08,-23883.3134984,Exp.Nes100_dDFE.Exponential_div10
26,26,384.569366951,2.42529885064e-11,-23796.0941693,Exp.Nes100_dDFE.Exponential_div10
27,27,864701.426935,4.92137763874e-09,-23870.7889756,Exp.Nes100_dDFE.Exponential_div10
28,28,408.703988225,0.0,-23901.7200177,Exp.Nes100_dDFE.Exponential_div10
29,29,363.690338294,9.41599020976e-11,-23900.6925501,Exp.Nes100_dDFE.Exponential_div10
30,30,930124.947663,3.11291738497e-08,-23900.7450794,Exp.Nes100_dDFE.Exponential_div10
31,31,357814.390416,7.68645258553e-10,-23859.0368753,Exp.Nes100_dDFE.Exponential_div10
32,32,5.48273452478,1.58296137309e-09,-23847.9500442,Exp.Nes100_dDFE.Exponential_div10
33,33,177.641509942,9.18887188561e-12,-23830.6464307,Exp.Nes100_dDFE.Exponential_div10
34,34,771329.115667,6.50854035888e-07,-23858.3784555,Exp.Nes100_dDFE.Exponential_div10
35,35,131.395788669,2.00643779369e-10,-23928.2333741,Exp.Nes100_dDFE.Exponential_div10
36,36,999686.765958,4.63362634373e-08,-23970.0401297,Exp.Nes100_dDFE.Exponential_div10
37,37,0.0194792656449,0.0388674929732,-23796.2018339,Exp.Nes100_dDFE.Exponential_div10
38,38,137.446420653,5.8859750407e-11,-23936.9579315,Exp.Nes100_dDFE.Exponential_div10
39,39,15.656710307,6.32134111722e-09,-23898.5017645,Exp.Nes100_dDFE.Exponential_div10
40,40,385951.355808,8.42118974553e-09,-23907.584422,Exp.Nes100_dDFE.Exponential_div10
41,41,920255.137705,3.38597805905e-08,-23913.9908282,Exp.Nes100_dDFE.Exponential_div10
42,42,45.4142987171,3.73195918613e-12,-23902.7577618,Exp.Nes100_dDFE.Exponential_div10
43,43,17.4544439495,4.90554818988e-11,-23863.6579931,Exp.Nes100_dDFE.Exponential_div10
44,44,87.4620115615,0.0,-23932.6358199,Exp.Nes100_dDFE.Exponential_div10
45,45,580482.449953,1.34524511514e-06,-23928.7333323,Exp.Nes100_dDFE.Exponential_div10
46,46,137.708454738,1.52248769147e-11,-23852.7571205,Exp.Nes100_dDFE.Exponential_div10
47,47,68.9777536962,1.66533453694e-16,-23849.9814794,Exp.Nes100_dDFE.Exponential_div10
48,48,701036.194139,7.45801503887e-09,-23886.164563,Exp.Nes100_dDFE.Exponential_div10
49,49,302.644521652,1.42025280425e-12,-23925.9282149,Exp.Nes100_dDFE.Exponential_div10
50,50,948973.028918,9.70481110196e-07,-23921.3619383,Exp.Nes100_dDFE.Exponential_div10
51,51,548463.36928,4.62198018747e-09,-23851.8170021,Exp.Nes100_dDFE.Exponential_div10
52,52,10.1358369019,2.56615084737e-09,-23803.1933723,Exp.Nes100_dDFE.Exponential_div10
53,53,516348.960937,1.6702750294e-12,-23931.6903632,Exp.Nes100_dDFE.Exponential_div10
54,54,731919.928645,2.48119474966e-09,-23921.9893765,Exp.Nes100_dDFE.Exponential_div10
55,55,735243.162647,1.83935744413e-09,-23905.4965923,Exp.Nes100_dDFE.Exponential_div10
56,56,899172.253889,2.9391830636e-09,-23917.7658191,Exp.Nes100_dDFE.Exponential_div10
57,57,382332.536196,6.26755702893e-10,-23844.484615,Exp.Nes100_dDFE.Exponential_div10
58,58,110.089101668,2.14508411034e-11,-23862.6262312,Exp.Nes100_dDFE.Exponential_div10
59,59,921805.205569,1.59523178556e-08,-23838.5695747,Exp.Nes100_dDFE.Exponential_div10
60,60,246.104796323,1.64540603365e-12,-23903.8518366,Exp.Nes100_dDFE.Exponential_div10
61,61,59.1718688505,1.33781874467e-14,-23982.6462825,Exp.Nes100_dDFE.Exponential_div10
62,62,688.234007833,4.05953048954e-13,-23901.6730033,Exp.Nes100_dDFE.Exponential_div10
63,63,731.408982599,1.90603088868e-12,-23916.7803472,Exp.Nes100_dDFE.Exponential_div10
64,64,132.832609423,1.34524280604e-10,-23781.1612563,Exp.Nes100_dDFE.Exponential_div10
65,65,260.432883351,3.18695070334e-12,-23920.3707067,Exp.Nes100_dDFE.Exponential_div10
66,66,693.495451969,2.15633066958e-12,-23839.9737834,Exp.Nes100_dDFE.Exponential_div10
67,67,721.801506574,0.0,-23864.2481386,Exp.Nes100_dDFE.Exponential_div10
68,68,46.3464053072,1.66533453694e-16,-23938.1492506,Exp.Nes100_dDFE.Exponential_div10
69,69,266.970865766,6.33343377743e-12,-23849.6541405,Exp.Nes100_dDFE.Exponential_div10
70,70,603.711006842,2.28331242802e-11,-23892.052347,Exp.Nes100_dDFE.Exponential_div10
71,71,824300.815196,5.16169351705e-09,-23889.2571214,Exp.Nes100_dDFE.Exponential_div10
72,72,346.308003014,1.14552811681e-12,-23804.0253667,Exp.Nes100_dDFE.Exponential_div10
73,73,52.3424155449,0.0,-23913.4471808,Exp.Nes100_dDFE.Exponential_div10
74,74,242.315867187,4.49295045613e-11,-23933.1343724,Exp.Nes100_dDFE.Exponential_div10
75,75,607847.684418,1.07560647e-07,-23890.1004562,Exp.Nes100_dDFE.Exponential_div10
76,76,567998.573886,6.40319491318e-08,-23885.742053,Exp.Nes100_dDFE.Exponential_div10
77,77,763.273306705,4.83224571468e-13,-23857.1707674,Exp.Nes100_dDFE.Exponential_div10
78,78,514.193975266,1.05615516333e-12,-23892.5683652,Exp.Nes100_dDFE.Exponential_div10
79,79,42.0656481627,3.55377560712e-10,-23841.5347886,Exp.Nes100_dDFE.Exponential_div10
80,80,777670.240765,7.07834513225e-10,-23980.5254742,Exp.Nes100_dDFE.Exponential_div10
81,81,8.22360209013,1.11022302463e-16,-23896.2819267,Exp.Nes100_dDFE.Exponential_div10
82,82,293.68223012,5.86258819268e-12,-23841.7060706,Exp.Nes100_dDFE.Exponential_div10
83,83,353.694586271,4.99145169641e-12,-23866.3007194,Exp.Nes100_dDFE.Exponential_div10
84,84,7742.80375492,3.12482262288e-11,-23849.6353966,Exp.Nes100_dDFE.Exponential_div10
85,85,164.260594351,7.61324336906e-12,-23877.7635027,Exp.Nes100_dDFE.Exponential_div10
86,86,591780.240667,2.07583950029e-12,-23901.2289899,Exp.Nes100_dDFE.Exponential_div10
87,87,96557.2960443,5.38979416653e-11,-23952.9013883,Exp.Nes100_dDFE.Exponential_div10
88,88,22791.1541826,3.84748899407e-11,-23966.9419424,Exp.Nes100_dDFE.Exponential_div10
89,89,964750.060545,2.27499313832e-09,-23888.2215217,Exp.Nes100_dDFE.Exponential_div10
90,90,999628.947283,2.35150848793e-08,-23907.3203852,Exp.Nes100_dDFE.Exponential_div10
91,91,226.198518177,1.2635004154e-11,-23927.1482835,Exp.Nes100_dDFE.Exponential_div10
92,92,993331.788772,3.62457056036e-08,-23882.8253482,Exp.Nes100_dDFE.Exponential_div10
93,93,322622.073886,3.53024798283e-09,-23914.6618161,Exp.Nes100_dDFE.Exponential_div10
94,94,0.000432440749876,0.753642090888,-23817.0944796,Exp.Nes100_dDFE.Exponential_div10
95,95,956632.565205,1.60498681012e-09,-23908.8884111,Exp.Nes100_dDFE.Exponential_div10
96,96,474.274650181,6.27886631577e-13,-23856.5894378,Exp.Nes100_dDFE.Exponential_div10
97,97,214736.370647,4.19370448923e-08,-23887.6898258,Exp.Nes100_dDFE.Exponential_div10
98,98,134.690608225,4.17471612835e-12,-23957.8658995,Exp.Nes100_dDFE.Exponential_div10
99,99,594.69628614,0.0,-23972.195984,Exp.Nes100_dDFE.Exponential_div10
