,rep,NeSa,pa,AIC,identifier
0,0,1199.29522441,8.30502333571e-12,-23031.646211,Exp.Nes10_dDFE.Exponential_div10
1,1,971527.91377,7.15706222065e-09,-23029.9264796,Exp.Nes10_dDFE.Exponential_div10
2,2,93.8755989996,2.61790589207e-12,-23045.9535768,Exp.Nes10_dDFE.Exponential_div10
3,3,1290.7028475,6.65967281321e-13,-23041.2935603,Exp.Nes10_dDFE.Exponential_div10
4,4,54.9386534259,3.34176747385e-09,-23037.3047577,Exp.Nes10_dDFE.Exponential_div10
5,5,491307.046385,2.2486488227e-09,-23056.759337,Exp.Nes10_dDFE.Exponential_div10
6,6,0.320654250208,0.0039520934996,-22951.2307306,Exp.Nes10_dDFE.Exponential_div10
7,7,204662.639448,8.98041285224e-08,-23038.2242398,Exp.Nes10_dDFE.Exponential_div10
8,8,1023.56189308,5.1714188487e-13,-23020.546099,Exp.Nes10_dDFE.Exponential_div10
9,9,732.143708848,5.55111512313e-17,-23049.717435,Exp.Nes10_dDFE.Exponential_div10
10,10,1085.73297517,1.25421895092e-12,-23061.7028349,Exp.Nes10_dDFE.Exponential_div10
11,11,4992.2019155,1.05585540311e-11,-22989.8490256,Exp.Nes10_dDFE.Exponential_div10
12,12,953725.538947,6.72247452149e-09,-23014.427596,Exp.Nes10_dDFE.Exponential_div10
13,13,944243.952191,3.28076454892e-10,-23050.0652718,Exp.Nes10_dDFE.Exponential_div10
14,14,707795.337532,3.64769775496e-09,-23096.8661682,Exp.Nes10_dDFE.Exponential_div10
15,15,151705.370041,4.60483640108e-09,-23008.1818181,Exp.Nes10_dDFE.Exponential_div10
16,16,344.127018821,4.35135633081e-09,-23079.2511853,Exp.Nes10_dDFE.Exponential_div10
17,17,0.0996404397324,0.000706607877583,-23108.1667315,Exp.Nes10_dDFE.Exponential_div10
18,18,22.5709441646,1.21916154949e-09,-23032.195507,Exp.Nes10_dDFE.Exponential_div10
19,19,999479.893344,2.70190064766e-09,-22960.0260144,Exp.Nes10_dDFE.Exponential_div10
20,20,447679.665444,3.2509356318e-10,-23006.9594842,Exp.Nes10_dDFE.Exponential_div10
21,21,262510.82119,9.65489910243e-11,-23062.017476,Exp.Nes10_dDFE.Exponential_div10
22,22,121.894239026,1.45262690765e-11,-23045.94549,Exp.Nes10_dDFE.Exponential_div10
23,23,290.374398749,1.58769108971e-11,-23031.9734384,Exp.Nes10_dDFE.Exponential_div10
24,24,212.394537864,3.42968986544e-11,-23079.9811862,Exp.Nes10_dDFE.Exponential_div10
25,25,983860.21984,4.1335894152e-09,-22982.2617324,Exp.Nes10_dDFE.Exponential_div10
26,26,898114.328452,1.48653622745e-09,-22961.5286237,Exp.Nes10_dDFE.Exponential_div10
27,27,43.1449936156,3.28967408869e-11,-22983.068034,Exp.Nes10_dDFE.Exponential_div10
28,28,344.023116648,1.61434754453e-11,-23045.591022,Exp.Nes10_dDFE.Exponential_div10
29,29,383.733027008,1.25961463482e-11,-23022.1155492,Exp.Nes10_dDFE.Exponential_div10
30,30,551.542222366,3.02085023662e-11,-23067.6285302,Exp.Nes10_dDFE.Exponential_div10
31,31,98.9547640207,1.52209911342e-11,-23083.8322236,Exp.Nes10_dDFE.Exponential_div10
32,32,494.717696157,7.72376607117e-12,-22988.6264602,Exp.Nes10_dDFE.Exponential_div10
33,33,3.17894159413,2.53476887202e-07,-23062.5069975,Exp.Nes10_dDFE.Exponential_div10
34,34,273.407911239,5.29846722053e-11,-23011.1913589,Exp.Nes10_dDFE.Exponential_div10
35,35,966342.840914,7.47647838084e-09,-22911.6577432,Exp.Nes10_dDFE.Exponential_div10
36,36,817.575957214,3.88578058619e-16,-22998.4210094,Exp.Nes10_dDFE.Exponential_div10
37,37,30.0752871536,5.43395639596e-09,-23051.3179205,Exp.Nes10_dDFE.Exponential_div10
38,38,386.46289508,1.50905399288e-11,-22948.0330341,Exp.Nes10_dDFE.Exponential_div10
39,39,148.68481524,1.10315645507e-11,-22968.7113743,Exp.Nes10_dDFE.Exponential_div10
40,40,489.905410312,9.65222346494e-12,-23047.5057312,Exp.Nes10_dDFE.Exponential_div10
41,41,135.777964996,2.23440044245e-10,-23055.1189466,Exp.Nes10_dDFE.Exponential_div10
42,42,310838.701985,2.17189377594e-10,-23088.0114487,Exp.Nes10_dDFE.Exponential_div10
43,43,215.628366336,1.60411683936e-11,-23064.1832251,Exp.Nes10_dDFE.Exponential_div10
44,44,346144.773501,8.52356563108e-09,-22996.6786786,Exp.Nes10_dDFE.Exponential_div10
45,45,32.3468677995,1.10061126879e-10,-22934.4752892,Exp.Nes10_dDFE.Exponential_div10
46,46,471.003913391,8.12355738233e-12,-22989.8106765,Exp.Nes10_dDFE.Exponential_div10
47,47,358.252363982,1.57895918562e-12,-22980.9181981,Exp.Nes10_dDFE.Exponential_div10
48,48,999985.042149,3.77440689814e-10,-23085.8469958,Exp.Nes10_dDFE.Exponential_div10
49,49,999639.773124,8.45960929086e-08,-22960.1948498,Exp.Nes10_dDFE.Exponential_div10
50,50,791.583800787,5.55111512313e-17,-23017.7021637,Exp.Nes10_dDFE.Exponential_div10
51,51,914.801692348,2.55351295664e-13,-23110.6633802,Exp.Nes10_dDFE.Exponential_div10
52,52,102.264609046,1.42069689346e-11,-23021.2919478,Exp.Nes10_dDFE.Exponential_div10
53,53,544.831344604,8.43564107456e-12,-22897.3896348,Exp.Nes10_dDFE.Exponential_div10
54,54,658264.924755,4.17093414251e-08,-22990.0730238,Exp.Nes10_dDFE.Exponential_div10
55,55,685189.903348,3.416616845e-08,-22949.2522417,Exp.Nes10_dDFE.Exponential_div10
56,56,914319.778269,1.52245094309e-09,-22966.9335649,Exp.Nes10_dDFE.Exponential_div10
57,57,658971.654841,5.17060672056e-09,-23022.6199494,Exp.Nes10_dDFE.Exponential_div10
58,58,351.412753218,9.07474095868e-12,-22949.6717704,Exp.Nes10_dDFE.Exponential_div10
59,59,214.266590409,3.68350905333e-11,-22998.3920087,Exp.Nes10_dDFE.Exponential_div10
60,60,283951.276138,4.0537806445e-10,-23036.848145,Exp.Nes10_dDFE.Exponential_div10
61,61,345.353387872,2.32702745961e-12,-23062.8461099,Exp.Nes10_dDFE.Exponential_div10
62,62,9.41050668435,7.0752903536e-11,-23071.2445477,Exp.Nes10_dDFE.Exponential_div10
63,63,996963.841739,1.94276426613e-08,-22980.7375408,Exp.Nes10_dDFE.Exponential_div10
64,64,550.582816208,5.10147479815e-14,-23014.5562755,Exp.Nes10_dDFE.Exponential_div10
65,65,956056.364591,4.39730651891e-09,-22989.388479,Exp.Nes10_dDFE.Exponential_div10
66,66,196.218694914,2.10169659454e-11,-23069.3301684,Exp.Nes10_dDFE.Exponential_div10
67,67,459.876013307,2.10331752015e-13,-23040.1514278,Exp.Nes10_dDFE.Exponential_div10
68,68,0.132107238204,0.0174936663755,-23052.0111718,Exp.Nes10_dDFE.Exponential_div10
69,69,318.596836666,0.0,-22956.8396765,Exp.Nes10_dDFE.Exponential_div10
70,70,273.08175579,3.53811424603e-12,-23029.6222172,Exp.Nes10_dDFE.Exponential_div10
71,71,117839.615448,1.8068357921e-10,-22973.0101925,Exp.Nes10_dDFE.Exponential_div10
72,72,999869.229975,1.61907726115e-09,-23139.9022907,Exp.Nes10_dDFE.Exponential_div10
73,73,292.655419928,4.20136148094e-12,-22871.789603,Exp.Nes10_dDFE.Exponential_div10
74,74,60.8194842879,4.81809703246e-10,-23027.6866502,Exp.Nes10_dDFE.Exponential_div10
75,75,444.227969309,5.93858295872e-13,-23033.2422647,Exp.Nes10_dDFE.Exponential_div10
76,76,366.988753172,3.58646445875e-12,-22969.5849345,Exp.Nes10_dDFE.Exponential_div10
77,77,636468.816557,1.82354256972e-07,-23010.5189416,Exp.Nes10_dDFE.Exponential_div10
78,78,604.29661634,1.62725388719e-12,-23017.1748261,Exp.Nes10_dDFE.Exponential_div10
79,79,554.335764668,8.69526672886e-13,-23058.9074774,Exp.Nes10_dDFE.Exponential_div10
80,80,999208.474881,6.66366757629e-06,-23040.0427638,Exp.Nes10_dDFE.Exponential_div10
81,81,961434.841805,1.47835953701e-07,-23006.5380219,Exp.Nes10_dDFE.Exponential_div10
82,82,0.000548890988217,0.129168514279,-23008.2711915,Exp.Nes10_dDFE.Exponential_div10
83,83,947979.615044,1.52061013781e-09,-23027.2467534,Exp.Nes10_dDFE.Exponential_div10
84,84,74.0532697004,4.99600361081e-16,-23015.0108859,Exp.Nes10_dDFE.Exponential_div10
85,85,38.1190802719,6.72960576154e-11,-22990.2828788,Exp.Nes10_dDFE.Exponential_div10
86,86,162.437760515,7.75779440687e-12,-23021.6599996,Exp.Nes10_dDFE.Exponential_div10
87,87,352.074934969,4.7653381241e-11,-22966.6924859,Exp.Nes10_dDFE.Exponential_div10
88,88,5.84308956347,5.69480120283e-08,-23138.0558149,Exp.Nes10_dDFE.Exponential_div10
89,89,32.9508249737,1.57239360421e-09,-23041.2821941,Exp.Nes10_dDFE.Exponential_div10
90,90,772764.417968,8.13673850519e-09,-22977.3563897,Exp.Nes10_dDFE.Exponential_div10
91,91,385.948980427,1.80040982123e-11,-23027.1075013,Exp.Nes10_dDFE.Exponential_div10
92,92,63.8958533429,7.44313111145e-10,-22987.0297842,Exp.Nes10_dDFE.Exponential_div10
93,93,331.260097542,4.19133616703e-11,-23014.348993,Exp.Nes10_dDFE.Exponential_div10
94,94,9893.21474803,6.5477123723e-11,-23000.4906116,Exp.Nes10_dDFE.Exponential_div10
95,95,890757.866281,4.60052329565e-10,-23071.7320886,Exp.Nes10_dDFE.Exponential_div10
96,96,85.7958954804,2.72539435464e-10,-23005.5469885,Exp.Nes10_dDFE.Exponential_div10
97,97,192.265850207,1.12650722084e-10,-23037.6513474,Exp.Nes10_dDFE.Exponential_div10
98,98,158.409570354,5.18696197105e-12,-23100.2590742,Exp.Nes10_dDFE.Exponential_div10
99,99,41.3023000304,3.96166988104e-11,-22986.2309839,Exp.Nes10_dDFE.Exponential_div10
