,rep,NeSa,pa,AIC,identifier
0,0,836.169049691,7.2250538885e-12,-23036.2140821,Nes10_dDFE.Exponential
1,1,12.835986777,0.0,-22957.5967448,Nes10_dDFE.Exponential
2,2,565.785971022,1.34053879108e-12,-23064.416271,Nes10_dDFE.Exponential
3,3,1468.97841595,8.00470800755e-14,-23037.5596198,Nes10_dDFE.Exponential
4,4,55861.1227514,2.09299244602e-12,-23068.2762367,Nes10_dDFE.Exponential
5,5,294.925064267,1.02876041019e-11,-23047.271691,Nes10_dDFE.Exponential
6,6,337.986642365,9.55735490749e-13,-23038.1224432,Nes10_dDFE.Exponential
7,7,657.407890137,4.71900296617e-13,-23080.9797684,Nes10_dDFE.Exponential
8,8,867.548904996,9.27424803621e-13,-23094.1283931,Nes10_dDFE.Exponential
9,9,775.058211093,1.09967590589e-12,-22990.4165994,Nes10_dDFE.Exponential
10,10,735.62005824,1.10356168648e-13,-23043.0812776,Nes10_dDFE.Exponential
11,11,38.4853406752,2.11614348267e-09,-23074.2815937,Nes10_dDFE.Exponential
12,12,59.2695179756,2.48921883106e-10,-22940.140791,Nes10_dDFE.Exponential
13,13,1.60477051381,3.3123376264e-10,-23043.0403256,Nes10_dDFE.Exponential
14,14,55.2784338102,2.92201263186e-11,-22971.0663651,Nes10_dDFE.Exponential
15,15,861.852363002,1.73699943318e-12,-23044.4304965,Nes10_dDFE.Exponential
16,16,848.25544278,1.15935039346e-12,-23108.7930878,Nes10_dDFE.Exponential
17,17,598.810491371,1.77496906062e-12,-23008.9058569,Nes10_dDFE.Exponential
18,18,2.5022527626,2.44025625595e-07,-23051.8895737,Nes10_dDFE.Exponential
19,19,15.5859819386,1.86847110006e-09,-23045.8040961,Nes10_dDFE.Exponential
20,20,666.093816812,2.24820162487e-12,-22880.3262244,Nes10_dDFE.Exponential
21,21,2845.18509017,9.57526835599e-11,-22967.4678976,Nes10_dDFE.Exponential
22,22,154.606079515,1.92733162763e-10,-23099.2876869,Nes10_dDFE.Exponential
23,23,968.963320786,5.18762810486e-12,-22949.2375918,Nes10_dDFE.Exponential
24,24,73.920619637,5.45359646331e-10,-23041.4540063,Nes10_dDFE.Exponential
25,25,196.532957262,4.50506298932e-12,-23104.0560599,Nes10_dDFE.Exponential
26,26,32.4224029322,1.24229143639e-09,-23075.379581,Nes10_dDFE.Exponential
27,27,893.783283465,4.23105994685e-13,-23052.8233535,Nes10_dDFE.Exponential
28,28,557.097882629,1.03966835141e-12,-23051.3379468,Nes10_dDFE.Exponential
29,29,682.478925103,6.69569955036e-12,-23063.0110854,Nes10_dDFE.Exponential
30,30,35.3356540543,3.61202900923e-10,-23022.8998011,Nes10_dDFE.Exponential
31,31,602.01565441,1.20498055978e-12,-22954.8379797,Nes10_dDFE.Exponential
32,32,370.799314234,1.83925097375e-12,-22971.4857767,Nes10_dDFE.Exponential
33,33,353.358253527,3.0364044612e-12,-22985.9315645,Nes10_dDFE.Exponential
34,34,93.1930538473,1.81739234772e-10,-23037.4140737,Nes10_dDFE.Exponential
35,35,760.228259685,7.98938692981e-12,-23011.8696342,Nes10_dDFE.Exponential
36,36,193.45572298,3.25479643237e-11,-23116.5893743,Nes10_dDFE.Exponential
37,37,21.6339597618,3.24615501146e-10,-23131.0298907,Nes10_dDFE.Exponential
38,38,1080.033419,8.78641603919e-12,-23036.5294614,Nes10_dDFE.Exponential
39,39,561.708157639,8.42992342598e-13,-23032.364331,Nes10_dDFE.Exponential
40,40,597.680347378,3.42781358853e-13,-23020.8862091,Nes10_dDFE.Exponential
41,41,285.053703191,8.29852853101e-12,-23125.2415968,Nes10_dDFE.Exponential
42,42,622.243770448,4.43867165245e-13,-23000.8040351,Nes10_dDFE.Exponential
43,43,1204.50679072,2.26701990513e-12,-22991.4981696,Nes10_dDFE.Exponential
44,44,757.358104642,6.37062624875e-12,-23093.9070594,Nes10_dDFE.Exponential
45,45,234.334369969,6.27842222656e-12,-23095.7804047,Nes10_dDFE.Exponential
46,46,739.365990281,3.39428485319e-12,-22993.3610763,Nes10_dDFE.Exponential
47,47,310.059516981,5.79314374249e-13,-23073.9335563,Nes10_dDFE.Exponential
48,48,813.943523344,6.54143406109e-12,-23006.408454,Nes10_dDFE.Exponential
49,49,85.2035801512,2.87939172505e-10,-23032.8988217,Nes10_dDFE.Exponential
50,50,745.687940357,1.48880907602e-13,-23034.5220359,Nes10_dDFE.Exponential
51,51,1081.38349184,1.56247237371e-12,-23030.8460987,Nes10_dDFE.Exponential
52,52,2241.17663603,2.82163181708e-13,-23061.489756,Nes10_dDFE.Exponential
53,53,85.2819488439,5.25270388296e-09,-23052.1688475,Nes10_dDFE.Exponential
54,54,110.595405284,5.53599388553e-11,-23055.1789698,Nes10_dDFE.Exponential
55,55,37.7840596861,1.36929190209e-09,-22972.9767819,Nes10_dDFE.Exponential
56,56,350.671747475,2.85843571035e-12,-23080.6645353,Nes10_dDFE.Exponential
57,57,72.2337379104,7.22768345174e-10,-23096.7398503,Nes10_dDFE.Exponential
58,58,3180.93797472,7.76897435273e-11,-22936.4013709,Nes10_dDFE.Exponential
59,59,578.765543282,9.29228916036e-12,-22979.7647543,Nes10_dDFE.Exponential
60,60,210.158689706,5.79247760868e-12,-23052.947692,Nes10_dDFE.Exponential
61,61,128.343730324,7.73758834782e-12,-23028.7817403,Nes10_dDFE.Exponential
62,62,660.738490441,4.4542147748e-13,-23039.0390135,Nes10_dDFE.Exponential
63,63,52.418442791,1.2320033882e-10,-23018.2441255,Nes10_dDFE.Exponential
64,64,780.919831127,5.81035219938e-13,-23007.2238071,Nes10_dDFE.Exponential
65,65,625.671746187,0.0,-23002.9586374,Nes10_dDFE.Exponential
66,66,748.471828153,0.0,-23024.9853384,Nes10_dDFE.Exponential
67,67,208.665570018,1.07458486553e-12,-23000.8045169,Nes10_dDFE.Exponential
68,68,749.299005274,3.88578058619e-16,-23000.8572028,Nes10_dDFE.Exponential
69,69,854.483022929,2.68574051887e-12,-22978.9536444,Nes10_dDFE.Exponential
70,70,1218.65273038,5.32562882682e-12,-23082.90209,Nes10_dDFE.Exponential
71,71,215.821726953,6.47992770553e-12,-23010.072592,Nes10_dDFE.Exponential
72,72,424.894897683,6.76441125336e-11,-23090.4697229,Nes10_dDFE.Exponential
73,73,866.415786452,1.94833038591e-12,-23075.8851064,Nes10_dDFE.Exponential
74,74,259.040209141,1.17544862732e-12,-23050.5690339,Nes10_dDFE.Exponential
75,75,60.1807221215,4.33209024209e-13,-22942.2494515,Nes10_dDFE.Exponential
76,76,36273.5780164,1.91587301579e-11,-23069.6771207,Nes10_dDFE.Exponential
77,77,193.514276291,8.29966650961e-11,-23091.2438089,Nes10_dDFE.Exponential
78,78,267.486573447,4.54343784817e-11,-22977.4267413,Nes10_dDFE.Exponential
79,79,278.929765381,4.86404250211e-11,-23005.6323421,Nes10_dDFE.Exponential
80,80,617.440840979,8.93451979067e-13,-23098.2946778,Nes10_dDFE.Exponential
81,81,654.657082574,1.10816911203e-12,-23007.9861091,Nes10_dDFE.Exponential
82,82,16.5273458602,1.71463787613e-10,-23054.9733356,Nes10_dDFE.Exponential
83,83,679.753478807,5.87030424271e-13,-22979.2880939,Nes10_dDFE.Exponential
84,84,494.248326986,3.84649534446e-11,-23044.3603068,Nes10_dDFE.Exponential
85,85,1212.47662528,5.65603119895e-13,-23014.4914643,Nes10_dDFE.Exponential
86,86,205.853140843,4.39670522212e-12,-23070.1413681,Nes10_dDFE.Exponential
87,87,675.205098587,8.35242985886e-12,-23023.6305964,Nes10_dDFE.Exponential
88,88,899.721131429,1.18488552303e-12,-22969.686239,Nes10_dDFE.Exponential
89,89,2837.30349862,2.03443373259e-11,-23034.7158787,Nes10_dDFE.Exponential
90,90,7.02930172841,8.9027277772e-09,-23058.3908391,Nes10_dDFE.Exponential
91,91,990.904604468,3.58779672638e-12,-23029.8018299,Nes10_dDFE.Exponential
92,92,395.564956462,2.9530822232e-12,-22994.6505443,Nes10_dDFE.Exponential
93,93,632.218918704,1.43196565716e-12,-23063.1942901,Nes10_dDFE.Exponential
94,94,3.74290676075,8.65239966896e-08,-23016.47982,Nes10_dDFE.Exponential
95,95,204.155507146,2.96074276207e-12,-23052.5993243,Nes10_dDFE.Exponential
96,96,790.400992431,9.6977981201e-13,-23033.4198405,Nes10_dDFE.Exponential
97,97,609.988891206,3.26572102693e-13,-23003.5181316,Nes10_dDFE.Exponential
98,98,4.7353290748,3.93204582783e-08,-23082.5676638,Nes10_dDFE.Exponential
99,99,614.045300543,4.57461846182e-12,-23000.3552383,Nes10_dDFE.Exponential
100,100,439.71499037,3.76809694558e-13,-23016.0561532,Nes10_dDFE.Exponential
101,101,94.0507451182,3.00949987153e-10,-22987.6888868,Nes10_dDFE.Exponential
102,102,14.6434026619,5.96001614728e-09,-23000.8804366,Nes10_dDFE.Exponential
103,103,894.817716311,3.76526587686e-12,-23026.1084484,Nes10_dDFE.Exponential
104,104,704.7894132,4.32526237049e-12,-22952.6409871,Nes10_dDFE.Exponential
105,105,1392.74160413,6.7895689071e-13,-22974.0982803,Nes10_dDFE.Exponential
106,106,638.206866452,1.95776728162e-12,-23025.4840837,Nes10_dDFE.Exponential
107,107,761.496115583,1.16129328376e-13,-22969.8445301,Nes10_dDFE.Exponential
108,108,1076.10895298,6.62492283254e-12,-22992.0853062,Nes10_dDFE.Exponential
109,109,923.40230609,9.53909173873e-12,-23085.0142177,Nes10_dDFE.Exponential
110,110,96.8532187326,0.0,-23058.7743094,Nes10_dDFE.Exponential
111,111,597.555790704,5.95729021668e-12,-22887.5462565,Nes10_dDFE.Exponential
112,112,585.749288087,1.1326772853e-11,-23054.1874321,Nes10_dDFE.Exponential
113,113,495.686810027,1.91269222682e-12,-23061.0816241,Nes10_dDFE.Exponential
114,114,32.385283274,1.2669287841e-10,-23051.4432922,Nes10_dDFE.Exponential
115,115,1019.95822697,6.2172489379e-13,-23017.9513549,Nes10_dDFE.Exponential
116,116,2.07447844291,2.83599345119e-08,-23127.5338285,Nes10_dDFE.Exponential
117,117,112.444131789,4.63668548001e-11,-23006.5200919,Nes10_dDFE.Exponential
118,118,570.062255789,5.3423931945e-13,-23078.4946445,Nes10_dDFE.Exponential
119,119,482.134444035,1.0390022176e-12,-22949.6922924,Nes10_dDFE.Exponential
120,120,40.6758249371,5.54919998841e-11,-23054.210603,Nes10_dDFE.Exponential
121,121,908.273724016,1.39427358548e-12,-23099.1527223,Nes10_dDFE.Exponential
122,122,1084.42772331,1.93683957761e-12,-23021.3245569,Nes10_dDFE.Exponential
123,123,161.563463129,4.69452254848e-12,-23014.2570644,Nes10_dDFE.Exponential
124,124,949.390437621,3.11861647617e-13,-23037.156256,Nes10_dDFE.Exponential
125,125,253.719761849,9.99199001317e-10,-23054.0107543,Nes10_dDFE.Exponential
126,126,1786.94132305,1.0960454766e-11,-23105.8138699,Nes10_dDFE.Exponential
127,127,215.87958202,8.99813556998e-12,-22998.6650214,Nes10_dDFE.Exponential
128,128,1.99638045922,1.13607706076e-07,-23016.876026,Nes10_dDFE.Exponential
129,129,1.93161793927,0.0,-22991.6157189,Nes10_dDFE.Exponential
130,130,620.47120369,1.3896939155e-11,-23059.0555694,Nes10_dDFE.Exponential
131,131,752.767882318,2.07250883122e-12,-23026.622096,Nes10_dDFE.Exponential
132,132,376.21731302,5.55111512313e-17,-23045.4646323,Nes10_dDFE.Exponential
133,133,19.4032395481,0.0,-23048.7391285,Nes10_dDFE.Exponential
134,134,765.481023242,7.59003970785e-13,-22989.5265578,Nes10_dDFE.Exponential
135,135,352.995777754,6.30226981713e-11,-23049.135041,Nes10_dDFE.Exponential
136,136,709.686383319,1.961208973e-13,-23008.7979036,Nes10_dDFE.Exponential
137,137,15.6688222824,0.0,-22908.6938293,Nes10_dDFE.Exponential
138,138,713.310588121,7.85094211864e-13,-22967.2142447,Nes10_dDFE.Exponential
139,139,51.0094296186,2.97173952113e-11,-23020.0212876,Nes10_dDFE.Exponential
140,140,482.820260632,5.55111512313e-17,-22944.4055501,Nes10_dDFE.Exponential
141,141,2.79987906648,2.20448192589e-07,-23101.3922164,Nes10_dDFE.Exponential
142,142,438.981946238,6.09789996275e-13,-23036.9272459,Nes10_dDFE.Exponential
143,143,172.476462162,5.96578342282e-12,-23015.2706116,Nes10_dDFE.Exponential
144,144,896.425360651,1.76691994369e-12,-22947.2486969,Nes10_dDFE.Exponential
145,145,676.541702543,2.30981900273e-13,-23042.0000934,Nes10_dDFE.Exponential
146,146,178.430843886,6.25444140923e-12,-23021.4297024,Nes10_dDFE.Exponential
147,147,228.664689859,8.05105981883e-12,-23018.3104478,Nes10_dDFE.Exponential
148,148,652.002101519,0.0,-22982.7242445,Nes10_dDFE.Exponential
149,149,902.954874635,1.31655797375e-12,-23009.4190936,Nes10_dDFE.Exponential
150,150,36.4373976776,8.02375665909e-10,-23018.6218733,Nes10_dDFE.Exponential
151,151,596.432080552,1.02027275517e-11,-23082.4283671,Nes10_dDFE.Exponential
152,152,230.865737102,1.00451869045e-11,-23025.6253177,Nes10_dDFE.Exponential
153,153,175.48492199,2.50122145218e-12,-23011.1849805,Nes10_dDFE.Exponential
154,154,87.8963959291,3.7308056644e-10,-23012.2521304,Nes10_dDFE.Exponential
155,155,703.087890535,3.84203779902e-12,-23058.8400053,Nes10_dDFE.Exponential
156,156,181.290277732,1.16573417586e-13,-23007.5573917,Nes10_dDFE.Exponential
157,157,752.67462825,3.36231043008e-13,-23040.2538916,Nes10_dDFE.Exponential
158,158,127.755624067,5.53651569035e-11,-22997.6548792,Nes10_dDFE.Exponential
159,159,541.933467902,3.76811915004e-11,-23056.8093496,Nes10_dDFE.Exponential
160,160,768.68543316,1.01468833336e-12,-23094.4243927,Nes10_dDFE.Exponential
161,161,133.54646608,1.1097395225e-10,-23001.2049261,Nes10_dDFE.Exponential
162,162,94.9316738196,1.0775774717e-10,-23006.5450217,Nes10_dDFE.Exponential
163,163,752.67428201,7.92088616919e-13,-22914.5905389,Nes10_dDFE.Exponential
164,164,487.71154073,1.19376730723e-11,-23030.4311464,Nes10_dDFE.Exponential
165,165,725.328158448,7.1031514004e-12,-23046.0479126,Nes10_dDFE.Exponential
166,166,624.231502858,2.99027469453e-12,-23051.5624665,Nes10_dDFE.Exponential
167,167,47.4182793888,5.01310659651e-11,-22981.6522796,Nes10_dDFE.Exponential
168,168,27.9440056154,8.34810554018e-11,-23039.8010037,Nes10_dDFE.Exponential
169,169,48.2848069032,1.32995392477e-10,-22969.7145739,Nes10_dDFE.Exponential
170,170,821.313958421,1.76386683037e-12,-23034.4105157,Nes10_dDFE.Exponential
171,171,714.101390073,4.24527080156e-12,-23082.6765579,Nes10_dDFE.Exponential
172,172,1092.52724153,1.86154425208e-11,-23006.1952714,Nes10_dDFE.Exponential
173,173,5.5481818455,5.57488147868e-08,-22983.7062033,Nes10_dDFE.Exponential
174,174,1026.37103937,0.0,-22882.0118762,Nes10_dDFE.Exponential
175,175,29.6628765382,4.82768269805e-11,-23025.8553948,Nes10_dDFE.Exponential
176,176,693.534465615,9.54403223119e-13,-23123.6609624,Nes10_dDFE.Exponential
177,177,644.783291006,7.86704035249e-12,-23003.6702143,Nes10_dDFE.Exponential
178,178,467.091116329,1.54466772706e-10,-22960.6869028,Nes10_dDFE.Exponential
179,179,693.51728876,7.01400049152e-12,-23074.9354522,Nes10_dDFE.Exponential
180,180,611.210522556,1.33392186186e-11,-22972.0848838,Nes10_dDFE.Exponential
181,181,342.209008485,5.17464404659e-11,-23008.44366,Nes10_dDFE.Exponential
182,182,127.039629739,1.84055604091e-10,-23026.7773075,Nes10_dDFE.Exponential
183,183,754.215286388,2.6688651289e-12,-22986.2315318,Nes10_dDFE.Exponential
184,184,509.026967867,4.70518068951e-12,-23000.3698071,Nes10_dDFE.Exponential
185,185,684.981138846,8.05339128718e-12,-23032.4971282,Nes10_dDFE.Exponential
186,186,651.725469017,3.12783132728e-12,-23015.8279654,Nes10_dDFE.Exponential
187,187,386.406856016,1.64046554119e-12,-23026.4492146,Nes10_dDFE.Exponential
188,188,232.513760093,1.7175150191e-12,-23093.342371,Nes10_dDFE.Exponential
189,189,701.309982526,5.55111512313e-17,-23017.6125574,Nes10_dDFE.Exponential
190,190,18.7523937688,4.40543601599e-10,-22984.5250354,Nes10_dDFE.Exponential
191,191,333.221679512,4.37472280623e-12,-23009.4439897,Nes10_dDFE.Exponential
192,192,105.81941315,2.43066067274e-10,-22972.3545076,Nes10_dDFE.Exponential
193,193,140.045647467,1.98541738605e-11,-22938.3596634,Nes10_dDFE.Exponential
194,194,499.885272602,3.54272167158e-13,-23118.4711299,Nes10_dDFE.Exponential
195,195,31.9660461299,6.14716888503e-10,-23051.9956925,Nes10_dDFE.Exponential
196,196,320.144161258,4.508615703e-13,-23076.9743377,Nes10_dDFE.Exponential
197,197,1158.36793666,8.87906415059e-11,-23084.4763235,Nes10_dDFE.Exponential
198,198,46.1111470074,1.63404290099e-10,-23002.2170338,Nes10_dDFE.Exponential
199,199,2.5268874585,3.56382520161e-07,-23011.0012613,Nes10_dDFE.Exponential
200,200,918.840729783,1.12132525487e-13,-23003.2824073,Nes10_dDFE.Exponential
201,201,742.613053606,2.45264919485e-12,-22981.4743688,Nes10_dDFE.Exponential
202,202,124.812920926,3.93688970313e-11,-23022.6142337,Nes10_dDFE.Exponential
203,203,263.013209668,2.29284757847e-10,-23175.1095732,Nes10_dDFE.Exponential
204,204,59.9858232158,1.00899233413e-10,-23034.8688706,Nes10_dDFE.Exponential
205,205,562.743927468,1.19032561585e-12,-23032.2297931,Nes10_dDFE.Exponential
206,206,218.684349021,0.0,-23032.5812289,Nes10_dDFE.Exponential
207,207,983.823146422,4.09949851843e-13,-22982.8448744,Nes10_dDFE.Exponential
208,208,860.942490091,3.28832516772e-11,-23101.8755594,Nes10_dDFE.Exponential
209,209,388.375802587,1.43438039224e-11,-23044.2879142,Nes10_dDFE.Exponential
210,210,1248.16086035,0.0,-23048.3612257,Nes10_dDFE.Exponential
211,211,825.96972165,1.63952185162e-12,-22919.3099855,Nes10_dDFE.Exponential
212,212,155.331907754,4.90969487288e-11,-23113.1391565,Nes10_dDFE.Exponential
213,213,160.582966398,1.24071697361e-10,-23048.250419,Nes10_dDFE.Exponential
214,214,229.241376002,1.72718672697e-10,-23001.7445015,Nes10_dDFE.Exponential
215,215,902.692963963,1.12521103546e-13,-23057.0367626,Nes10_dDFE.Exponential
216,216,572.967771312,4.03788114056e-13,-23050.6581649,Nes10_dDFE.Exponential
217,217,529.866631066,6.94594382011e-12,-23107.5978633,Nes10_dDFE.Exponential
218,218,153.584625293,1.81360482188e-12,-23061.1326449,Nes10_dDFE.Exponential
219,219,216.944271135,2.83407741719e-11,-23073.1700151,Nes10_dDFE.Exponential
220,220,4.74104428289,1.26065881068e-07,-23036.6856678,Nes10_dDFE.Exponential
221,221,2.1648056347,1.42930698388e-08,-23025.0390379,Nes10_dDFE.Exponential
222,222,405.083952763,1.27620136681e-12,-23035.50116,Nes10_dDFE.Exponential
223,223,465.636691436,5.11378162038e-11,-23098.6965994,Nes10_dDFE.Exponential
224,224,1012.10694245,1.42879597043e-11,-23013.5174715,Nes10_dDFE.Exponential
225,225,10.4611943711,1.46767460962e-08,-23053.401809,Nes10_dDFE.Exponential
226,226,380.802991417,1.40387701464e-12,-23096.0896002,Nes10_dDFE.Exponential
227,227,2.10866923944,6.02412375539e-09,-22948.1911101,Nes10_dDFE.Exponential
228,228,489.752219832,5.10602671255e-12,-23021.3870165,Nes10_dDFE.Exponential
229,229,410.830246655,2.10645945131e-11,-23024.3418922,Nes10_dDFE.Exponential
230,230,41.4313320038,3.67946784152e-11,-23025.1180628,Nes10_dDFE.Exponential
231,231,29.7636436822,1.10926284824e-09,-23071.193956,Nes10_dDFE.Exponential
232,232,480.380125191,1.8644530364e-12,-23034.7670396,Nes10_dDFE.Exponential
233,233,183.544067444,4.77319850312e-11,-23090.5057399,Nes10_dDFE.Exponential
234,234,58.0427653402,8.34342039902e-11,-23003.4601485,Nes10_dDFE.Exponential
235,235,375.845606236,4.83801887441e-12,-23099.7087691,Nes10_dDFE.Exponential
236,236,221.56147298,0.0,-23000.7650135,Nes10_dDFE.Exponential
237,237,2.5583274364,8.71146782488e-09,-23022.8555192,Nes10_dDFE.Exponential
238,238,200.436626825,2.59164911753e-12,-23025.0186145,Nes10_dDFE.Exponential
239,239,33.0839006559,7.90962850772e-10,-22920.8487193,Nes10_dDFE.Exponential
240,240,428.138924082,1.16501253089e-12,-23104.4527861,Nes10_dDFE.Exponential
241,241,17.7524949664,9.58317331046e-09,-23039.4084515,Nes10_dDFE.Exponential
242,242,892.647203072,7.32980343088e-12,-23022.8605397,Nes10_dDFE.Exponential
243,243,699.690971495,1.8124390877e-13,-22941.5444887,Nes10_dDFE.Exponential
244,244,238.763799683,9.88320536521e-13,-22994.5879848,Nes10_dDFE.Exponential
245,245,980.860218386,3.33066907388e-16,-22990.5016619,Nes10_dDFE.Exponential
246,246,349.747506739,0.0,-22998.2821283,Nes10_dDFE.Exponential
247,247,317.488409961,2.64877009215e-12,-23066.6839904,Nes10_dDFE.Exponential
248,248,50.2216925283,1.63054014735e-11,-23119.4724574,Nes10_dDFE.Exponential
249,249,1081.66992037,8.83015882636e-13,-22988.112818,Nes10_dDFE.Exponential
250,250,30.5364399337,8.44088132723e-11,-23045.6969574,Nes10_dDFE.Exponential
251,251,666.987717486,1.78179693222e-12,-22977.6112782,Nes10_dDFE.Exponential
252,252,905.691990091,5.0448534239e-13,-22994.5081692,Nes10_dDFE.Exponential
253,253,7203.01254407,1.26677557333e-11,-22984.3865352,Nes10_dDFE.Exponential
254,254,515.52623783,4.76729766774e-13,-23050.3511425,Nes10_dDFE.Exponential
255,255,1213.57755532,2.27634577854e-12,-23037.4827762,Nes10_dDFE.Exponential
256,256,1213.21707952,7.26885773794e-11,-23042.8746039,Nes10_dDFE.Exponential
257,257,53.3896625375,1.25756072222e-11,-23016.5066187,Nes10_dDFE.Exponential
258,258,30.9615109326,1.01062214153e-10,-23030.7525557,Nes10_dDFE.Exponential
259,259,632.538434942,2.1302404285e-12,-22986.854037,Nes10_dDFE.Exponential
260,260,96.7215085341,1.10075537574e-09,-22994.9884429,Nes10_dDFE.Exponential
261,261,1485.84158117,6.52200515816e-13,-23061.9135881,Nes10_dDFE.Exponential
262,262,930.329914576,3.48665540884e-13,-22987.5541532,Nes10_dDFE.Exponential
263,263,202.674018683,1.17526544052e-11,-23036.4603559,Nes10_dDFE.Exponential
264,264,580.332572349,9.43689570931e-13,-23092.3076384,Nes10_dDFE.Exponential
265,265,93.8550138237,1.26403060241e-09,-22970.639819,Nes10_dDFE.Exponential
266,266,6.22114973348,7.1054273576e-15,-23002.4863478,Nes10_dDFE.Exponential
267,267,26.5304888767,1.41630929207e-10,-22886.718146,Nes10_dDFE.Exponential
268,268,1312.5829161,1.81422099566e-11,-23012.7655507,Nes10_dDFE.Exponential
269,269,391.752251592,7.53053175373e-12,-22993.7507471,Nes10_dDFE.Exponential
270,270,186.747290358,7.85511655721e-11,-23065.0126719,Nes10_dDFE.Exponential
271,271,665.839633705,9.62341317745e-13,-22989.8539961,Nes10_dDFE.Exponential
272,272,28.7220428467,9.44489764176e-10,-22997.7972157,Nes10_dDFE.Exponential
273,273,20.4289178956,1.23770099725e-09,-23054.8657415,Nes10_dDFE.Exponential
274,274,204.159587035,0.0,-23043.5688798,Nes10_dDFE.Exponential
275,275,45.4729312547,1.89527282757e-11,-22997.850682,Nes10_dDFE.Exponential
276,276,561.896250437,1.66217595243e-11,-23063.5142946,Nes10_dDFE.Exponential
277,277,103.755561039,1.08545894495e-10,-23043.5970323,Nes10_dDFE.Exponential
278,278,93.5045603746,5.45340272939e-10,-23058.8129426,Nes10_dDFE.Exponential
279,279,391.379199873,2.10520489929e-12,-23050.3283606,Nes10_dDFE.Exponential
280,280,557.938770903,1.01607056102e-11,-23024.0504198,Nes10_dDFE.Exponential
281,281,562.812436938,8.60711502071e-12,-23067.9908932,Nes10_dDFE.Exponential
282,282,779.818964767,2.75390821258e-13,-23054.9028185,Nes10_dDFE.Exponential
283,283,2.12723385973,1.78668946638e-07,-23025.8768799,Nes10_dDFE.Exponential
284,284,597.234948805,2.8787527917e-12,-23024.2802699,Nes10_dDFE.Exponential
285,285,1008.53353201,1.07802655691e-13,-23044.4278646,Nes10_dDFE.Exponential
286,286,970.206356536,5.95412608106e-13,-23030.252248,Nes10_dDFE.Exponential
287,287,1042.69932228,7.35966843024e-12,-23074.3925121,Nes10_dDFE.Exponential
288,288,11.8531698535,1.64569596839e-09,-23080.0385652,Nes10_dDFE.Exponential
289,289,733.043986882,5.80668846339e-12,-22971.0898901,Nes10_dDFE.Exponential
290,290,472.29205331,5.33850741391e-13,-23003.2563779,Nes10_dDFE.Exponential
291,291,522.813503726,3.99513755411e-13,-23021.1637909,Nes10_dDFE.Exponential
292,292,1059.27017412,2.12274642308e-13,-23044.9175547,Nes10_dDFE.Exponential
293,293,48.9607439399,2.41023756509e-10,-22984.7688021,Nes10_dDFE.Exponential
294,294,7.29466867544,1.30536687015e-09,-23035.3048895,Nes10_dDFE.Exponential
295,295,515.639529818,2.08927319889e-12,-23058.8266536,Nes10_dDFE.Exponential
296,296,1080.62628983,8.86224427177e-12,-22948.0407657,Nes10_dDFE.Exponential
297,297,658.784513036,1.41875400317e-12,-22944.946176,Nes10_dDFE.Exponential
298,298,789.306332813,3.81988884968e-12,-23053.6470136,Nes10_dDFE.Exponential
299,299,579.311217319,1.52639012541e-12,-23024.801328,Nes10_dDFE.Exponential
300,300,638.546329837,5.37941913237e-12,-23041.6759046,Nes10_dDFE.Exponential
301,301,28.7684394291,0.0,-23007.2827231,Nes10_dDFE.Exponential
302,302,294.76375416,2.28733698648e-11,-23066.5199354,Nes10_dDFE.Exponential
303,303,1819.71970617,6.9430017291e-12,-23006.6284793,Nes10_dDFE.Exponential
304,304,680.081463166,1.04291575376e-11,-23016.816493,Nes10_dDFE.Exponential
305,305,1361.56967574,4.18450274431e-11,-23000.6835518,Nes10_dDFE.Exponential
306,306,477.314319981,3.88422627395e-12,-22932.2721638,Nes10_dDFE.Exponential
307,307,755.8625215,0.0,-22995.0412206,Nes10_dDFE.Exponential
308,308,216.251142889,2.89126778075e-10,-22963.3937406,Nes10_dDFE.Exponential
309,309,3.45111236782,3.83928438485e-08,-22979.6135613,Nes10_dDFE.Exponential
310,310,376.014445161,3.82577303171e-12,-23093.7072606,Nes10_dDFE.Exponential
311,311,965.774741785,1.42608147513e-13,-23116.6170491,Nes10_dDFE.Exponential
312,312,6.57535956095,9.67390240136e-08,-23141.5695483,Nes10_dDFE.Exponential
313,313,27.8681524394,5.12684243392e-08,-23026.9036243,Nes10_dDFE.Exponential
314,314,414.575321131,1.41409106647e-12,-23026.9066974,Nes10_dDFE.Exponential
315,315,323.000664409,2.94539392875e-11,-23055.0067264,Nes10_dDFE.Exponential
316,316,93.7086829838,3.72760616818e-09,-23064.1672282,Nes10_dDFE.Exponential
317,317,4.92627556109,1.41034809609e-07,-22989.6147421,Nes10_dDFE.Exponential
318,318,9848.18539673,1.95288230032e-13,-22976.5902467,Nes10_dDFE.Exponential
319,319,965.414460976,5.1668669343e-12,-23033.9499307,Nes10_dDFE.Exponential
320,320,611.384786749,1.65942815045e-11,-23054.4773936,Nes10_dDFE.Exponential
321,321,947.64879942,7.90478793533e-13,-22917.8911536,Nes10_dDFE.Exponential
322,322,3.85409393333,6.45582304282e-08,-23025.2932497,Nes10_dDFE.Exponential
323,323,754.119830866,5.99037486282e-12,-22976.4428346,Nes10_dDFE.Exponential
324,324,25.4448351467,5.03523112094e-10,-23019.733639,Nes10_dDFE.Exponential
325,325,14.2578759986,6.66411203998e-10,-23048.541386,Nes10_dDFE.Exponential
326,326,593.451964547,0.0,-23045.0816998,Nes10_dDFE.Exponential
327,327,531.103432164,1.63151714361e-11,-23034.0924063,Nes10_dDFE.Exponential
328,328,114.180230578,1.20805587756e-11,-22980.9851863,Nes10_dDFE.Exponential
329,329,371.994517209,4.56346072042e-12,-23016.1871209,Nes10_dDFE.Exponential
330,330,224.11266103,2.04275485416e-12,-23095.3717091,Nes10_dDFE.Exponential
331,331,935.642798898,1.82354131795e-13,-22997.848981,Nes10_dDFE.Exponential
332,332,577.557669166,4.44921877119e-13,-22997.03749,Nes10_dDFE.Exponential
333,333,564.704355313,2.51104692595e-12,-23051.9830026,Nes10_dDFE.Exponential
334,334,467.73637318,4.72366590287e-12,-23106.0768996,Nes10_dDFE.Exponential
335,335,796.89607549,1.2037038033e-12,-23037.6510541,Nes10_dDFE.Exponential
336,336,1289.07700604,4.22795132238e-12,-23058.0489398,Nes10_dDFE.Exponential
337,337,752.418328362,9.11127839842e-11,-22952.3388378,Nes10_dDFE.Exponential
338,338,3515.21014171,4.56351623157e-12,-23075.9919965,Nes10_dDFE.Exponential
339,339,775.936195155,5.55111512313e-17,-23084.3565254,Nes10_dDFE.Exponential
340,340,206.044942879,2.12199702254e-11,-22999.1796894,Nes10_dDFE.Exponential
341,341,145.5614568,4.44575487535e-11,-22990.6747948,Nes10_dDFE.Exponential
342,342,870.686710788,4.99600361081e-16,-23033.4437186,Nes10_dDFE.Exponential
343,343,652.891571188,1.41728295766e-11,-23043.1889845,Nes10_dDFE.Exponential
344,344,434.600201208,5.55111512313e-17,-23035.4528223,Nes10_dDFE.Exponential
345,345,597.58774049,9.64905932932e-12,-23046.6329161,Nes10_dDFE.Exponential
346,346,566.433021102,0.0,-22986.9108251,Nes10_dDFE.Exponential
347,347,654.395040886,3.47499806708e-14,-23026.7409834,Nes10_dDFE.Exponential
348,348,57.8423922316,1.58758439728e-09,-22939.5402091,Nes10_dDFE.Exponential
349,349,286.383039951,2.09809947194e-12,-23070.9478249,Nes10_dDFE.Exponential
350,350,902.233386158,2.24970042595e-12,-23058.8038219,Nes10_dDFE.Exponential
351,351,937.434869349,1.0910161663e-12,-23067.6755138,Nes10_dDFE.Exponential
352,352,611.798584517,3.66784380645e-12,-22989.9449135,Nes10_dDFE.Exponential
353,353,48.7969842726,5.00926244928e-10,-22988.8650816,Nes10_dDFE.Exponential
354,354,121.945923864,6.68115562874e-12,-23017.1930801,Nes10_dDFE.Exponential
355,355,52.6551924571,1.0805911721e-10,-22983.1737932,Nes10_dDFE.Exponential
356,356,428.240278796,1.56052948341e-12,-23064.0731709,Nes10_dDFE.Exponential
357,357,243.805546667,1.08995590331e-11,-23004.4626637,Nes10_dDFE.Exponential
358,358,172.735368611,5.5501159224e-12,-22992.7640381,Nes10_dDFE.Exponential
359,359,16.2050076848,0.0,-23030.125775,Nes10_dDFE.Exponential
360,360,1238.38958352,4.7114534496e-12,-23047.2192288,Nes10_dDFE.Exponential
361,361,676.509917309,4.07862632557e-12,-23056.0097113,Nes10_dDFE.Exponential
362,362,735.731002,7.07800484889e-12,-23000.9350533,Nes10_dDFE.Exponential
363,363,1835.73301924,3.49165141245e-13,-23102.2639516,Nes10_dDFE.Exponential
364,364,51.2583772866,1.0415723839e-11,-23026.984104,Nes10_dDFE.Exponential
365,365,930.340958475,2.48301379457e-13,-23077.3329616,Nes10_dDFE.Exponential
366,366,673.537859275,4.80321338259e-12,-23045.3270017,Nes10_dDFE.Exponential
367,367,206.590149254,1.84036119677e-12,-23071.7891317,Nes10_dDFE.Exponential
368,368,604.71529133,3.11473069559e-12,-23009.2763527,Nes10_dDFE.Exponential
369,369,488.004636429,2.13373763103e-12,-23089.866709,Nes10_dDFE.Exponential
370,370,739.746645111,7.57283125097e-13,-23127.0431701,Nes10_dDFE.Exponential
371,371,456.079542369,2.0413393198e-11,-22926.9500021,Nes10_dDFE.Exponential
372,372,20.4703521223,1.03408420715e-09,-23128.4887199,Nes10_dDFE.Exponential
373,373,293.761205769,5.55111512313e-17,-22993.8204476,Nes10_dDFE.Exponential
374,374,721.059289634,6.35946850736e-12,-23100.7928575,Nes10_dDFE.Exponential
375,375,501.330823008,1.9112106342e-10,-23090.398643,Nes10_dDFE.Exponential
376,376,661.162498288,2.21040963311e-11,-22999.3992948,Nes10_dDFE.Exponential
377,377,1069.75744396,2.11775041947e-13,-23029.6643152,Nes10_dDFE.Exponential
378,378,918.995447472,5.86680704018e-12,-23032.0236444,Nes10_dDFE.Exponential
379,379,322.478416535,1.20741916465e-10,-23067.2749293,Nes10_dDFE.Exponential
380,380,960.777114663,1.72306613422e-13,-23019.6053703,Nes10_dDFE.Exponential
381,381,255.656059186,1.64449009965e-11,-22878.2511252,Nes10_dDFE.Exponential
382,382,667.670485223,8.53167536619e-12,-23027.1743164,Nes10_dDFE.Exponential
383,383,73.1123938296,1.28858201887e-10,-23040.0083801,Nes10_dDFE.Exponential
384,384,81.6432620009,1.01980923706e-10,-23045.205783,Nes10_dDFE.Exponential
385,385,677.920402923,2.25436336265e-12,-23069.4866964,Nes10_dDFE.Exponential
386,386,136.632851936,2.96755398033e-11,-22977.7292955,Nes10_dDFE.Exponential
387,387,877.423169824,5.9918736639e-13,-23025.0186792,Nes10_dDFE.Exponential
388,388,82.3543599607,3.38411243472e-10,-23010.7752974,Nes10_dDFE.Exponential
389,389,342.469919822,3.27710081294e-12,-23015.5832134,Nes10_dDFE.Exponential
390,390,495.612036216,1.86193838125e-11,-23016.4454724,Nes10_dDFE.Exponential
391,391,226.787826355,6.31938945617e-12,-23049.6770311,Nes10_dDFE.Exponential
392,392,246.533875637,1.32561184252e-11,-23050.4322452,Nes10_dDFE.Exponential
393,393,326.946965792,1.5846768342e-11,-23038.4174417,Nes10_dDFE.Exponential
394,394,978.4814158,1.03750341651e-13,-23049.217947,Nes10_dDFE.Exponential
395,395,853.782103816,1.16828768881e-12,-23051.3769944,Nes10_dDFE.Exponential
396,396,4295.14818927,8.77238837127e-11,-23064.075327,Nes10_dDFE.Exponential
397,397,90.286623612,1.47580780929e-10,-23023.0451176,Nes10_dDFE.Exponential
398,398,2.38959458254,0.0,-23009.3883261,Nes10_dDFE.Exponential
399,399,352.692175824,0.0,-23077.6418896,Nes10_dDFE.Exponential
400,400,1351.76417848,6.83614276298e-12,-23085.5984623,Nes10_dDFE.Exponential
401,401,923.61067301,6.34658992027e-13,-22963.7898172,Nes10_dDFE.Exponential
402,402,1530.62346352,4.15988410385e-10,-23065.9793846,Nes10_dDFE.Exponential
403,403,288.851971013,4.94685403751e-11,-22913.8037038,Nes10_dDFE.Exponential
404,404,1005.92202594,1.04632968956e-12,-23071.8862428,Nes10_dDFE.Exponential
405,405,8.16480139887,2.04410377513e-11,-22980.9067676,Nes10_dDFE.Exponential
406,406,476.07539338,4.26197965808e-12,-23039.4836992,Nes10_dDFE.Exponential
407,407,284.847983978,2.12868611627e-12,-23103.3989166,Nes10_dDFE.Exponential
408,408,816.657955981,2.41406894474e-12,-23029.4885153,Nes10_dDFE.Exponential
409,409,1201.94144024,4.08784117667e-12,-23095.5494212,Nes10_dDFE.Exponential
410,410,7357.21369413,4.47248349467e-11,-23018.7805469,Nes10_dDFE.Exponential
411,411,935.441820138,4.05953048954e-13,-23018.4480233,Nes10_dDFE.Exponential
412,412,59.4207492315,2.77403156002e-10,-22981.8747381,Nes10_dDFE.Exponential
413,413,234.739942126,9.40708066999e-11,-23094.9834719,Nes10_dDFE.Exponential
414,414,1018.5237161,2.26929586233e-13,-22983.1082008,Nes10_dDFE.Exponential
415,415,637.59124182,5.55111512313e-17,-23099.4214724,Nes10_dDFE.Exponential
416,416,154.840169928,5.55111512313e-17,-23026.251603,Nes10_dDFE.Exponential
417,417,247.801782294,2.704368951e-10,-23060.2152692,Nes10_dDFE.Exponential
418,418,540.259743854,2.95719004839e-12,-23069.0574652,Nes10_dDFE.Exponential
419,419,440.657231027,8.65585381149e-13,-23112.2560976,Nes10_dDFE.Exponential
420,420,2.3350780774,9.76685288201e-10,-22978.6830477,Nes10_dDFE.Exponential
421,421,159.47593002,0.0,-23006.4635921,Nes10_dDFE.Exponential
422,422,923.064484057,1.18072218669e-12,-23099.6732887,Nes10_dDFE.Exponential
423,423,625.379866975,0.0,-23084.7629145,Nes10_dDFE.Exponential
424,424,18.4441795682,9.26842286253e-09,-23162.3367903,Nes10_dDFE.Exponential
425,425,47.8922232057,6.67844113345e-11,-23068.9230222,Nes10_dDFE.Exponential
426,426,202.003605902,6.51979581434e-11,-22956.0942614,Nes10_dDFE.Exponential
427,427,551.217832577,2.5404678361e-12,-23001.9346935,Nes10_dDFE.Exponential
428,428,883.307656289,1.15796261468e-13,-23011.6365271,Nes10_dDFE.Exponential
429,429,862.574410229,1.23567822641e-13,-22972.1724699,Nes10_dDFE.Exponential
430,430,3.61802004378,1.46907023879e-07,-23077.6092836,Nes10_dDFE.Exponential
431,431,1732.8981733,1.848521336e-13,-22977.9639233,Nes10_dDFE.Exponential
432,432,1789.6320638,4.90940621489e-13,-23022.4007969,Nes10_dDFE.Exponential
433,433,882.993384646,1.55697676973e-12,-23065.9744604,Nes10_dDFE.Exponential
434,434,10233.0114544,6.305012068e-12,-22974.1417973,Nes10_dDFE.Exponential
435,435,288.307534275,4.35425584477e-11,-23033.4154771,Nes10_dDFE.Exponential
436,436,753.551592579,4.53598270056e-12,-22938.5190386,Nes10_dDFE.Exponential
437,437,1211.22969249,5.10115838459e-11,-23038.3692977,Nes10_dDFE.Exponential
438,438,2452.41186364,2.30511165711e-11,-23012.209148,Nes10_dDFE.Exponential
439,439,496.311317197,1.09469489029e-10,-23016.4276179,Nes10_dDFE.Exponential
440,440,118.116576232,2.88625789935e-11,-23042.3268815,Nes10_dDFE.Exponential
441,441,615.260035476,1.77569070559e-12,-22987.4468516,Nes10_dDFE.Exponential
442,442,614.25776082,5.99909011356e-13,-23086.063622,Nes10_dDFE.Exponential
443,443,639.551487856,7.51732009974e-13,-23013.1864163,Nes10_dDFE.Exponential
444,444,864.585249446,3.01370040034e-13,-23016.989459,Nes10_dDFE.Exponential
445,445,34.5569558269,9.38090161107e-11,-23042.6424708,Nes10_dDFE.Exponential
446,446,250.869416251,5.18103893121e-11,-23097.3923952,Nes10_dDFE.Exponential
447,447,620.488269381,1.86839432814e-12,-22976.4961994,Nes10_dDFE.Exponential
448,448,2327.30253686,2.12704798219e-10,-23016.9588958,Nes10_dDFE.Exponential
449,449,45.0946398309,9.60636403757e-10,-22979.8221519,Nes10_dDFE.Exponential
450,450,5111.07757962,1.14359632875e-11,-23046.8506572,Nes10_dDFE.Exponential
451,451,28.3678773624,1.2220557899e-11,-23017.8196153,Nes10_dDFE.Exponential
452,452,695.115133348,1.72700742596e-12,-22954.5320149,Nes10_dDFE.Exponential
453,453,1592.34398165,5.42899059042e-14,-23073.0496037,Nes10_dDFE.Exponential
454,454,842.36547283,5.55111512313e-17,-23017.9688462,Nes10_dDFE.Exponential
455,455,2.25915832086,4.4408920985e-16,-23011.5246321,Nes10_dDFE.Exponential
456,456,941.006477734,2.88724599784e-12,-23083.5864768,Nes10_dDFE.Exponential
457,457,1004.58714621,0.0,-23091.2051897,Nes10_dDFE.Exponential
458,458,714.702049419,1.23245857964e-12,-23080.2518958,Nes10_dDFE.Exponential
459,459,6566.36637939,5.99909011356e-13,-23125.1338281,Nes10_dDFE.Exponential
460,460,368.234817985,7.24420523568e-13,-23001.1573422,Nes10_dDFE.Exponential
461,461,856.633424374,1.27930999128e-12,-23011.4825995,Nes10_dDFE.Exponential
462,462,478.755255115,7.06379399418e-13,-22968.1491566,Nes10_dDFE.Exponential
463,463,37.8675443974,9.56950074738e-11,-22999.6037069,Nes10_dDFE.Exponential
464,464,785.868514702,3.59240415193e-12,-23047.2666934,Nes10_dDFE.Exponential
465,465,2.05764910044,9.75096353661e-09,-23044.2181219,Nes10_dDFE.Exponential
466,466,29.868089431,0.0,-23008.289935,Nes10_dDFE.Exponential
467,467,7.67895605275,6.21972350845e-08,-23020.2596975,Nes10_dDFE.Exponential
468,468,15.575705112,2.67357858075e-10,-23074.1498913,Nes10_dDFE.Exponential
469,469,934.967226043,2.77833311912e-13,-22989.7464811,Nes10_dDFE.Exponential
470,470,2.51717384647,2.15122771818e-08,-23047.994626,Nes10_dDFE.Exponential
471,471,328.133735291,2.98002733601e-11,-23002.3269662,Nes10_dDFE.Exponential
472,472,1137.86267183,1.23401289187e-13,-22994.4616776,Nes10_dDFE.Exponential
473,473,503.205558867,1.61648472385e-11,-23031.58314,Nes10_dDFE.Exponential
474,474,766.325071302,2.31037411424e-13,-23011.8541194,Nes10_dDFE.Exponential
475,475,689.582806904,5.55111512313e-17,-23014.3091082,Nes10_dDFE.Exponential
476,476,534.660030899,4.52804460593e-13,-23068.0361487,Nes10_dDFE.Exponential
477,477,22.8066910943,5.2645672266e-09,-23055.4028556,Nes10_dDFE.Exponential
478,478,1077.40266752,4.4408920985e-16,-22921.3435318,Nes10_dDFE.Exponential
479,479,674.649274735,2.40474307134e-13,-23040.0217815,Nes10_dDFE.Exponential
480,480,50.3821002263,4.74567607434e-11,-22999.0028733,Nes10_dDFE.Exponential
481,481,248.42653178,1.45712886201e-11,-23002.5186429,Nes10_dDFE.Exponential
482,482,126.227519363,1.888335599e-10,-23086.1237353,Nes10_dDFE.Exponential
483,483,49.8823324856,4.83362128101e-10,-23021.3557418,Nes10_dDFE.Exponential
484,484,993.999121234,1.13332676577e-11,-23017.7149435,Nes10_dDFE.Exponential
485,485,116.248268578,7.55928653007e-12,-22999.9161196,Nes10_dDFE.Exponential
486,486,549.961165411,3.64003271969e-12,-22991.7372062,Nes10_dDFE.Exponential
487,487,132.293201772,1.0158957009e-10,-23054.8593391,Nes10_dDFE.Exponential
488,488,31.5150381077,4.4408920985e-16,-23006.9924167,Nes10_dDFE.Exponential
489,489,500.962203011,2.53574938824e-12,-23017.5050815,Nes10_dDFE.Exponential
490,490,18.6964043001,1.10051134872e-10,-23026.8943873,Nes10_dDFE.Exponential
491,491,52.6042296419,3.90126653205e-10,-23062.2427833,Nes10_dDFE.Exponential
492,492,773.006376773,1.14669385098e-12,-23101.0605381,Nes10_dDFE.Exponential
493,493,524.945822228,1.51557100203e-11,-23138.7504949,Nes10_dDFE.Exponential
494,494,588.825274339,3.31346061699e-12,-23016.0965573,Nes10_dDFE.Exponential
495,495,1026.19055456,1.33726363316e-13,-23049.1206626,Nes10_dDFE.Exponential
496,496,47.1498879352,5.89855941868e-12,-23066.1053178,Nes10_dDFE.Exponential
497,497,502.910797932,1.64950830772e-11,-23045.8150345,Nes10_dDFE.Exponential
498,498,541.268231161,4.1589509614e-12,-23077.2029697,Nes10_dDFE.Exponential
499,499,159.866818627,1.03365094262e-11,-23043.4476745,Nes10_dDFE.Exponential
500,500,23.3274478907,3.6326956443e-09,-23059.9191408,Nes10_dDFE.Exponential
501,501,1193.68214709,4.34879909861e-12,-23070.7444366,Nes10_dDFE.Exponential
502,502,592.54440695,6.53110898696e-12,-23081.9714988,Nes10_dDFE.Exponential
503,503,808.825223978,7.38464844829e-13,-23027.9463977,Nes10_dDFE.Exponential
504,504,981.973299054,1.34170452526e-13,-23004.6710194,Nes10_dDFE.Exponential
505,505,2.02739264232,3.82077165906e-07,-22959.1303521,Nes10_dDFE.Exponential
506,506,54.9162639465,1.27066135391e-11,-22998.9548265,Nes10_dDFE.Exponential
507,507,370.296654342,3.39238415137e-10,-22972.2205284,Nes10_dDFE.Exponential
508,508,156.309769589,8.98875418542e-12,-22986.4727464,Nes10_dDFE.Exponential
509,509,2224.18891561,3.55993012846e-13,-23043.1062227,Nes10_dDFE.Exponential
510,510,874.451715774,7.13484826775e-13,-22981.0748365,Nes10_dDFE.Exponential
511,511,622.077767864,5.88606940966e-12,-23110.9607018,Nes10_dDFE.Exponential
512,512,1232.42304451,4.62963001269e-13,-23088.1095984,Nes10_dDFE.Exponential
513,513,736.862606062,9.82746106715e-11,-22994.4497258,Nes10_dDFE.Exponential
514,514,43.4055345254,2.58457033553e-10,-23063.2715854,Nes10_dDFE.Exponential
515,515,13018.1379447,3.66590141576e-09,-22991.2041376,Nes10_dDFE.Exponential
516,516,3.96909153921,3.49401690913e-09,-22992.6413644,Nes10_dDFE.Exponential
517,517,266.061116404,1.29277699656e-11,-23006.964245,Nes10_dDFE.Exponential
518,518,1166.46082506,7.3850925375e-12,-22984.2014707,Nes10_dDFE.Exponential
519,519,40.2911097887,1.32092448091e-10,-22993.070899,Nes10_dDFE.Exponential
520,520,355.722851413,2.51268450491e-11,-23039.2093678,Nes10_dDFE.Exponential
521,521,2.03085478867,7.93406151889e-09,-23022.0457742,Nes10_dDFE.Exponential
522,522,545.770228462,6.06942274217e-12,-22983.8039251,Nes10_dDFE.Exponential
523,523,694.357188601,4.06064071257e-13,-23076.9594675,Nes10_dDFE.Exponential
524,524,596.403291798,7.13651360229e-12,-23062.2447864,Nes10_dDFE.Exponential
525,525,594.693031878,2.90045765183e-13,-23050.5085223,Nes10_dDFE.Exponential
526,526,427.917454006,2.88292167916e-11,-22985.3760592,Nes10_dDFE.Exponential
527,527,912.600650459,1.44878553598e-12,-23033.7373927,Nes10_dDFE.Exponential
528,528,1224.72282704,4.65638638758e-12,-23009.4314492,Nes10_dDFE.Exponential
529,529,738.875921447,4.43250991466e-12,-23136.4455857,Nes10_dDFE.Exponential
530,530,960.15336171,6.1223248693e-13,-23042.4462189,Nes10_dDFE.Exponential
531,531,1024.02373515,2.85343970674e-12,-23051.5769115,Nes10_dDFE.Exponential
532,532,0.997369502709,0.00013360937957,-23078.3441873,Nes10_dDFE.Exponential
533,533,532.812164356,1.75813807957e-11,-22996.1128022,Nes10_dDFE.Exponential
534,534,2.26397594538,2.85345245099e-07,-23028.596926,Nes10_dDFE.Exponential
535,535,258.933124519,7.64388552454e-13,-23053.5169777,Nes10_dDFE.Exponential
536,536,6.96274181239,1.15864161043e-08,-23061.2797837,Nes10_dDFE.Exponential
537,537,260.309417589,7.02660152285e-12,-23062.5405874,Nes10_dDFE.Exponential
538,538,692.271548915,1.19731446979e-11,-23042.9413165,Nes10_dDFE.Exponential
539,539,1575.01302681,2.39619435405e-12,-22977.2891808,Nes10_dDFE.Exponential
540,540,693.049894128,7.12985226414e-13,-22979.2471708,Nes10_dDFE.Exponential
541,541,172.945879782,2.40202302493e-12,-23031.7513733,Nes10_dDFE.Exponential
542,542,403.426258596,3.14528403322e-11,-23098.4031423,Nes10_dDFE.Exponential
543,543,35.8188100574,3.28511244874e-08,-23032.3648863,Nes10_dDFE.Exponential
544,544,248.634140163,5.79217229735e-11,-23000.8770909,Nes10_dDFE.Exponential
545,545,1002.9390677,4.90701923539e-12,-23006.4847928,Nes10_dDFE.Exponential
546,546,15.9759214093,1.56348267666e-10,-23081.474036,Nes10_dDFE.Exponential
547,547,544.3635833,2.61846100358e-12,-23024.8989561,Nes10_dDFE.Exponential
548,548,1788.26835442,5.40786304626e-11,-22966.1046,Nes10_dDFE.Exponential
549,549,2.02106610314,1.17369051145e-08,-23046.6021952,Nes10_dDFE.Exponential
550,550,155.081576469,6.95593582734e-12,-23042.7460143,Nes10_dDFE.Exponential
551,551,802.149348481,0.0,-23045.4295369,Nes10_dDFE.Exponential
552,552,871.865490976,3.06560332675e-12,-23004.305668,Nes10_dDFE.Exponential
553,553,6701.57340508,7.53452855662e-12,-23035.4667109,Nes10_dDFE.Exponential
554,554,18.198925633,1.05907894676e-08,-22946.9924654,Nes10_dDFE.Exponential
555,555,949.886668852,0.0,-23009.7416292,Nes10_dDFE.Exponential
556,556,17.7478015161,7.37077288093e-09,-23029.0164331,Nes10_dDFE.Exponential
557,557,292.477246308,7.59708962406e-12,-22923.687976,Nes10_dDFE.Exponential
558,558,160.78077917,6.48320286345e-12,-23036.0131293,Nes10_dDFE.Exponential
559,559,261.715395315,2.60284016562e-11,-23071.7851079,Nes10_dDFE.Exponential
560,560,363.457064208,0.0,-23008.1350045,Nes10_dDFE.Exponential
561,561,240.35401871,7.35417282627e-12,-22994.1423341,Nes10_dDFE.Exponential
562,562,85.2372087687,2.69685385135e-11,-23043.4970304,Nes10_dDFE.Exponential
563,563,937.816423292,4.21385148996e-13,-23048.1647933,Nes10_dDFE.Exponential
564,564,982.865271559,5.88418203051e-13,-23051.2991312,Nes10_dDFE.Exponential
565,565,501.740637419,6.25610674376e-12,-22981.2675676,Nes10_dDFE.Exponential
566,566,4.00633887532,2.19626997977e-07,-23066.9741894,Nes10_dDFE.Exponential
567,567,551.776202392,1.03565489518e-11,-22931.5701289,Nes10_dDFE.Exponential
568,568,9.46783701961,8.32667268469e-16,-23012.9946184,Nes10_dDFE.Exponential
569,569,20.9085641046,1.13195508522e-10,-23040.3977887,Nes10_dDFE.Exponential
570,570,207.535555466,2.04841699158e-12,-23039.7089433,Nes10_dDFE.Exponential
571,571,988.055392641,5.90910653742e-12,-23105.3945031,Nes10_dDFE.Exponential
572,572,78.4149660806,3.20595161529e-10,-23002.104495,Nes10_dDFE.Exponential
573,573,2686.7504872,2.03909111818e-12,-22981.6885426,Nes10_dDFE.Exponential
574,574,173.537148758,2.36410890864e-12,-23077.5140185,Nes10_dDFE.Exponential
575,575,695.964428438,2.42750264334e-13,-23002.5220497,Nes10_dDFE.Exponential
576,576,133.822888537,4.74220662738e-12,-23019.703252,Nes10_dDFE.Exponential
577,577,9.90645748328,1.27289390139e-09,-22997.7674579,Nes10_dDFE.Exponential
578,578,760.993309037,1.1564638136e-12,-23029.7004858,Nes10_dDFE.Exponential
579,579,517.362492126,5.14110976013e-12,-23048.808017,Nes10_dDFE.Exponential
580,580,9.79907721615,1.2698170293e-10,-23055.6347478,Nes10_dDFE.Exponential
581,581,1442.79433875,2.92332824614e-12,-23016.2111655,Nes10_dDFE.Exponential
582,582,364.132492756,1.45772283133e-12,-23032.6533767,Nes10_dDFE.Exponential
583,583,342.823082281,4.72194505718e-12,-23062.5141612,Nes10_dDFE.Exponential
584,584,643.649594491,8.1198381352e-12,-22958.5092666,Nes10_dDFE.Exponential
585,585,721.061953091,2.06115124968e-11,-22910.6941513,Nes10_dDFE.Exponential
586,586,1018.8418532,5.43065592495e-13,-23095.3790487,Nes10_dDFE.Exponential
587,587,956.925344115,3.67295083237e-12,-23006.816296,Nes10_dDFE.Exponential
588,588,16.9349269559,3.73323039149e-11,-23011.8242895,Nes10_dDFE.Exponential
589,589,394.838344508,2.31317187627e-11,-23031.2213138,Nes10_dDFE.Exponential
590,590,25.7199704554,4.12593015309e-10,-23099.1499817,Nes10_dDFE.Exponential
591,591,822.477528993,5.55111512313e-17,-23013.2434309,Nes10_dDFE.Exponential
592,592,6.82650495948,5.64660754265e-08,-23048.3674043,Nes10_dDFE.Exponential
593,593,502.449547475,5.55111512313e-17,-23154.6518551,Nes10_dDFE.Exponential
594,594,455.597286194,3.07809333577e-12,-23094.8387604,Nes10_dDFE.Exponential
595,595,121.4289428,8.37374614093e-12,-22974.1270061,Nes10_dDFE.Exponential
596,596,894.291389446,1.47776235693e-12,-23128.3297584,Nes10_dDFE.Exponential
597,597,2.39819663045,2.28146231906e-08,-23038.6239128,Nes10_dDFE.Exponential
598,598,953.00747038,5.22470955389e-12,-23093.1105299,Nes10_dDFE.Exponential
599,599,640.158492841,1.00479069509e-11,-22947.2778965,Nes10_dDFE.Exponential
600,600,3.43356165394,5.40013428418e-09,-22928.4328188,Nes10_dDFE.Exponential
601,601,13.6487453388,1.19027044887e-08,-22997.7113167,Nes10_dDFE.Exponential
602,602,392.210027013,4.11104483788e-12,-22951.6702659,Nes10_dDFE.Exponential
603,603,71.6154878347,6.01023564251e-10,-22981.5516756,Nes10_dDFE.Exponential
604,604,624.140264676,9.46687173098e-13,-22993.0554585,Nes10_dDFE.Exponential
605,605,891.384388137,1.3794521081e-13,-23035.80247,Nes10_dDFE.Exponential
606,606,717.255645007,5.4463100696e-12,-23087.3913724,Nes10_dDFE.Exponential
607,607,4.42892137426,9.84426207218e-09,-23000.4962823,Nes10_dDFE.Exponential
608,608,105.738814915,1.03895780867e-11,-23053.7022503,Nes10_dDFE.Exponential
609,609,3544.57283562,1.9678148e-12,-23078.8237275,Nes10_dDFE.Exponential
610,610,635.472534199,8.99669228005e-13,-23019.4162737,Nes10_dDFE.Exponential
611,611,221.124926951,5.55111512313e-17,-22926.1217121,Nes10_dDFE.Exponential
612,612,983.428007823,1.10134124043e-12,-22970.3402744,Nes10_dDFE.Exponential
613,613,252.684545413,1.91999083299e-10,-22999.847512,Nes10_dDFE.Exponential
614,614,252.670127773,7.71799291144e-12,-23061.1191012,Nes10_dDFE.Exponential
615,615,48.3697645599,4.53917792242e-10,-22952.7460737,Nes10_dDFE.Exponential
616,616,799.314261052,1.71362923851e-12,-23043.4579866,Nes10_dDFE.Exponential
617,617,472.637934169,1.37135303113e-11,-23069.120819,Nes10_dDFE.Exponential
618,618,653.973550804,1.5074108628e-11,-23059.0683909,Nes10_dDFE.Exponential
619,619,222.82854202,7.17764736535e-12,-22974.8517803,Nes10_dDFE.Exponential
620,620,643.35052342,8.10851386035e-13,-22992.2369082,Nes10_dDFE.Exponential
621,621,442.692729306,2.63873367601e-11,-23034.6212143,Nes10_dDFE.Exponential
622,622,107.785810862,2.20715556942e-10,-22968.337194,Nes10_dDFE.Exponential
623,623,166.155748707,3.54832829785e-12,-22982.3004944,Nes10_dDFE.Exponential
624,624,32.4128992896,1.14577014543e-09,-23049.5707145,Nes10_dDFE.Exponential
625,625,144.762665106,1.09934283898e-12,-23006.1767142,Nes10_dDFE.Exponential
626,626,1074.68695998,3.6742831e-13,-23018.3775186,Nes10_dDFE.Exponential
627,627,114.674923223,1.73748238019e-11,-23029.6940129,Nes10_dDFE.Exponential
628,628,1076.97289436,1.7650880757e-12,-23031.3837988,Nes10_dDFE.Exponential
629,629,816.224665139,7.14983627859e-13,-23043.2905697,Nes10_dDFE.Exponential
630,630,65.8537394884,1.25485732916e-11,-23017.6178962,Nes10_dDFE.Exponential
631,631,544.317440972,2.32663888156e-12,-22979.668973,Nes10_dDFE.Exponential
632,632,895.246667969,1.6769918787e-13,-22988.4836334,Nes10_dDFE.Exponential
633,633,892.034394138,4.20052881367e-13,-23048.7418178,Nes10_dDFE.Exponential
634,634,881.947247615,1.39832589952e-13,-23071.0784038,Nes10_dDFE.Exponential
635,635,138.90518473,8.32084956492e-11,-22956.6013051,Nes10_dDFE.Exponential
636,636,401.947428673,5.55111512313e-17,-23029.9006526,Nes10_dDFE.Exponential
637,637,641.659067353,0.0,-23012.3934128,Nes10_dDFE.Exponential
638,638,506.395790285,1.57657775723e-11,-23025.7071495,Nes10_dDFE.Exponential
639,639,301.360248082,1.86681226033e-11,-22998.7211045,Nes10_dDFE.Exponential
640,640,789.53661736,6.49735820701e-12,-23015.2237165,Nes10_dDFE.Exponential
641,641,332.107798938,1.89656623739e-11,-22967.5527281,Nes10_dDFE.Exponential
642,642,517.765715755,1.00619512722e-11,-22968.1956698,Nes10_dDFE.Exponential
643,643,48.030486092,0.0,-22962.2806485,Nes10_dDFE.Exponential
644,644,46.7123004874,0.0,-23012.8853939,Nes10_dDFE.Exponential
645,645,1100.18605976,1.44880774045e-11,-23074.0345586,Nes10_dDFE.Exponential
646,646,612.155616562,2.17346696196e-11,-23116.0983303,Nes10_dDFE.Exponential
647,647,968.927712537,0.0,-23005.2277899,Nes10_dDFE.Exponential
648,648,592.113214983,1.60105262381e-12,-23047.5695489,Nes10_dDFE.Exponential
649,649,889.957305887,1.09146025551e-12,-23004.3327111,Nes10_dDFE.Exponential
650,650,867.65368816,6.643074979e-12,-23083.9764937,Nes10_dDFE.Exponential
651,651,11.1576792129,2.31592628408e-09,-23081.6648725,Nes10_dDFE.Exponential
652,652,6.61656050588,1.44047473949e-09,-23025.6369697,Nes10_dDFE.Exponential
653,653,631.08077218,0.0,-23090.2159137,Nes10_dDFE.Exponential
654,654,1216.58769403,2.40157893572e-12,-23056.0055342,Nes10_dDFE.Exponential
655,655,229.20671901,4.49107417921e-12,-23027.8834978,Nes10_dDFE.Exponential
656,656,514.685435322,2.01388905552e-12,-22993.7076191,Nes10_dDFE.Exponential
657,657,2597.20646102,3.21812576587e-11,-23026.1022523,Nes10_dDFE.Exponential
658,658,3.77762668646,4.44608655448e-09,-23106.3684986,Nes10_dDFE.Exponential
659,659,595.152647721,1.80755410639e-12,-22987.3869624,Nes10_dDFE.Exponential
660,660,8.4606993524,0.0,-23024.6673026,Nes10_dDFE.Exponential
661,661,731.04438437,1.26078036899e-11,-23006.9799991,Nes10_dDFE.Exponential
662,662,402.065499794,2.72448730243e-12,-23042.8191465,Nes10_dDFE.Exponential
663,663,590.290424891,9.7088448392e-12,-23052.2093792,Nes10_dDFE.Exponential
664,664,720.751844424,3.58458818184e-11,-23046.4055334,Nes10_dDFE.Exponential
665,665,61.3657182518,2.20347629032e-11,-23017.0925969,Nes10_dDFE.Exponential
666,666,16.2497818919,4.817313215e-12,-23044.8526025,Nes10_dDFE.Exponential
667,667,124.806395092,2.76621503481e-11,-23064.1988868,Nes10_dDFE.Exponential
668,668,317.745622671,8.73967564985e-13,-23111.8083659,Nes10_dDFE.Exponential
669,669,361.780156577,3.61671803617e-12,-23060.984421,Nes10_dDFE.Exponential
670,670,580.982606403,2.6282309662e-12,-23004.9036683,Nes10_dDFE.Exponential
671,671,1272.86323051,4.90552043431e-13,-23032.0459178,Nes10_dDFE.Exponential
672,672,588.29456167,4.99600361081e-15,-23106.3824656,Nes10_dDFE.Exponential
673,673,487.86365263,4.63118432492e-12,-22913.2942874,Nes10_dDFE.Exponential
674,674,350.432364852,6.64523991389e-13,-22982.4423789,Nes10_dDFE.Exponential
675,675,834.237803257,1.9010459873e-11,-23066.0668498,Nes10_dDFE.Exponential
676,676,909.300952443,4.93111107502e-12,-22959.4922089,Nes10_dDFE.Exponential
677,677,546.493118241,2.12657669252e-12,-23070.5781707,Nes10_dDFE.Exponential
678,678,758.03735731,1.05471187339e-15,-23109.133175,Nes10_dDFE.Exponential
679,679,904.772575899,2.41973108217e-12,-22955.1131812,Nes10_dDFE.Exponential
680,680,1663.19650645,4.49640324973e-12,-22983.8071911,Nes10_dDFE.Exponential
681,681,263.903415359,6.12238038045e-12,-22976.475499,Nes10_dDFE.Exponential
682,682,743.424227618,8.9223073374e-13,-23037.7700709,Nes10_dDFE.Exponential
683,683,311.378593252,2.52971532611e-11,-23060.6931811,Nes10_dDFE.Exponential
684,684,5.6125686273,2.22044604925e-16,-22999.9798871,Nes10_dDFE.Exponential
685,685,1.49355933393,3.2740881456e-07,-23040.2852236,Nes10_dDFE.Exponential
686,686,565.076375593,4.29822843984e-13,-22971.7061438,Nes10_dDFE.Exponential
687,687,1334.21365995,7.96378518686e-11,-22907.9931961,Nes10_dDFE.Exponential
688,688,4118.36733647,5.7748400506e-10,-23035.9818932,Nes10_dDFE.Exponential
689,689,827.640156824,1.91346938294e-13,-23066.1476522,Nes10_dDFE.Exponential
690,690,6.12903730879,1.9920747274e-09,-22987.1030285,Nes10_dDFE.Exponential
691,691,5164.24723216,6.36901642537e-12,-23067.3098096,Nes10_dDFE.Exponential
692,692,610.001511544,1.01001429442e-11,-23015.004149,Nes10_dDFE.Exponential
693,693,843.83555009,1.65367719518e-13,-22953.4498462,Nes10_dDFE.Exponential
694,694,504.058157505,5.55111512313e-17,-22999.0413133,Nes10_dDFE.Exponential
695,695,121.264447755,2.75029998775e-11,-23010.9560172,Nes10_dDFE.Exponential
696,696,561.899753902,1.02741704033e-11,-23065.1617105,Nes10_dDFE.Exponential
697,697,2.73527192851,9.40125099991e-09,-22999.4837171,Nes10_dDFE.Exponential
698,698,779.324281111,1.76708647714e-12,-23062.3873126,Nes10_dDFE.Exponential
699,699,294.664560317,0.0,-23038.3205211,Nes10_dDFE.Exponential
700,700,1.67112922206,1.66678690294e-08,-23001.2769653,Nes10_dDFE.Exponential
701,701,278.498691897,1.65908398131e-11,-22904.4136285,Nes10_dDFE.Exponential
702,702,233.08952976,1.19025345136e-11,-22936.7902238,Nes10_dDFE.Exponential
703,703,680.307142822,3.75738329339e-12,-22945.452055,Nes10_dDFE.Exponential
704,704,733.336558699,3.4957092776e-11,-22981.2728974,Nes10_dDFE.Exponential
705,705,615.410060769,2.53241871917e-13,-23005.6624519,Nes10_dDFE.Exponential
706,706,2.52756773028,4.51154896774e-09,-23061.3328462,Nes10_dDFE.Exponential
707,707,900.46816881,3.0904723225e-12,-23086.4394606,Nes10_dDFE.Exponential
708,708,365.549976721,1.88477011775e-12,-23049.1588313,Nes10_dDFE.Exponential
709,709,1869.05925663,2.25301999279e-11,-22965.9919552,Nes10_dDFE.Exponential
710,710,485.584402851,7.21644966006e-14,-23006.9854366,Nes10_dDFE.Exponential
711,711,401.737018617,1.36279876273e-13,-23070.0897516,Nes10_dDFE.Exponential
712,712,387.375032226,3.12561088123e-12,-23057.7960901,Nes10_dDFE.Exponential
713,713,889.133060949,4.08423295184e-12,-22978.6631189,Nes10_dDFE.Exponential
714,714,2.06896449811,6.25385991881e-08,-23029.4856678,Nes10_dDFE.Exponential
715,715,663.160434613,8.11239964094e-13,-23073.7434666,Nes10_dDFE.Exponential
716,716,644.057605604,4.48918680007e-13,-23004.7678113,Nes10_dDFE.Exponential
717,717,261.194371337,4.91319207541e-11,-22936.754716,Nes10_dDFE.Exponential
718,718,329.864099738,5.17963449909e-12,-23054.9079267,Nes10_dDFE.Exponential
719,719,29.4590445467,5.07031983066e-09,-23001.2412632,Nes10_dDFE.Exponential
720,720,99.0492137831,3.18331583316e-10,-23007.7626836,Nes10_dDFE.Exponential
721,721,5886.69422242,3.31611405002e-11,-23031.6247635,Nes10_dDFE.Exponential
722,722,339.030272761,2.98649993624e-12,-23023.7769223,Nes10_dDFE.Exponential
723,723,720.810521932,5.54056800439e-13,-23051.8478275,Nes10_dDFE.Exponential
724,724,3940.21406298,4.8047232859e-11,-23083.5384823,Nes10_dDFE.Exponential
725,725,15872.7297679,7.40235650554e-12,-22980.3369636,Nes10_dDFE.Exponential
726,726,1918.60158555,1.68597913408e-11,-23080.7676749,Nes10_dDFE.Exponential
727,727,13.714256721,2.05026438604e-08,-23090.1440484,Nes10_dDFE.Exponential
728,728,532.467527918,4.6938342102e-11,-23091.3360957,Nes10_dDFE.Exponential
729,729,473.212045302,1.20200516207e-11,-23127.0128586,Nes10_dDFE.Exponential
730,730,165.224322785,3.79357656399e-12,-23046.9829582,Nes10_dDFE.Exponential
731,731,258.765270744,9.00162167028e-11,-23018.9377862,Nes10_dDFE.Exponential
732,732,611.152631681,5.55111512313e-17,-23016.4589038,Nes10_dDFE.Exponential
733,733,183.425138686,3.2814758133e-09,-23049.0126368,Nes10_dDFE.Exponential
734,734,18798.0826027,4.20978252258e-10,-23023.6041219,Nes10_dDFE.Exponential
735,735,7713.9764494,9.58752521818e-11,-23017.6396312,Nes10_dDFE.Exponential
736,736,4.89591335551,6.62674142227e-08,-23009.6326951,Nes10_dDFE.Exponential
737,737,963.590446236,7.8761441813e-12,-23108.248622,Nes10_dDFE.Exponential
738,738,137.359206832,5.91532378635e-12,-23011.4232605,Nes10_dDFE.Exponential
739,739,25.4725531426,1.14645293259e-10,-22974.6246992,Nes10_dDFE.Exponential
740,740,322.369260142,9.69835323161e-13,-23107.6595689,Nes10_dDFE.Exponential
741,741,23.8090195256,1.25505106308e-10,-22979.7680744,Nes10_dDFE.Exponential
742,742,519.809431916,5.55111512313e-17,-23109.7354918,Nes10_dDFE.Exponential
743,743,560.587771005,1.86484161446e-12,-23042.1698073,Nes10_dDFE.Exponential
744,744,90.875427877,7.56779749977e-10,-23070.4644937,Nes10_dDFE.Exponential
745,745,578.180831358,1.48633882979e-11,-23075.1804236,Nes10_dDFE.Exponential
746,746,475.886477437,1.22578613926e-11,-22993.1375421,Nes10_dDFE.Exponential
747,747,710.857074349,4.29251079126e-12,-22969.2172997,Nes10_dDFE.Exponential
748,748,20.4021088054,2.52583898241e-10,-22990.6700146,Nes10_dDFE.Exponential
749,749,776.050094969,1.96898053417e-13,-23023.2890352,Nes10_dDFE.Exponential
750,750,50.1359409145,3.20395698861e-09,-23027.2555383,Nes10_dDFE.Exponential
751,751,219.947841101,8.43747294255e-12,-22966.8265645,Nes10_dDFE.Exponential
752,752,585.741074773,1.01052499701e-12,-22973.9595388,Nes10_dDFE.Exponential
753,753,848.629565049,3.36541905455e-12,-23050.8124483,Nes10_dDFE.Exponential
754,754,692.674320134,9.27546928153e-12,-23040.6613144,Nes10_dDFE.Exponential
755,755,206.092040433,5.23858734169e-13,-23064.3577635,Nes10_dDFE.Exponential
756,756,2.03849130076,1.18853896169e-08,-23057.5309461,Nes10_dDFE.Exponential
757,757,524.022915775,2.18813855923e-12,-23038.002454,Nes10_dDFE.Exponential
758,758,540.302404853,7.11319891877e-13,-22932.6323394,Nes10_dDFE.Exponential
759,759,118.710224126,3.18630677398e-11,-23050.9564942,Nes10_dDFE.Exponential
760,760,804.489624677,6.56141807553e-14,-23097.7054486,Nes10_dDFE.Exponential
761,761,6.15227227124,1.51546441174e-07,-23041.4815711,Nes10_dDFE.Exponential
762,762,719.815276761,1.82021064887e-13,-23026.7706175,Nes10_dDFE.Exponential
763,763,186.191030378,1.53802470759e-10,-23019.9685983,Nes10_dDFE.Exponential
764,764,1090.476489,3.93740595683e-13,-23054.953884,Nes10_dDFE.Exponential
765,765,567.046463012,4.99983388025e-12,-23022.4113686,Nes10_dDFE.Exponential
766,766,2264.03355183,2.01381689102e-11,-23043.5406785,Nes10_dDFE.Exponential
767,767,1249.31021408,2.02474148558e-11,-23074.3552084,Nes10_dDFE.Exponential
768,768,118.518165434,1.88486670716e-10,-23076.8120988,Nes10_dDFE.Exponential
769,769,820.183816945,3.31679128607e-13,-23048.8547355,Nes10_dDFE.Exponential
770,770,277.834560607,3.00122149355e-11,-22962.5184318,Nes10_dDFE.Exponential
771,771,41.3871712227,4.51276627178e-10,-23040.8152424,Nes10_dDFE.Exponential
772,772,611.947597849,1.45439216226e-12,-22917.2588633,Nes10_dDFE.Exponential
773,773,3.02151207787,3.52080131771e-07,-22954.6223573,Nes10_dDFE.Exponential
774,774,706.377783862,1.7896795157e-13,-23017.6434904,Nes10_dDFE.Exponential
775,775,225.671638702,7.79354358826e-12,-23077.5481148,Nes10_dDFE.Exponential
776,776,936.911630171,8.78985773056e-12,-23014.6281736,Nes10_dDFE.Exponential
777,777,4.26311849577,2.10628114283e-07,-23049.5611874,Nes10_dDFE.Exponential
778,778,3.3190904184,3.69405753764e-08,-23029.5179248,Nes10_dDFE.Exponential
779,779,569.024322945,8.72302230448e-13,-22985.1478939,Nes10_dDFE.Exponential
780,780,859.463514184,7.13484826775e-13,-23010.7157177,Nes10_dDFE.Exponential
781,781,798.263413052,3.19577697638e-13,-23020.105452,Nes10_dDFE.Exponential
782,782,889.238490179,8.59307069945e-12,-23071.026795,Nes10_dDFE.Exponential
783,783,246.875215535,3.82421871947e-12,-23028.5798045,Nes10_dDFE.Exponential
784,784,691.125518453,2.02726724297e-13,-22996.9616691,Nes10_dDFE.Exponential
785,785,13.9863700164,1.29268687421e-08,-23062.054253,Nes10_dDFE.Exponential
786,786,525.103018415,2.58992827185e-12,-22992.4789199,Nes10_dDFE.Exponential
787,787,1001.9741854,2.45564679702e-12,-22957.4523185,Nes10_dDFE.Exponential
788,788,16.7598431202,0.0,-23102.983822,Nes10_dDFE.Exponential
789,789,559.798061939,2.67973421231e-11,-23054.745837,Nes10_dDFE.Exponential
790,790,689.805512475,6.61137811164e-13,-23038.8393198,Nes10_dDFE.Exponential
791,791,636.413873578,5.55111512313e-17,-22913.5918933,Nes10_dDFE.Exponential
792,792,238.969683174,1.36636313375e-10,-22987.6665574,Nes10_dDFE.Exponential
793,793,91.2640517916,4.46914172336e-11,-23018.456312,Nes10_dDFE.Exponential
794,794,11.112558269,1.06533298849e-09,-23045.5894989,Nes10_dDFE.Exponential
795,795,431.205748302,3.76337849772e-12,-23105.7592831,Nes10_dDFE.Exponential
796,796,1117.05449529,9.83213510608e-13,-22936.2822888,Nes10_dDFE.Exponential
797,797,651.485882585,8.75022276858e-13,-23134.0189287,Nes10_dDFE.Exponential
798,798,657.444229228,5.00705032991e-12,-22994.8467469,Nes10_dDFE.Exponential
799,799,177.303333184,6.77574663044e-12,-22966.8467705,Nes10_dDFE.Exponential
800,800,383.354934437,5.14949194397e-12,-22977.3255855,Nes10_dDFE.Exponential
801,801,1186.65242527,2.4663604492e-13,-23049.2512047,Nes10_dDFE.Exponential
802,802,959.934369664,3.9900305282e-12,-22942.138238,Nes10_dDFE.Exponential
803,803,1673.51725594,4.8331338931e-12,-23021.5896746,Nes10_dDFE.Exponential
804,804,552.490259978,7.69095898079e-12,-22994.5424073,Nes10_dDFE.Exponential
805,805,877.37613141,2.26174634577e-12,-23055.4780917,Nes10_dDFE.Exponential
806,806,607.588050903,1.49809609162e-11,-23050.1570449,Nes10_dDFE.Exponential
807,807,853.157877861,7.34495797516e-12,-22991.3274737,Nes10_dDFE.Exponential
808,808,405.050225799,1.11960440918e-12,-23067.9537382,Nes10_dDFE.Exponential
809,809,535.303916813,0.0,-23041.2356406,Nes10_dDFE.Exponential
810,810,885.230067939,1.40387701464e-13,-23093.7007683,Nes10_dDFE.Exponential
811,811,12.4453229954,4.07277545023e-11,-22997.6017191,Nes10_dDFE.Exponential
812,812,717.175533808,1.37630462582e-11,-23091.451675,Nes10_dDFE.Exponential
813,813,330.814136383,3.00653946184e-12,-22992.2123327,Nes10_dDFE.Exponential
814,814,480.799906297,2.14622764005e-12,-23078.7876004,Nes10_dDFE.Exponential
815,815,354.943838096,4.75430805835e-12,-22980.1861423,Nes10_dDFE.Exponential
816,816,31.2161162105,6.33151753249e-10,-23070.1837066,Nes10_dDFE.Exponential
817,817,244.879539609,5.25746113311e-13,-23036.3439371,Nes10_dDFE.Exponential
818,818,623.902334501,4.52693438291e-13,-23002.7772611,Nes10_dDFE.Exponential
819,819,25.5492499144,1.00563390948e-10,-23061.8029449,Nes10_dDFE.Exponential
820,820,65.0690544175,1.45478545877e-09,-23022.3455009,Nes10_dDFE.Exponential
821,821,180.474655537,3.23349680365e-11,-23004.5660701,Nes10_dDFE.Exponential
822,822,940.978746379,6.35813623973e-12,-22996.78975,Nes10_dDFE.Exponential
823,823,641.500763453,3.6204372833e-13,-23025.63513,Nes10_dDFE.Exponential
824,824,5.02969256544,5.55111512313e-17,-22963.9231769,Nes10_dDFE.Exponential
825,825,1909.22136572,2.09166017839e-13,-23046.0276797,Nes10_dDFE.Exponential
826,826,156.520520221,3.92785803882e-12,-23018.0229119,Nes10_dDFE.Exponential
827,827,39.5360228916,9.38353844626e-09,-23005.2950212,Nes10_dDFE.Exponential
828,828,45.4737520257,8.02568955738e-10,-22999.2115639,Nes10_dDFE.Exponential
829,829,855.178758423,7.40241201669e-13,-23023.606619,Nes10_dDFE.Exponential
830,830,5.7058083297,1.4249129654e-09,-23043.5541283,Nes10_dDFE.Exponential
831,831,634.363062445,9.93172211139e-12,-23010.1973703,Nes10_dDFE.Exponential
832,832,6.47295315304,9.10819308864e-08,-22991.5221658,Nes10_dDFE.Exponential
833,833,1042.66533071,7.75490782701e-14,-22941.2595091,Nes10_dDFE.Exponential
834,834,1470.33101153,1.56720747491e-11,-22948.9529713,Nes10_dDFE.Exponential
835,835,90.151832872,7.77078401626e-12,-23005.0298162,Nes10_dDFE.Exponential
836,836,88.5135964513,7.07868708094e-10,-22993.3795871,Nes10_dDFE.Exponential
837,837,490.055602922,3.07642800124e-13,-22993.474677,Nes10_dDFE.Exponential
838,838,1946.86738619,5.55833157279e-13,-23023.0622188,Nes10_dDFE.Exponential
839,839,646.698516524,3.48998607791e-13,-23066.2814061,Nes10_dDFE.Exponential
840,840,187.402326321,1.67749147906e-12,-23018.0188657,Nes10_dDFE.Exponential
841,841,25.4680055995,2.41770642395e-09,-23133.4241025,Nes10_dDFE.Exponential
842,842,520.514179046,2.393973908e-12,-23051.9147827,Nes10_dDFE.Exponential
843,843,731.063268936,1.05815356477e-12,-23091.8328668,Nes10_dDFE.Exponential
844,844,717.799934823,4.28601598657e-13,-23013.9854643,Nes10_dDFE.Exponential
845,845,756.334160505,8.59834425881e-12,-22996.8845464,Nes10_dDFE.Exponential
846,846,824.245364705,2.79554157601e-13,-22969.1052173,Nes10_dDFE.Exponential
847,847,963.144682372,3.78974629456e-12,-22884.1356698,Nes10_dDFE.Exponential
848,848,925.399392465,4.12669898253e-13,-22994.552845,Nes10_dDFE.Exponential
849,849,536.743099341,1.15951692692e-12,-23064.2295083,Nes10_dDFE.Exponential
850,850,558.017696292,1.55299106908e-11,-23050.7557021,Nes10_dDFE.Exponential
851,851,237.854837452,2.10544359724e-11,-22984.5186003,Nes10_dDFE.Exponential
852,852,981.559131201,4.13402645449e-12,-22960.7001583,Nes10_dDFE.Exponential
853,853,896.622629354,1.07425179863e-12,-23071.0589049,Nes10_dDFE.Exponential
854,854,715.253982765,9.4634300396e-12,-23061.1920593,Nes10_dDFE.Exponential
855,855,500.916200375,8.07687250415e-13,-23003.672924,Nes10_dDFE.Exponential
856,856,669.737463075,2.17104112465e-13,-23074.3579655,Nes10_dDFE.Exponential
857,857,965.498257257,3.5978997559e-12,-23055.6616511,Nes10_dDFE.Exponential
858,858,1049.18734784,1.34170452526e-13,-22983.2141952,Nes10_dDFE.Exponential
859,859,100.185697812,2.66090038892e-10,-23104.1004085,Nes10_dDFE.Exponential
860,860,281.543123896,2.18334794688e-11,-22937.5567135,Nes10_dDFE.Exponential
861,861,789.875760835,4.72788475037e-12,-23061.1843162,Nes10_dDFE.Exponential
862,862,964.209349485,1.82089343603e-11,-23002.1106176,Nes10_dDFE.Exponential
863,863,818.300550791,4.41513492433e-12,-23078.9190899,Nes10_dDFE.Exponential
864,864,628.21074311,4.36239933066e-12,-23022.5505712,Nes10_dDFE.Exponential
865,865,158.846015482,0.0,-23026.250113,Nes10_dDFE.Exponential
866,866,90.5699140651,4.4408920985e-16,-23066.8476851,Nes10_dDFE.Exponential
867,867,790.880712214,2.15533146886e-12,-22981.6646471,Nes10_dDFE.Exponential
868,868,13.9205040901,4.14331186027e-09,-23004.3496574,Nes10_dDFE.Exponential
869,869,2076.34246059,3.20339310633e-11,-22994.9031735,Nes10_dDFE.Exponential
870,870,248.393808998,3.09746672755e-12,-23007.3415834,Nes10_dDFE.Exponential
871,871,537.013466357,2.666700194e-12,-23153.0449607,Nes10_dDFE.Exponential
872,872,90.5169338935,3.8215342002e-10,-23101.6643034,Nes10_dDFE.Exponential
873,873,220.997721882,9.56068557656e-13,-23085.5807245,Nes10_dDFE.Exponential
874,874,48.6935146231,1.01320574153e-09,-23045.1091869,Nes10_dDFE.Exponential
875,875,86.6935081039,6.00524852068e-10,-23000.3610394,Nes10_dDFE.Exponential
876,876,26.8173481508,8.34922686543e-11,-23030.8632588,Nes10_dDFE.Exponential
877,877,856.765622393,0.0,-23025.3156679,Nes10_dDFE.Exponential
878,878,99.5060493157,1.88183912897e-10,-23002.6340083,Nes10_dDFE.Exponential
879,879,906.697038897,6.3747895851e-12,-23039.6128079,Nes10_dDFE.Exponential
880,880,101.50311791,2.05347239213e-10,-22909.5634197,Nes10_dDFE.Exponential
881,881,598.571803772,6.69853061908e-13,-23000.2953274,Nes10_dDFE.Exponential
882,882,587.070281043,7.59642349024e-12,-23012.310517,Nes10_dDFE.Exponential
883,883,84.9728637544,0.0,-23045.5724486,Nes10_dDFE.Exponential
884,884,841.002481767,1.73860925656e-13,-23051.7181095,Nes10_dDFE.Exponential
885,885,807.957080481,4.89219775801e-13,-23072.3369905,Nes10_dDFE.Exponential
886,886,7.449043125,8.31221931286e-08,-23007.4647176,Nes10_dDFE.Exponential
887,887,773.851814906,2.90784063495e-12,-23042.3837148,Nes10_dDFE.Exponential
888,888,370.565107548,5.75350878051e-12,-22984.5165091,Nes10_dDFE.Exponential
889,889,574.348104798,5.68603497619e-11,-23068.8894566,Nes10_dDFE.Exponential
890,890,1467.3208898,2.6015467558e-11,-23082.3690746,Nes10_dDFE.Exponential
891,891,1993.35542161,2.02110550518e-12,-23013.2988383,Nes10_dDFE.Exponential
892,892,582.634873189,8.78996875286e-12,-23075.0051538,Nes10_dDFE.Exponential
893,893,141.620012816,4.73437955506e-12,-23014.7446236,Nes10_dDFE.Exponential
894,894,766.882694638,9.33364496802e-13,-22938.5388612,Nes10_dDFE.Exponential
895,895,942.217344105,3.39728245535e-13,-23050.1971043,Nes10_dDFE.Exponential
896,896,1820.33684683,5.55111512313e-17,-23004.0584665,Nes10_dDFE.Exponential
897,897,917.194408426,1.60704782814e-13,-23125.7019351,Nes10_dDFE.Exponential
898,898,493.036044076,3.30674376769e-12,-23051.5318118,Nes10_dDFE.Exponential
899,899,699.159300996,0.0,-22965.2531703,Nes10_dDFE.Exponential
900,900,35.1973159119,8.67798777282e-10,-22964.4943098,Nes10_dDFE.Exponential
901,901,191.802243705,5.87138115904e-11,-23021.0267219,Nes10_dDFE.Exponential
902,902,763.800584893,5.55111512313e-17,-23073.8836272,Nes10_dDFE.Exponential
903,903,895.2953374,4.10832479147e-12,-23037.6186613,Nes10_dDFE.Exponential
904,904,684.367071915,5.55111512313e-17,-23070.1291883,Nes10_dDFE.Exponential
905,905,49.0007778841,5.55111512313e-17,-23023.0080227,Nes10_dDFE.Exponential
906,906,672.903031477,1.63369318074e-13,-22956.1765882,Nes10_dDFE.Exponential
907,907,106.702672406,0.0,-22991.347075,Nes10_dDFE.Exponential
908,908,709.055236393,2.60036991939e-11,-23092.0100134,Nes10_dDFE.Exponential
909,909,173.185674329,3.04156699826e-12,-23018.6825177,Nes10_dDFE.Exponential
910,910,844.760326871,6.28996854601e-13,-23031.1465663,Nes10_dDFE.Exponential
911,911,23.2702520377,2.05361450067e-10,-22966.6109952,Nes10_dDFE.Exponential
912,912,88.0385062978,8.98925378578e-12,-23044.147151,Nes10_dDFE.Exponential
913,913,42.0980149444,4.49061961505e-08,-23005.7645576,Nes10_dDFE.Exponential
914,914,45.8401965013,1.052723686e-09,-22997.0841403,Nes10_dDFE.Exponential
915,915,444.787146511,3.83332254827e-12,-22952.4075032,Nes10_dDFE.Exponential
916,916,2864.51434338,1.88909998755e-12,-22923.8889848,Nes10_dDFE.Exponential
917,917,1200.11801683,2.49772424965e-12,-22976.017821,Nes10_dDFE.Exponential
918,918,2.04534835713,9.08871944372e-09,-23038.2157398,Nes10_dDFE.Exponential
919,919,62.0261921838,4.67431093831e-11,-23002.7124447,Nes10_dDFE.Exponential
920,920,12.864070923,2.30488241826e-08,-22994.1827127,Nes10_dDFE.Exponential
921,921,155.848977571,3.71996322635e-11,-22943.9481426,Nes10_dDFE.Exponential
922,922,1295.36703775,1.61326507708e-12,-22999.4534778,Nes10_dDFE.Exponential
923,923,8.91097695327,6.95854035504e-09,-23074.0916611,Nes10_dDFE.Exponential
924,924,264.570904771,1.18088316903e-11,-23028.8928356,Nes10_dDFE.Exponential
925,925,19.2799672563,7.56745049957e-09,-23034.130736,Nes10_dDFE.Exponential
926,926,232.367433637,2.78205236626e-12,-22967.167054,Nes10_dDFE.Exponential
927,927,672.558459507,3.44113626483e-13,-22913.7223026,Nes10_dDFE.Exponential
928,928,1084.72706745,6.74627020913e-13,-23083.5699293,Nes10_dDFE.Exponential
929,929,952.310633659,1.07991393605e-12,-23009.3044718,Nes10_dDFE.Exponential
930,930,675.254018252,9.20041820507e-13,-23019.82763,Nes10_dDFE.Exponential
931,931,377.789257588,8.68416449862e-13,-23058.3376912,Nes10_dDFE.Exponential
932,932,85.2240599031,4.8661252805e-10,-22984.7197723,Nes10_dDFE.Exponential
933,933,261.445120879,5.74407188481e-12,-23032.6104015,Nes10_dDFE.Exponential
934,934,777.848797153,2.77555756156e-16,-22962.2927875,Nes10_dDFE.Exponential
935,935,174.16752863,4.79527528796e-12,-23068.1655355,Nes10_dDFE.Exponential
936,936,187.977565819,1.73293573935e-09,-23051.9624763,Nes10_dDFE.Exponential
937,937,319.548127953,2.387368081e-12,-22997.2915051,Nes10_dDFE.Exponential
938,938,14.7558221766,2.17827200721e-09,-23014.8720158,Nes10_dDFE.Exponential
939,939,2167.54321982,3.88123977402e-11,-22999.1127396,Nes10_dDFE.Exponential
940,940,352.945773197,2.05613304161e-12,-23082.8667568,Nes10_dDFE.Exponential
941,941,1.83536643905,1.27398576188e-07,-22958.370759,Nes10_dDFE.Exponential
942,942,629.645763157,2.82934786711e-12,-23056.0144293,Nes10_dDFE.Exponential
943,943,441.882667611,3.11192183133e-11,-23041.2509558,Nes10_dDFE.Exponential
944,944,4.54842784159,0.0,-22998.2477764,Nes10_dDFE.Exponential
945,945,815.834630544,0.0,-23052.142482,Nes10_dDFE.Exponential
946,946,2393.21580196,1.27625132684e-11,-23012.5862053,Nes10_dDFE.Exponential
947,947,1243.00896445,5.91193760613e-14,-23050.3074193,Nes10_dDFE.Exponential
948,948,544.005359903,4.94382312866e-13,-23042.1962915,Nes10_dDFE.Exponential
949,949,565.922887739,1.3515188968e-11,-23080.3945791,Nes10_dDFE.Exponential
950,950,248.747391984,3.14676062985e-11,-22929.8206572,Nes10_dDFE.Exponential
951,951,605.645709853,3.25578453086e-12,-23011.527936,Nes10_dDFE.Exponential
952,952,448.528855867,6.18083362269e-11,-23019.0480249,Nes10_dDFE.Exponential
953,953,1071.36671385,1.58311697085e-11,-22971.7585422,Nes10_dDFE.Exponential
954,954,351.011277962,1.13072884389e-11,-22987.2336134,Nes10_dDFE.Exponential
955,955,1002.16178611,2.67869060266e-12,-23001.4163602,Nes10_dDFE.Exponential
956,956,927.264088667,9.26647647503e-13,-23038.0061609,Nes10_dDFE.Exponential
957,957,759.561159974,2.66064947851e-13,-22978.2721401,Nes10_dDFE.Exponential
958,958,2556.75676177,5.27655696914e-12,-22996.6601619,Nes10_dDFE.Exponential
959,959,196.292829021,3.56364937559e-12,-23108.8974003,Nes10_dDFE.Exponential
960,960,29.5985340917,2.51118281724e-09,-23097.5772917,Nes10_dDFE.Exponential
961,961,819.460423532,5.27461407884e-12,-23076.6738587,Nes10_dDFE.Exponential
962,962,702.595028912,7.31686933264e-12,-23049.3779168,Nes10_dDFE.Exponential
963,963,1317.71533446,8.09396993873e-12,-23015.1378684,Nes10_dDFE.Exponential
964,964,227.917666383,7.07656155896e-12,-23008.9210616,Nes10_dDFE.Exponential
965,965,63.0728671724,2.80509504513e-11,-23131.5546631,Nes10_dDFE.Exponential
966,966,313.494663124,5.55111512313e-17,-23088.2487986,Nes10_dDFE.Exponential
967,967,103.764673754,2.05500227946e-10,-22989.2735197,Nes10_dDFE.Exponential
968,968,421.430148041,2.71223044024e-11,-23006.9557828,Nes10_dDFE.Exponential
969,969,373.128669177,9.39065492034e-12,-23013.4895379,Nes10_dDFE.Exponential
970,970,1317.27109942,2.98895741491e-10,-23035.3193235,Nes10_dDFE.Exponential
971,971,153.292129614,4.50334214364e-12,-22992.0595252,Nes10_dDFE.Exponential
972,972,14.6317862841,0.0,-22990.2918194,Nes10_dDFE.Exponential
973,973,179.482608283,4.41868763801e-14,-23031.660418,Nes10_dDFE.Exponential
974,974,2331.98275676,1.56016310981e-11,-23016.2293698,Nes10_dDFE.Exponential
975,975,32.0658160604,1.84833137684e-09,-23165.0229027,Nes10_dDFE.Exponential
976,976,17.3107771917,1.02799674884e-08,-23056.3198131,Nes10_dDFE.Exponential
977,977,25.3765706969,1.2480946332e-08,-23053.7160962,Nes10_dDFE.Exponential
978,978,1344.19254202,1.9206858326e-13,-23036.4687655,Nes10_dDFE.Exponential
979,979,1496.03432915,1.7697510124e-12,-23088.5441983,Nes10_dDFE.Exponential
980,980,385.686890546,1.24568688697e-11,-23023.301836,Nes10_dDFE.Exponential
981,981,810.64357106,1.53543844306e-13,-23022.357312,Nes10_dDFE.Exponential
982,982,880.762680896,4.3193226773e-13,-22994.3994515,Nes10_dDFE.Exponential
983,983,160.912675687,3.51202289472e-10,-22956.2915622,Nes10_dDFE.Exponential
984,984,740.177592333,5.77254910539e-12,-23129.1756138,Nes10_dDFE.Exponential
985,985,2.00745917434,0.0,-23117.3691999,Nes10_dDFE.Exponential
986,986,953.882304583,6.86645185155e-12,-23021.3517484,Nes10_dDFE.Exponential
987,987,802.638714213,1.93629556833e-11,-23151.7831623,Nes10_dDFE.Exponential
988,988,408.089592517,1.38078992684e-11,-23002.3076278,Nes10_dDFE.Exponential
989,989,755.258202915,1.79084524987e-12,-22987.2347665,Nes10_dDFE.Exponential
990,990,46.9725713873,3.45824480164e-11,-23159.9912951,Nes10_dDFE.Exponential
991,991,634.617827047,4.14901446533e-12,-22984.9608165,Nes10_dDFE.Exponential
992,992,1107.25742299,5.55111512313e-17,-22988.5442114,Nes10_dDFE.Exponential
993,993,581.660355649,3.07609493433e-12,-23006.4049163,Nes10_dDFE.Exponential
994,994,115.290614733,3.09315462133e-10,-22952.3725423,Nes10_dDFE.Exponential
995,995,11272.2666636,1.14437403997e-10,-23025.6974346,Nes10_dDFE.Exponential
996,996,346.910759704,4.18942658342e-13,-23024.3084477,Nes10_dDFE.Exponential
997,997,416.268248588,1.09767195333e-11,-22906.042183,Nes10_dDFE.Exponential
998,998,579.541840954,3.00998115321e-12,-23025.5395893,Nes10_dDFE.Exponential
999,999,112.83034858,1.88591919859e-11,-22936.5234112,Nes10_dDFE.Exponential
