,rep,NeSa,pa,AIC,identifier
0,0,795.546529402,3.88578058619e-16,-23179.9620668,Nes10_dDFE.Exponential_div10
1,1,398.837316619,2.54551935086e-12,-23209.7198831,Nes10_dDFE.Exponential_div10
2,2,21.2733808817,7.31409377508e-12,-23137.2729364,Nes10_dDFE.Exponential_div10
3,3,791.113571816,1.37589939442e-12,-23124.3682259,Nes10_dDFE.Exponential_div10
4,4,288.082770501,1.33369426614e-11,-23196.8239231,Nes10_dDFE.Exponential_div10
5,5,22.1928099692,4.83364687165e-09,-23148.0980776,Nes10_dDFE.Exponential_div10
6,6,409.634604515,7.02238267536e-12,-23191.4944133,Nes10_dDFE.Exponential_div10
7,7,1115.55914593,5.38569189246e-13,-23160.1672837,Nes10_dDFE.Exponential_div10
8,8,894.833076246,1.72202807569e-11,-23145.6904277,Nes10_dDFE.Exponential_div10
9,9,189.93417827,8.6093132623e-11,-23181.089257,Nes10_dDFE.Exponential_div10
10,10,950.339428377,3.42448291946e-13,-23194.174993,Nes10_dDFE.Exponential_div10
11,11,504.079450168,1.30376265339e-11,-23276.8347671,Nes10_dDFE.Exponential_div10
12,12,23.5272191025,0.0,-23113.9328944,Nes10_dDFE.Exponential_div10
13,13,188.437948833,1.12860831791e-11,-23196.6731314,Nes10_dDFE.Exponential_div10
14,14,2060.57833021,1.28841382008e-13,-23098.723119,Nes10_dDFE.Exponential_div10
15,15,99.3794928998,2.90760526767e-10,-23189.7649829,Nes10_dDFE.Exponential_div10
16,16,6.33033551989,5.55111512313e-17,-23167.137204,Nes10_dDFE.Exponential_div10
17,17,34.4074562201,7.25313697991e-11,-23203.3464655,Nes10_dDFE.Exponential_div10
18,18,782.460721369,8.03684896411e-12,-23172.3879475,Nes10_dDFE.Exponential_div10
19,19,130.610302843,1.73460690256e-11,-23234.2383645,Nes10_dDFE.Exponential_div10
20,20,837.264607838,1.99962268965e-12,-23116.7048889,Nes10_dDFE.Exponential_div10
21,21,589.586860327,1.6964096794e-11,-23204.1721242,Nes10_dDFE.Exponential_div10
22,22,414.349571508,2.29591901046e-11,-23186.3320185,Nes10_dDFE.Exponential_div10
23,23,837.145762078,2.06445971429e-13,-23154.7606532,Nes10_dDFE.Exponential_div10
24,24,925.362070462,2.49633647087e-13,-23177.2110866,Nes10_dDFE.Exponential_div10
25,25,420.285437251,1.33903999e-12,-23241.5135818,Nes10_dDFE.Exponential_div10
26,26,1170.36241573,1.06498143637e-12,-23131.9322558,Nes10_dDFE.Exponential_div10
27,27,99.6390268685,0.0,-23192.586273,Nes10_dDFE.Exponential_div10
28,28,342.906342699,3.30552252237e-12,-23127.221303,Nes10_dDFE.Exponential_div10
29,29,1495.04627701,8.48210390814e-14,-23207.4153507,Nes10_dDFE.Exponential_div10
30,30,528.37633588,1.91618387824e-11,-23101.783457,Nes10_dDFE.Exponential_div10
31,31,282.280028298,5.35712030292e-11,-23158.1728318,Nes10_dDFE.Exponential_div10
32,32,495.208433434,3.22464277502e-13,-23247.8282117,Nes10_dDFE.Exponential_div10
33,33,777.194739107,2.81441536742e-13,-23183.7269856,Nes10_dDFE.Exponential_div10
34,34,648.563877989,4.85833595576e-13,-23233.9691074,Nes10_dDFE.Exponential_div10
35,35,37.6471434806,4.08838518595e-11,-23142.7379745,Nes10_dDFE.Exponential_div10
36,36,62.4278696071,3.90589227628e-11,-23166.6960518,Nes10_dDFE.Exponential_div10
37,37,506.121306677,1.98019378672e-12,-23104.9501354,Nes10_dDFE.Exponential_div10
38,38,1154.25842886,1.28062560556e-11,-23237.689162,Nes10_dDFE.Exponential_div10
39,39,372.162855987,7.9214412807e-14,-23185.9630806,Nes10_dDFE.Exponential_div10
40,40,1248.65112327,3.92730292731e-12,-23191.9243754,Nes10_dDFE.Exponential_div10
41,41,744.735114332,3.28914673275e-12,-23164.7026994,Nes10_dDFE.Exponential_div10
42,42,399.281304801,2.02496353019e-11,-23145.8197941,Nes10_dDFE.Exponential_div10
43,43,792.564035736,9.86932757741e-13,-23179.2551288,Nes10_dDFE.Exponential_div10
44,44,401.423627581,2.54529730626e-12,-23142.8441341,Nes10_dDFE.Exponential_div10
45,45,967.575507042,4.75786077203e-13,-23153.3550213,Nes10_dDFE.Exponential_div10
46,46,83.870873095,1.9822032904e-11,-23152.944646,Nes10_dDFE.Exponential_div10
47,47,2.09809477542,2.71152616416e-07,-23173.2514166,Nes10_dDFE.Exponential_div10
48,48,273.748550543,3.37369021608e-12,-23191.4976231,Nes10_dDFE.Exponential_div10
49,49,0.996373621887,0.00239358250361,-23123.1057602,Nes10_dDFE.Exponential_div10
50,50,610.442852257,1.8720136552e-11,-23150.2056991,Nes10_dDFE.Exponential_div10
51,51,796.855321694,8.90892914995e-12,-23188.4042608,Nes10_dDFE.Exponential_div10
52,52,837.98950746,2.27634577854e-12,-23167.0411331,Nes10_dDFE.Exponential_div10
53,53,887.825332733,3.87567755666e-12,-23184.6411792,Nes10_dDFE.Exponential_div10
54,54,1511.38840804,2.02865502175e-12,-23108.2566712,Nes10_dDFE.Exponential_div10
55,55,1261.82234819,0.0,-23113.0529652,Nes10_dDFE.Exponential_div10
56,56,881.370714419,8.11153921809e-11,-23111.4641142,Nes10_dDFE.Exponential_div10
57,57,324.214072698,2.63679078571e-11,-23169.3471715,Nes10_dDFE.Exponential_div10
58,58,150.143658293,1.4868939413e-10,-23091.2340412,Nes10_dDFE.Exponential_div10
59,59,1.9320982223,2.602140875e-08,-23194.509589,Nes10_dDFE.Exponential_div10
60,60,498.020337052,4.83224571468e-13,-23074.2523585,Nes10_dDFE.Exponential_div10
61,61,32.3091752152,1.86690751747e-09,-23191.5194077,Nes10_dDFE.Exponential_div10
62,62,581.290088259,2.15349960087e-12,-23174.7222033,Nes10_dDFE.Exponential_div10
63,63,254.392057429,3.09463565884e-12,-23197.3841709,Nes10_dDFE.Exponential_div10
64,64,527.799232939,2.95215518697e-11,-23269.2354211,Nes10_dDFE.Exponential_div10
65,65,134.563143913,1.03607844526e-10,-23136.8728026,Nes10_dDFE.Exponential_div10
66,66,877.170146795,7.63833440942e-13,-23118.2321223,Nes10_dDFE.Exponential_div10
67,67,705.458226331,1.76347825231e-12,-23045.3764443,Nes10_dDFE.Exponential_div10
68,68,232.877805346,9.65597601876e-11,-23066.7965737,Nes10_dDFE.Exponential_div10
69,69,461.105982341,5.63543656185e-12,-23108.9611661,Nes10_dDFE.Exponential_div10
70,70,239.505745979,6.33038066411e-12,-23119.1917268,Nes10_dDFE.Exponential_div10
71,71,450.246796291,3.5459968295e-12,-23140.8982679,Nes10_dDFE.Exponential_div10
72,72,831.083657643,6.09590156131e-12,-23119.8111739,Nes10_dDFE.Exponential_div10
73,73,932.171998989,3.93352017625e-13,-23189.6042967,Nes10_dDFE.Exponential_div10
74,74,113.407065304,1.74115610818e-10,-23198.2059622,Nes10_dDFE.Exponential_div10
75,75,1521.24515412,9.13286113402e-12,-23221.4703715,Nes10_dDFE.Exponential_div10
76,76,2.16328352426,1.18781565139e-08,-23216.2805395,Nes10_dDFE.Exponential_div10
77,77,517.297176146,1.66533453694e-16,-23179.6761555,Nes10_dDFE.Exponential_div10
78,78,99.9596318985,2.28216667786e-10,-23207.0115672,Nes10_dDFE.Exponential_div10
79,79,479.805783383,2.14791517905e-11,-23102.5239075,Nes10_dDFE.Exponential_div10
80,80,693.583771632,4.52554660413e-12,-23148.7867358,Nes10_dDFE.Exponential_div10
81,81,5.40363577262,5.94858886038e-08,-23244.2428331,Nes10_dDFE.Exponential_div10
82,82,211.351447474,1.10398357123e-11,-23108.8693323,Nes10_dDFE.Exponential_div10
83,83,29.0414807487,0.0,-23099.5083992,Nes10_dDFE.Exponential_div10
84,84,6570.28472779,3.31139005105e-10,-23191.0133598,Nes10_dDFE.Exponential_div10
85,85,1517.8153928,2.82002754481e-11,-23161.3105295,Nes10_dDFE.Exponential_div10
86,86,803.057784623,1.10289555266e-12,-23049.8128744,Nes10_dDFE.Exponential_div10
87,87,1679.21845467,5.5117577169e-12,-23161.8058533,Nes10_dDFE.Exponential_div10
88,88,404.961932428,2.20068407941e-12,-23246.1645562,Nes10_dDFE.Exponential_div10
89,89,332.915964587,4.47221704114e-11,-23114.6154987,Nes10_dDFE.Exponential_div10
90,90,916.661947439,7.33801908126e-13,-23207.0598045,Nes10_dDFE.Exponential_div10
91,91,374.649417921,1.37989064619e-11,-23157.0041032,Nes10_dDFE.Exponential_div10
92,92,482.406753246,1.36746169943e-12,-23136.6110693,Nes10_dDFE.Exponential_div10
93,93,641.253510863,3.26683124996e-13,-23158.915026,Nes10_dDFE.Exponential_div10
94,94,2344.73531838,1.96676008812e-13,-23177.5705706,Nes10_dDFE.Exponential_div10
95,95,409.241493531,2.0317580951e-11,-23210.8875927,Nes10_dDFE.Exponential_div10
96,96,900.944718215,1.48686618573e-12,-23170.4642129,Nes10_dDFE.Exponential_div10
97,97,951.548241149,2.38475905689e-13,-23222.9487452,Nes10_dDFE.Exponential_div10
98,98,642.38667272,4.62685445513e-13,-23192.1182951,Nes10_dDFE.Exponential_div10
99,99,1557.07209602,3.34371419441e-12,-23109.41424,Nes10_dDFE.Exponential_div10
100,100,327.305831059,1.03995145828e-11,-23184.6334841,Nes10_dDFE.Exponential_div10
101,101,15.302683187,2.63910782117e-10,-23149.9871134,Nes10_dDFE.Exponential_div10
102,102,449.270220692,3.58808538437e-11,-23133.1843498,Nes10_dDFE.Exponential_div10
103,103,648.730617235,2.18375317829e-12,-23155.9180828,Nes10_dDFE.Exponential_div10
104,104,544.842623052,8.65973959208e-14,-23085.5315388,Nes10_dDFE.Exponential_div10
105,105,1438.71711085,4.93383112143e-13,-23143.7664177,Nes10_dDFE.Exponential_div10
106,106,557.564591472,4.99600361081e-16,-23137.052103,Nes10_dDFE.Exponential_div10
107,107,698.176547365,3.97715194111e-12,-23209.7091839,Nes10_dDFE.Exponential_div10
108,108,255.246864558,1.0180079002e-11,-23173.0823367,Nes10_dDFE.Exponential_div10
109,109,118.30672441,9.38532584982e-12,-23147.7656953,Nes10_dDFE.Exponential_div10
110,110,12018.2263762,9.02755648013e-12,-23205.7234165,Nes10_dDFE.Exponential_div10
111,111,992.836768966,1.75748304798e-13,-23093.7526075,Nes10_dDFE.Exponential_div10
112,112,669.974201399,6.79678535676e-13,-23144.3919725,Nes10_dDFE.Exponential_div10
113,113,777.555184106,7.94675436566e-12,-23200.6980953,Nes10_dDFE.Exponential_div10
114,114,792.672426789,5.55999690732e-13,-23187.6703442,Nes10_dDFE.Exponential_div10
115,115,872.876095963,8.59257109909e-13,-23147.0943919,Nes10_dDFE.Exponential_div10
116,116,3266.17802661,1.06266995203e-10,-23106.8956356,Nes10_dDFE.Exponential_div10
117,117,898.280528087,2.10981232485e-12,-23107.2565158,Nes10_dDFE.Exponential_div10
118,118,537.087292116,5.55111512313e-17,-23142.9663062,Nes10_dDFE.Exponential_div10
119,119,19.2525415894,1.44325884577e-10,-23176.5700064,Nes10_dDFE.Exponential_div10
120,120,737.568968164,1.46160861192e-13,-23170.9444718,Nes10_dDFE.Exponential_div10
121,121,770.544900041,2.8493873927e-13,-23201.0862312,Nes10_dDFE.Exponential_div10
122,122,1108.72008544,1.19060317161e-12,-23195.5688488,Nes10_dDFE.Exponential_div10
123,123,1742.12848374,5.93415871997e-11,-23187.0266646,Nes10_dDFE.Exponential_div10
124,124,73.2638341548,2.48581932816e-10,-23176.1563837,Nes10_dDFE.Exponential_div10
125,125,695.508871141,8.78852546293e-13,-23192.8924385,Nes10_dDFE.Exponential_div10
126,126,1139.71962348,1.10184084079e-12,-23090.489823,Nes10_dDFE.Exponential_div10
127,127,518.007027917,6.66910970892e-13,-23147.1072989,Nes10_dDFE.Exponential_div10
128,128,287.364498411,1.20187193531e-11,-23217.894389,Nes10_dDFE.Exponential_div10
129,129,1083.57529517,3.46445094834e-13,-23121.4610637,Nes10_dDFE.Exponential_div10
130,130,288.707839542,3.59751117784e-12,-23112.9072555,Nes10_dDFE.Exponential_div10
131,131,137.054914522,1.83704162993e-11,-23211.3923315,Nes10_dDFE.Exponential_div10
132,132,12.1310241322,3.47190498573e-10,-23227.5436633,Nes10_dDFE.Exponential_div10
133,133,1395.42051045,3.61438656782e-12,-23070.8565331,Nes10_dDFE.Exponential_div10
134,134,504.803408439,9.16128284345e-12,-23124.7109658,Nes10_dDFE.Exponential_div10
135,135,112.272247361,5.50310907954e-10,-23133.9500962,Nes10_dDFE.Exponential_div10
136,136,1093.78628538,3.39395178628e-13,-23195.0508148,Nes10_dDFE.Exponential_div10
137,137,2177.24612054,1.91069382538e-12,-23121.6237679,Nes10_dDFE.Exponential_div10
138,138,811.423991332,4.88220575079e-13,-23182.8245481,Nes10_dDFE.Exponential_div10
139,139,429.144190415,3.86402021491e-12,-23209.0876088,Nes10_dDFE.Exponential_div10
140,140,13.1010696343,9.98939375663e-10,-23152.3216633,Nes10_dDFE.Exponential_div10
141,141,1042.66556634,8.05633337819e-13,-23096.1373033,Nes10_dDFE.Exponential_div10
142,142,382.702274566,3.08371661539e-11,-23149.0106085,Nes10_dDFE.Exponential_div10
143,143,105.764369981,9.20546971983e-12,-23116.406335,Nes10_dDFE.Exponential_div10
144,144,2.89963088135,0.0,-23168.2818728,Nes10_dDFE.Exponential_div10
145,145,666.125027918,8.15425504896e-12,-23206.3393051,Nes10_dDFE.Exponential_div10
146,146,888.359975132,7.77489184145e-13,-23169.5654317,Nes10_dDFE.Exponential_div10
147,147,133.546733633,7.22071291648e-11,-23182.5608658,Nes10_dDFE.Exponential_div10
148,148,587.319981333,8.63065174883e-12,-23146.781519,Nes10_dDFE.Exponential_div10
149,149,1005.62536932,1.50934820198e-13,-23123.461519,Nes10_dDFE.Exponential_div10
150,150,1345.10299121,5.73296965456e-12,-23191.4901014,Nes10_dDFE.Exponential_div10
151,151,230.196565771,8.03190847165e-13,-23168.7028517,Nes10_dDFE.Exponential_div10
152,152,2.17308914841,2.18230883364e-09,-23133.7381349,Nes10_dDFE.Exponential_div10
153,153,800.611304195,9.72288916046e-12,-23241.683498,Nes10_dDFE.Exponential_div10
154,154,102.140474682,0.0,-23174.8281048,Nes10_dDFE.Exponential_div10
155,155,887.851707931,1.78462800093e-12,-23269.6439066,Nes10_dDFE.Exponential_div10
156,156,1330.19570623,3.98514554689e-13,-23115.3415943,Nes10_dDFE.Exponential_div10
157,157,868.813838695,1.67865721323e-13,-23126.5556325,Nes10_dDFE.Exponential_div10
158,158,295.669714886,2.26278995541e-11,-23233.814899,Nes10_dDFE.Exponential_div10
159,159,516.858599096,1.07913677994e-12,-23258.4394867,Nes10_dDFE.Exponential_div10
160,160,961.815642438,3.18611803607e-12,-23159.1578147,Nes10_dDFE.Exponential_div10
161,161,442.564680839,9.64184287966e-12,-23142.1104433,Nes10_dDFE.Exponential_div10
162,162,6224.32094217,2.65965027779e-12,-23184.1069871,Nes10_dDFE.Exponential_div10
163,163,239.878588596,4.94869145662e-11,-23101.2473198,Nes10_dDFE.Exponential_div10
164,164,590.807041875,3.30520055769e-11,-23146.8359527,Nes10_dDFE.Exponential_div10
165,165,1.94320087021,6.93592537293e-08,-23122.8772763,Nes10_dDFE.Exponential_div10
166,166,54.3254278139,6.10622663544e-16,-23127.239687,Nes10_dDFE.Exponential_div10
167,167,770.511105934,1.01119113083e-12,-23142.7467226,Nes10_dDFE.Exponential_div10
168,168,130.968308925,3.81310316655e-10,-23155.7528874,Nes10_dDFE.Exponential_div10
169,169,712.835551277,2.18436380095e-13,-23116.8726532,Nes10_dDFE.Exponential_div10
170,170,706.867610961,1.81549220102e-12,-23234.8418821,Nes10_dDFE.Exponential_div10
171,171,681.767157632,1.56835655574e-12,-23097.6949332,Nes10_dDFE.Exponential_div10
172,172,1530.86258796,8.42492742237e-13,-23194.4296682,Nes10_dDFE.Exponential_div10
173,173,912.115068456,1.10106368467e-12,-23116.3929181,Nes10_dDFE.Exponential_div10
174,174,790.066954812,3.13582493305e-13,-23151.6589219,Nes10_dDFE.Exponential_div10
175,175,320.827303131,2.50759968345e-11,-23157.6910946,Nes10_dDFE.Exponential_div10
176,176,136.410082477,8.29197821517e-12,-23172.6425305,Nes10_dDFE.Exponential_div10
177,177,684.419539335,8.53261905576e-13,-23161.3049449,Nes10_dDFE.Exponential_div10
178,178,714.208567004,8.87118156712e-12,-23258.2905815,Nes10_dDFE.Exponential_div10
179,179,194.288214511,3.96632726662e-12,-23155.1443389,Nes10_dDFE.Exponential_div10
180,180,645.58871724,0.0,-23124.2868117,Nes10_dDFE.Exponential_div10
181,181,631.318322512,7.25808302349e-13,-23129.4370828,Nes10_dDFE.Exponential_div10
182,182,1244.77450277,3.88578058619e-16,-23172.2808409,Nes10_dDFE.Exponential_div10
183,183,451.31608739,2.17083573339e-11,-23116.7841718,Nes10_dDFE.Exponential_div10
184,184,1008.4195599,7.40074668215e-13,-23136.5814929,Nes10_dDFE.Exponential_div10
185,185,1.97222981607,1.31113250257e-08,-23141.1651659,Nes10_dDFE.Exponential_div10
186,186,863.391517189,1.87516668859e-12,-23181.9022819,Nes10_dDFE.Exponential_div10
187,187,3708.80369187,1.02676145364e-10,-23121.1971027,Nes10_dDFE.Exponential_div10
188,188,1374.30859388,4.72122341222e-13,-23184.9295809,Nes10_dDFE.Exponential_div10
189,189,668.081169439,7.12485626053e-13,-23134.7497841,Nes10_dDFE.Exponential_div10
190,190,1435.37211995,4.7384318691e-13,-23131.9341739,Nes10_dDFE.Exponential_div10
191,191,137.224572939,1.13257181411e-11,-23149.2200223,Nes10_dDFE.Exponential_div10
192,192,996.622092625,2.3037127761e-13,-23197.1432282,Nes10_dDFE.Exponential_div10
193,193,649.875758967,5.00322006047e-13,-23182.8426731,Nes10_dDFE.Exponential_div10
194,194,62.4783848872,0.0,-23187.8711997,Nes10_dDFE.Exponential_div10
195,195,102.654072435,9.42573796792e-12,-23131.0120163,Nes10_dDFE.Exponential_div10
196,196,991.357205066,2.65015787093e-12,-23180.967966,Nes10_dDFE.Exponential_div10
197,197,751.904591782,9.90980075777e-11,-23162.7899701,Nes10_dDFE.Exponential_div10
198,198,516.79723571,1.20498055978e-12,-23223.9619481,Nes10_dDFE.Exponential_div10
199,199,760.665242827,3.65718566542e-12,-23160.5687954,Nes10_dDFE.Exponential_div10
200,200,2.38283568549,8.09603082907e-08,-23109.3893625,Nes10_dDFE.Exponential_div10
201,201,11.0140619457,0.0,-23164.7312339,Nes10_dDFE.Exponential_div10
202,202,47.2281158181,5.081278176e-10,-23138.2970831,Nes10_dDFE.Exponential_div10
203,203,1084.59584233,2.51854093136e-13,-23134.5551711,Nes10_dDFE.Exponential_div10
204,204,652.049276528,5.55111512313e-17,-23238.6335092,Nes10_dDFE.Exponential_div10
205,205,756.173899676,1.95066185427e-13,-23142.9715156,Nes10_dDFE.Exponential_div10
206,206,478.368963569,4.30361302151e-12,-23233.5248815,Nes10_dDFE.Exponential_div10
207,207,1106.83488499,5.57942581025e-13,-23209.3431134,Nes10_dDFE.Exponential_div10
208,208,284.120533594,2.49150700071e-12,-23183.8646438,Nes10_dDFE.Exponential_div10
209,209,2179.33666166,7.49267314859e-12,-23159.6386484,Nes10_dDFE.Exponential_div10
210,210,1016.19584317,0.0,-23233.8872003,Nes10_dDFE.Exponential_div10
211,211,32.3746428226,6.37918662338e-10,-23124.2284467,Nes10_dDFE.Exponential_div10
212,212,743.136435245,5.9829918797e-13,-23160.0384412,Nes10_dDFE.Exponential_div10
213,213,1334.94881891,6.18949336229e-14,-23176.8675432,Nes10_dDFE.Exponential_div10
214,214,659.33530864,5.85587134339e-13,-23100.5705862,Nes10_dDFE.Exponential_div10
215,215,212.600565491,7.00212110516e-12,-23152.529302,Nes10_dDFE.Exponential_div10
216,216,984.636928206,2.18935980456e-13,-23150.1079857,Nes10_dDFE.Exponential_div10
217,217,4.09558142911,1.0722649324e-08,-23048.7540478,Nes10_dDFE.Exponential_div10
218,218,2119.78595974,1.48381307241e-13,-23133.518758,Nes10_dDFE.Exponential_div10
219,219,525.74207291,1.49807943828e-12,-23175.7159564,Nes10_dDFE.Exponential_div10
220,220,631.619784148,5.31969746032e-10,-23170.2941266,Nes10_dDFE.Exponential_div10
221,221,489.198658251,1.89459559152e-12,-23158.9710929,Nes10_dDFE.Exponential_div10
222,222,368.850648097,7.95680188403e-12,-23245.9146539,Nes10_dDFE.Exponential_div10
223,223,422.891595007,7.31636973228e-13,-23166.7729026,Nes10_dDFE.Exponential_div10
224,224,278.606563622,4.19703161114e-12,-23142.1161159,Nes10_dDFE.Exponential_div10
225,225,21.3647240492,3.89266319178e-09,-23095.1422625,Nes10_dDFE.Exponential_div10
226,226,1415.85821934,1.68198788231e-14,-23210.0574826,Nes10_dDFE.Exponential_div10
227,227,189.087562221,8.89421869488e-12,-23151.0932644,Nes10_dDFE.Exponential_div10
228,228,922.003238726,4.80347983611e-11,-23138.7190524,Nes10_dDFE.Exponential_div10
229,229,2948.71189442,4.85883555612e-12,-23156.7913766,Nes10_dDFE.Exponential_div10
230,230,1661.70092384,1.42630351974e-12,-23243.5640535,Nes10_dDFE.Exponential_div10
231,231,33.8512285324,7.41888162015e-10,-23145.3794241,Nes10_dDFE.Exponential_div10
232,232,80.0503243052,7.94263210757e-10,-23211.3926273,Nes10_dDFE.Exponential_div10
233,233,446.490667049,4.25959267858e-12,-23184.8299099,Nes10_dDFE.Exponential_div10
234,234,1034.74156147,2.41234809906e-12,-23183.1136103,Nes10_dDFE.Exponential_div10
235,235,217.428756855,5.41644507024e-12,-23185.9280935,Nes10_dDFE.Exponential_div10
236,236,689.13319484,6.50091092069e-13,-23171.8756911,Nes10_dDFE.Exponential_div10
237,237,784.598256951,1.45328193923e-13,-23239.5123654,Nes10_dDFE.Exponential_div10
238,238,3.77420270531,7.25629656362e-09,-23194.7595168,Nes10_dDFE.Exponential_div10
239,239,656.760340195,4.55744331163e-11,-23174.6692625,Nes10_dDFE.Exponential_div10
240,240,702.324250428,3.94684285254e-13,-23183.3142143,Nes10_dDFE.Exponential_div10
241,241,711.116718893,5.90583137949e-13,-23054.7702747,Nes10_dDFE.Exponential_div10
242,242,13.7216643277,6.60239529715e-10,-23152.923907,Nes10_dDFE.Exponential_div10
243,243,673.061726499,5.62438984275e-13,-23124.6530859,Nes10_dDFE.Exponential_div10
244,244,44.5892023241,4.86660711729e-11,-23258.825518,Nes10_dDFE.Exponential_div10
245,245,111.66083363,2.08200678919e-10,-23189.7013041,Nes10_dDFE.Exponential_div10
246,246,842.73268091,5.1105231158e-12,-23137.5099833,Nes10_dDFE.Exponential_div10
247,247,428.120829177,3.77253783768e-13,-23155.4973346,Nes10_dDFE.Exponential_div10
248,248,941.177838006,3.86579657174e-13,-23131.4089208,Nes10_dDFE.Exponential_div10
249,249,1455.35866957,6.79145628624e-12,-23145.5291162,Nes10_dDFE.Exponential_div10
250,250,251.409655638,5.79486458818e-12,-23151.0152725,Nes10_dDFE.Exponential_div10
251,251,984.713288602,4.63740157386e-13,-23163.6521775,Nes10_dDFE.Exponential_div10
252,252,2.12381461673,4.12182621368e-10,-23281.1442003,Nes10_dDFE.Exponential_div10
253,253,1778.08957245,6.86672940731e-14,-23138.5245001,Nes10_dDFE.Exponential_div10
254,254,1.56092818221,2.95116150517e-07,-23137.7762262,Nes10_dDFE.Exponential_div10
255,255,1639.03970932,2.11765605052e-11,-23166.8034576,Nes10_dDFE.Exponential_div10
256,256,2.14202530052,9.96314264978e-08,-23051.0396953,Nes10_dDFE.Exponential_div10
257,257,2.62549118335,1.66533453694e-16,-23136.7264287,Nes10_dDFE.Exponential_div10
258,258,1694.0222293,2.85682588697e-12,-23178.1491293,Nes10_dDFE.Exponential_div10
259,259,1906.85792386,8.75188810312e-13,-23146.5022953,Nes10_dDFE.Exponential_div10
260,260,32.3651393103,9.58420565134e-11,-23214.3933899,Nes10_dDFE.Exponential_div10
261,261,401.576494207,8.68638494467e-13,-23232.3569464,Nes10_dDFE.Exponential_div10
262,262,959.745134237,7.5384143372e-13,-23168.0558713,Nes10_dDFE.Exponential_div10
263,263,2.04845380974,2.18020003162e-08,-23094.2916469,Nes10_dDFE.Exponential_div10
264,264,598.588499548,5.69723712651e-11,-23182.2071878,Nes10_dDFE.Exponential_div10
265,265,1210.49690854,3.71369601737e-13,-23132.9986784,Nes10_dDFE.Exponential_div10
266,266,857.666287019,4.63629135083e-13,-23112.3918539,Nes10_dDFE.Exponential_div10
267,267,1590.45863362,4.73016070757e-12,-23234.0581462,Nes10_dDFE.Exponential_div10
268,268,1381.79753228,4.4408920985e-16,-23181.674498,Nes10_dDFE.Exponential_div10
269,269,729.522356438,1.60050306341e-11,-23116.1665052,Nes10_dDFE.Exponential_div10
270,270,710.930640083,4.31432667369e-13,-23191.4193542,Nes10_dDFE.Exponential_div10
271,271,796.879607656,8.98781049585e-13,-23208.0624387,Nes10_dDFE.Exponential_div10
272,272,91.484672682,5.55111512313e-17,-23153.4657588,Nes10_dDFE.Exponential_div10
273,273,444.804007823,4.49726922369e-11,-23163.3904176,Nes10_dDFE.Exponential_div10
274,274,639.688469628,5.55111512313e-17,-23143.3134244,Nes10_dDFE.Exponential_div10
275,275,840.940016302,7.91200438499e-13,-23124.2275503,Nes10_dDFE.Exponential_div10
276,276,4.88871130672,5.46698353254e-10,-23106.2138089,Nes10_dDFE.Exponential_div10
277,277,978.271588074,4.86999329752e-13,-23179.2692101,Nes10_dDFE.Exponential_div10
278,278,918.012739372,1.59650070941e-13,-23228.4314272,Nes10_dDFE.Exponential_div10
279,279,1026.90589451,4.09505762633e-13,-23149.5561885,Nes10_dDFE.Exponential_div10
280,280,716.482458204,6.26576568408e-12,-23107.0720811,Nes10_dDFE.Exponential_div10
281,281,96.7233017982,6.55445697717e-11,-23166.0908665,Nes10_dDFE.Exponential_div10
282,282,28.8985935513,7.03358482568e-11,-23165.7009649,Nes10_dDFE.Exponential_div10
283,283,759.476295387,8.50097769955e-13,-23122.8803312,Nes10_dDFE.Exponential_div10
284,284,565.943583226,1.50668366672e-12,-23150.9925984,Nes10_dDFE.Exponential_div10
285,285,663.778943799,3.448907826e-13,-23205.0244986,Nes10_dDFE.Exponential_div10
286,286,697.544575548,1.39682709843e-12,-23269.1554348,Nes10_dDFE.Exponential_div10
287,287,390.064501714,1.16206488876e-11,-23172.1000336,Nes10_dDFE.Exponential_div10
288,288,2759.91189463,1.39371847396e-12,-23213.2583042,Nes10_dDFE.Exponential_div10
289,289,228.082071886,1.36873845591e-12,-23173.7067758,Nes10_dDFE.Exponential_div10
290,290,883.221970033,1.15296661107e-13,-23247.0095124,Nes10_dDFE.Exponential_div10
291,291,848.699165681,5.90694160252e-13,-23155.5929958,Nes10_dDFE.Exponential_div10
292,292,45.7010768255,4.88498130835e-15,-23158.4631018,Nes10_dDFE.Exponential_div10
293,293,201.405173741,8.96988039401e-12,-23229.0945736,Nes10_dDFE.Exponential_div10
294,294,206.579047682,1.59999791194e-12,-23117.8868469,Nes10_dDFE.Exponential_div10
295,295,110.500912523,2.08046468941e-10,-23134.0009519,Nes10_dDFE.Exponential_div10
296,296,4309.69612474,4.31659152866e-11,-23124.2374453,Nes10_dDFE.Exponential_div10
297,297,602.059868728,1.42968969996e-12,-23182.8152423,Nes10_dDFE.Exponential_div10
298,298,843.016848915,8.58146886884e-13,-23151.6803711,Nes10_dDFE.Exponential_div10
299,299,667.438011519,3.11028980349e-13,-23133.8175271,Nes10_dDFE.Exponential_div10
300,300,153.169393497,1.16046061649e-11,-23213.8748566,Nes10_dDFE.Exponential_div10
301,301,47.0283709587,2.18158824339e-13,-23179.633455,Nes10_dDFE.Exponential_div10
302,302,31.1152822449,6.38349062498e-09,-23210.6048921,Nes10_dDFE.Exponential_div10
303,303,16.2198834128,1.18935655768e-09,-23163.8339676,Nes10_dDFE.Exponential_div10
304,304,2540.68363652,1.42416634041e-11,-23186.689101,Nes10_dDFE.Exponential_div10
305,305,456.97762377,7.56394946677e-13,-23164.843006,Nes10_dDFE.Exponential_div10
306,306,1018.13828326,3.33921779117e-12,-23017.0982913,Nes10_dDFE.Exponential_div10
307,307,187.666323873,1.15691345393e-11,-23279.8617612,Nes10_dDFE.Exponential_div10
308,308,494.871056086,1.06809006084e-12,-23144.1295588,Nes10_dDFE.Exponential_div10
309,309,2137.02726217,1.61370916629e-13,-23159.2279447,Nes10_dDFE.Exponential_div10
310,310,191.106809173,5.55337165142e-10,-23152.375016,Nes10_dDFE.Exponential_div10
311,311,5.34789317047,1.24064609086e-07,-23151.8164218,Nes10_dDFE.Exponential_div10
312,312,478.384649894,7.44293515709e-13,-23151.1503241,Nes10_dDFE.Exponential_div10
313,313,702.371805635,8.0069284536e-13,-23101.3592863,Nes10_dDFE.Exponential_div10
314,314,473.221652633,1.68548508483e-12,-23170.442243,Nes10_dDFE.Exponential_div10
315,315,3673.65832529,3.95844468315e-12,-23133.2216582,Nes10_dDFE.Exponential_div10
316,316,1055.60357432,6.84619028135e-13,-23091.0745321,Nes10_dDFE.Exponential_div10
317,317,1051.00891411,5.20916643154e-13,-23086.6581706,Nes10_dDFE.Exponential_div10
318,318,852.189712988,7.34190486185e-13,-23168.5751125,Nes10_dDFE.Exponential_div10
319,319,1544.41216928,7.170541938e-12,-23159.0769214,Nes10_dDFE.Exponential_div10
320,320,149.180597121,6.68520794278e-12,-23214.9060476,Nes10_dDFE.Exponential_div10
321,321,858.39075345,8.46134273758e-12,-23141.9066434,Nes10_dDFE.Exponential_div10
322,322,1962.99953766,5.57842660953e-12,-23176.894022,Nes10_dDFE.Exponential_div10
323,323,98.9676252139,0.0,-23130.1114659,Nes10_dDFE.Exponential_div10
324,324,9.3007630565,0.0,-23191.2065428,Nes10_dDFE.Exponential_div10
325,325,463.514100771,5.30525623432e-12,-23218.6132108,Nes10_dDFE.Exponential_div10
326,326,268.169530033,2.02006744665e-11,-23219.173693,Nes10_dDFE.Exponential_div10
327,327,920.542980411,6.25388629771e-13,-23147.1243007,Nes10_dDFE.Exponential_div10
328,328,626.185046979,1.51473278365e-12,-23181.3212337,Nes10_dDFE.Exponential_div10
329,329,737.636604919,9.48185974181e-13,-23100.2936873,Nes10_dDFE.Exponential_div10
330,330,50.8966137112,1.33792421586e-11,-23175.5983029,Nes10_dDFE.Exponential_div10
331,331,1746.04747735,1.94011473553e-13,-23140.1991503,Nes10_dDFE.Exponential_div10
332,332,889.714959353,1.84352533239e-13,-23121.5136427,Nes10_dDFE.Exponential_div10
333,333,613.312901899,9.9503738582e-13,-23283.0898277,Nes10_dDFE.Exponential_div10
334,334,163.221673768,1.84029236294e-09,-23169.1444806,Nes10_dDFE.Exponential_div10
335,335,794.136179438,6.22080165158e-11,-23108.011476,Nes10_dDFE.Exponential_div10
336,336,2371.44571693,9.45937772556e-12,-23298.6690521,Nes10_dDFE.Exponential_div10
337,337,17.312197133,4.51822856906e-10,-23164.0747594,Nes10_dDFE.Exponential_div10
338,338,409.230074538,3.79241082982e-12,-23122.3400906,Nes10_dDFE.Exponential_div10
339,339,394.859563561,0.0,-23198.4810332,Nes10_dDFE.Exponential_div10
340,340,124.833636098,2.20877760526e-11,-23138.9947261,Nes10_dDFE.Exponential_div10
341,341,427.366058432,1.53153045801e-11,-23263.5081115,Nes10_dDFE.Exponential_div10
342,342,82.9000478299,0.0,-23158.5868463,Nes10_dDFE.Exponential_div10
343,343,438.306562961,8.6251727982e-11,-23203.1067968,Nes10_dDFE.Exponential_div10
344,344,411.445349326,4.0260017542e-12,-23225.5082382,Nes10_dDFE.Exponential_div10
345,345,482.451863815,3.33794103469e-12,-23165.6129787,Nes10_dDFE.Exponential_div10
346,346,271.206660456,4.64374649845e-11,-23141.3405365,Nes10_dDFE.Exponential_div10
347,347,24084.6405226,9.30711063774e-12,-23131.1822768,Nes10_dDFE.Exponential_div10
348,348,1123.99833616,2.79443135298e-13,-23111.5054805,Nes10_dDFE.Exponential_div10
349,349,245.895612249,1.44612100073e-12,-23166.8653188,Nes10_dDFE.Exponential_div10
350,350,670.396192974,2.1327384303e-13,-23144.8066815,Nes10_dDFE.Exponential_div10
351,351,814.199322665,1.43907108452e-12,-23158.0054663,Nes10_dDFE.Exponential_div10
352,352,1698.20341234,4.55457893622e-12,-23126.7125038,Nes10_dDFE.Exponential_div10
353,353,107.078863824,2.19698148562e-10,-23108.0058474,Nes10_dDFE.Exponential_div10
354,354,7492.3458723,4.41265912698e-11,-23209.6525967,Nes10_dDFE.Exponential_div10
355,355,2.13949834388,6.55237814007e-09,-23108.3752838,Nes10_dDFE.Exponential_div10
356,356,42.6512330919,1.91819504725e-10,-23229.6036293,Nes10_dDFE.Exponential_div10
357,357,593.281633997,3.92741394961e-13,-23174.962939,Nes10_dDFE.Exponential_div10
358,358,180.274115426,6.31367180759e-12,-23316.4749022,Nes10_dDFE.Exponential_div10
359,359,173.294224454,1.18730969501e-10,-23103.1199958,Nes10_dDFE.Exponential_div10
360,360,501.180815664,3.27737836869e-13,-23187.0292029,Nes10_dDFE.Exponential_div10
361,361,128.314995388,2.18048357148e-11,-23157.3691384,Nes10_dDFE.Exponential_div10
362,362,406.42710736,6.75215439117e-12,-23108.8977846,Nes10_dDFE.Exponential_div10
363,363,794.099965434,2.95874436063e-13,-23152.1710652,Nes10_dDFE.Exponential_div10
364,364,817.573056779,2.54612997352e-12,-23182.5579512,Nes10_dDFE.Exponential_div10
365,365,803.863752168,1.03156372333e-12,-23196.0404879,Nes10_dDFE.Exponential_div10
366,366,748.3702801,5.55944179581e-13,-23121.4408416,Nes10_dDFE.Exponential_div10
367,367,101.807892289,2.91855428713e-12,-23151.2875529,Nes10_dDFE.Exponential_div10
368,368,118.09920661,3.44244077688e-10,-23225.7693765,Nes10_dDFE.Exponential_div10
369,369,52.7682303142,2.01852534687e-10,-23174.0212645,Nes10_dDFE.Exponential_div10
370,370,84.9545672811,8.28926538521e-10,-23225.3664469,Nes10_dDFE.Exponential_div10
371,371,93.2680917766,1.26954002866e-13,-23121.3796193,Nes10_dDFE.Exponential_div10
372,372,901.516279684,2.54629650698e-12,-23249.1455615,Nes10_dDFE.Exponential_div10
373,373,1168.22465229,6.5059069243e-13,-23097.8816624,Nes10_dDFE.Exponential_div10
374,374,964.452004964,7.04825087183e-13,-23133.767812,Nes10_dDFE.Exponential_div10
375,375,227.206160484,6.83536560686e-11,-23091.7848584,Nes10_dDFE.Exponential_div10
376,376,36.4524752761,0.0,-23101.7151796,Nes10_dDFE.Exponential_div10
377,377,643.555977325,1.13470344232e-12,-23119.2811053,Nes10_dDFE.Exponential_div10
378,378,2346.24027631,1.60210733569e-12,-23161.5838146,Nes10_dDFE.Exponential_div10
379,379,662.956667278,8.85191919764e-12,-23205.878358,Nes10_dDFE.Exponential_div10
380,380,1217.98716243,9.54292755928e-11,-23224.608347,Nes10_dDFE.Exponential_div10
381,381,465.506329531,9.35418409398e-13,-23197.653343,Nes10_dDFE.Exponential_div10
382,382,428.185916301,2.45087283801e-12,-23186.1902357,Nes10_dDFE.Exponential_div10
383,383,914.08092094,5.26967358638e-13,-23128.754571,Nes10_dDFE.Exponential_div10
384,384,179.047018808,3.30507843316e-12,-23186.9183321,Nes10_dDFE.Exponential_div10
385,385,403.002662861,3.0777713711e-11,-23183.7614507,Nes10_dDFE.Exponential_div10
386,386,1303.7135403,8.76360095603e-12,-23152.1251371,Nes10_dDFE.Exponential_div10
387,387,54.8459107063,9.08149111467e-11,-23201.2387216,Nes10_dDFE.Exponential_div10
388,388,1210.15368728,3.44224648785e-13,-23180.4568053,Nes10_dDFE.Exponential_div10
389,389,109.371150844,2.62002641804e-11,-23112.2059222,Nes10_dDFE.Exponential_div10
390,390,505.552906792,7.31070759485e-12,-23149.8695739,Nes10_dDFE.Exponential_div10
391,391,449.109754086,1.43196565716e-12,-23187.762626,Nes10_dDFE.Exponential_div10
392,392,3.18895685547,1.68483505925e-07,-23176.3050481,Nes10_dDFE.Exponential_div10
393,393,90.7849695247,6.85845824577e-12,-23087.898717,Nes10_dDFE.Exponential_div10
394,394,78.2646256365,2.1661957228e-09,-23223.7484285,Nes10_dDFE.Exponential_div10
395,395,365.744930784,3.33081340287e-11,-23077.8530254,Nes10_dDFE.Exponential_div10
396,396,102.472489677,5.55111512313e-17,-23141.9240527,Nes10_dDFE.Exponential_div10
397,397,587.94287908,1.01924024776e-12,-23133.8300054,Nes10_dDFE.Exponential_div10
398,398,200.266986484,4.38903580147e-10,-23125.7848184,Nes10_dDFE.Exponential_div10
399,399,470.224925412,2.11762829494e-11,-23141.5941495,Nes10_dDFE.Exponential_div10
400,400,4.47835804895,1.39449081726e-08,-23194.1023533,Nes10_dDFE.Exponential_div10
401,401,723.848146135,2.36644037699e-13,-23173.2844328,Nes10_dDFE.Exponential_div10
402,402,423.910694721,1.48470125083e-12,-23154.4188481,Nes10_dDFE.Exponential_div10
403,403,142.337485005,1.86362592025e-11,-23058.5532342,Nes10_dDFE.Exponential_div10
404,404,91.9554572767,1.70788710951e-09,-23120.817288,Nes10_dDFE.Exponential_div10
405,405,662.143113797,2.62956323382e-13,-23167.7410438,Nes10_dDFE.Exponential_div10
406,406,896.693055721,4.0623060471e-13,-23153.7311023,Nes10_dDFE.Exponential_div10
407,407,22375.0633523,1.52618584437e-09,-23131.5364636,Nes10_dDFE.Exponential_div10
408,408,1570.53653229,1.03750341651e-13,-23225.1576785,Nes10_dDFE.Exponential_div10
409,409,529.490997692,7.62545582234e-12,-23128.2970727,Nes10_dDFE.Exponential_div10
410,410,573.435781955,7.94031507212e-13,-23088.466901,Nes10_dDFE.Exponential_div10
411,411,1307.51705353,2.5157653738e-13,-23203.8531999,Nes10_dDFE.Exponential_div10
412,412,54.9585920914,4.30892543868e-11,-23131.3398705,Nes10_dDFE.Exponential_div10
413,413,302.882440941,3.97731847457e-11,-23108.4861542,Nes10_dDFE.Exponential_div10
414,414,1085.57515064,4.16500167688e-13,-23217.3765928,Nes10_dDFE.Exponential_div10
415,415,876.664009422,1.56374913018e-13,-23197.4681533,Nes10_dDFE.Exponential_div10
416,416,184.597013457,2.0977941606e-11,-23160.2883977,Nes10_dDFE.Exponential_div10
417,417,1694.20563305,8.11278821899e-12,-23249.1684184,Nes10_dDFE.Exponential_div10
418,418,194.604843952,1.92496019125e-12,-23071.7154653,Nes10_dDFE.Exponential_div10
419,419,895.740949952,1.46155310077e-12,-23167.1829614,Nes10_dDFE.Exponential_div10
420,420,48.5826820358,2.62165955611e-10,-23222.0551133,Nes10_dDFE.Exponential_div10
421,421,670.104653491,1.80971904129e-12,-23214.6859495,Nes10_dDFE.Exponential_div10
422,422,225.808470949,3.19078097277e-12,-23094.1312653,Nes10_dDFE.Exponential_div10
423,423,424.765091783,5.55111512313e-17,-23178.8802985,Nes10_dDFE.Exponential_div10
424,424,469.387950243,7.57116591643e-13,-23183.2889421,Nes10_dDFE.Exponential_div10
425,425,1701.47005313,1.44773082411e-12,-23146.8977015,Nes10_dDFE.Exponential_div10
426,426,515.070210975,1.51162415918e-11,-23117.11759,Nes10_dDFE.Exponential_div10
427,427,1060.30793392,3.45834472171e-13,-23202.7744633,Nes10_dDFE.Exponential_div10
428,428,323.067401132,5.4738380495e-11,-23134.2525735,Nes10_dDFE.Exponential_div10
429,429,9.09183051517,2.65669647392e-09,-23175.5781298,Nes10_dDFE.Exponential_div10
430,430,232.55173037,5.24952303849e-12,-23153.0879416,Nes10_dDFE.Exponential_div10
431,431,1786.67548003,4.33643121411e-11,-23168.556686,Nes10_dDFE.Exponential_div10
432,432,700.488604593,2.4030777368e-13,-23267.0339956,Nes10_dDFE.Exponential_div10
433,433,635.560807121,3.54161144855e-13,-23128.5774365,Nes10_dDFE.Exponential_div10
434,434,995.87819142,1.80244708048e-13,-23166.1100297,Nes10_dDFE.Exponential_div10
435,435,900.874761975,2.49689158238e-13,-23189.8044178,Nes10_dDFE.Exponential_div10
436,436,863.97836052,1.63929980701e-12,-23224.545098,Nes10_dDFE.Exponential_div10
437,437,599.398457015,1.26199606321e-11,-23168.0597038,Nes10_dDFE.Exponential_div10
438,438,6.82316070361,4.06341627013e-14,-23134.9158134,Nes10_dDFE.Exponential_div10
439,439,771.115099075,7.37743199863e-13,-23154.0890377,Nes10_dDFE.Exponential_div10
440,440,761.711288086,8.82183215367e-13,-23217.7477487,Nes10_dDFE.Exponential_div10
441,441,1133.21467177,2.17381668222e-13,-23208.9263437,Nes10_dDFE.Exponential_div10
442,442,227.427500599,1.6944667891e-11,-23173.4462389,Nes10_dDFE.Exponential_div10
443,443,1478.54924497,1.23623333792e-13,-23158.9242378,Nes10_dDFE.Exponential_div10
444,444,1332.49614475,4.86555240542e-13,-23266.8852862,Nes10_dDFE.Exponential_div10
445,445,267.593860331,2.76195732951e-12,-23186.6871703,Nes10_dDFE.Exponential_div10
446,446,835.39361876,2.96318525272e-13,-23129.7315475,Nes10_dDFE.Exponential_div10
447,447,1475.31776324,2.01938465949e-12,-23152.645696,Nes10_dDFE.Exponential_div10
448,448,636.858281754,1.31019639582e-11,-23192.1309655,Nes10_dDFE.Exponential_div10
449,449,197.133310486,5.3112292342e-11,-23229.1299404,Nes10_dDFE.Exponential_div10
450,450,1079.91846005,7.26335658285e-12,-23199.2442017,Nes10_dDFE.Exponential_div10
451,451,114.78617608,1.25168209131e-11,-23174.2065442,Nes10_dDFE.Exponential_div10
452,452,356.868574024,2.04451455765e-11,-23126.0263144,Nes10_dDFE.Exponential_div10
453,453,675.721122816,6.52866649631e-13,-23147.6146014,Nes10_dDFE.Exponential_div10
454,454,448.85507026,2.08539852053e-11,-23178.9367244,Nes10_dDFE.Exponential_div10
455,455,1563.27325446,3.99569266563e-13,-23036.9773469,Nes10_dDFE.Exponential_div10
456,456,411.809278698,1.12633791183e-11,-23170.7421484,Nes10_dDFE.Exponential_div10
457,457,937.342134943,8.1512574468e-13,-23153.7326305,Nes10_dDFE.Exponential_div10
458,458,22.3543029622,5.21252319086e-09,-23252.0089626,Nes10_dDFE.Exponential_div10
459,459,36.6956761932,2.24912144464e-09,-23162.4285882,Nes10_dDFE.Exponential_div10
460,460,60.3240540745,2.23683055411e-09,-23117.3732428,Nes10_dDFE.Exponential_div10
461,461,2309.96382067,2.11742512413e-10,-23063.9555026,Nes10_dDFE.Exponential_div10
462,462,888.916262363,3.14803738632e-13,-23190.8443179,Nes10_dDFE.Exponential_div10
463,463,242.118836029,7.52194972975e-11,-23175.436099,Nes10_dDFE.Exponential_div10
464,464,151.567216309,3.50939277638e-11,-23169.7330649,Nes10_dDFE.Exponential_div10
465,465,641.049276207,1.06292752378e-12,-23186.9824062,Nes10_dDFE.Exponential_div10
466,466,586.331289873,5.41178213354e-13,-23181.3629778,Nes10_dDFE.Exponential_div10
467,467,674.005834113,1.92706961499e-12,-23207.3830216,Nes10_dDFE.Exponential_div10
468,468,605.503340983,2.91822122023e-13,-23175.7853136,Nes10_dDFE.Exponential_div10
469,469,81.2781261675,1.07585662601e-10,-23082.7941591,Nes10_dDFE.Exponential_div10
470,470,912.784568473,2.12341810801e-11,-23228.9989826,Nes10_dDFE.Exponential_div10
471,471,873.158827892,3.17024184682e-13,-23127.1848916,Nes10_dDFE.Exponential_div10
472,472,950.744754486,7.8492767841e-13,-23135.5392564,Nes10_dDFE.Exponential_div10
473,473,595.789121225,1.65271130115e-11,-23169.0290936,Nes10_dDFE.Exponential_div10
474,474,1215.48708852,3.96238597489e-12,-23185.7475104,Nes10_dDFE.Exponential_div10
475,475,937.057846724,5.25524068706e-13,-23165.3090042,Nes10_dDFE.Exponential_div10
476,476,786.071468747,9.31266175286e-12,-23152.0173242,Nes10_dDFE.Exponential_div10
477,477,107.46535334,8.42307890103e-11,-23204.2158573,Nes10_dDFE.Exponential_div10
478,478,455.959528598,6.45428155366e-13,-23080.4717293,Nes10_dDFE.Exponential_div10
479,479,340.099794673,1.53316248586e-12,-23145.2042351,Nes10_dDFE.Exponential_div10
480,480,789.177871884,3.08753023148e-13,-23284.7998071,Nes10_dDFE.Exponential_div10
481,481,139.502357491,1.48131562572e-10,-23126.8163453,Nes10_dDFE.Exponential_div10
482,482,928.958334573,9.34807786734e-14,-23161.2675256,Nes10_dDFE.Exponential_div10
483,483,339.714161318,4.14485112898e-12,-23149.0925522,Nes10_dDFE.Exponential_div10
484,484,431.080552116,2.82984746747e-11,-23142.3570494,Nes10_dDFE.Exponential_div10
485,485,136.513911428,4.96953589391e-11,-23109.0361676,Nes10_dDFE.Exponential_div10
486,486,314.187174593,3.80717679604e-12,-23187.0171633,Nes10_dDFE.Exponential_div10
487,487,926.222228085,1.80588877186e-12,-23234.0035223,Nes10_dDFE.Exponential_div10
488,488,101.579531782,2.24301133223e-11,-23259.7445286,Nes10_dDFE.Exponential_div10
489,489,2.05577757267,2.16743167192e-07,-23133.0925228,Nes10_dDFE.Exponential_div10
490,490,274.796857795,3.69099195652e-12,-23158.0019486,Nes10_dDFE.Exponential_div10
491,491,1104.67625918,3.39672734384e-13,-23131.6421432,Nes10_dDFE.Exponential_div10
492,492,6.87359199969,8.65980454012e-10,-23229.4753472,Nes10_dDFE.Exponential_div10
493,493,1230.77889948,4.6211923177e-12,-23135.084454,Nes10_dDFE.Exponential_div10
494,494,1678.18095884,4.26381152607e-12,-23162.0690863,Nes10_dDFE.Exponential_div10
495,495,698.878099558,1.5643042417e-13,-23180.6041456,Nes10_dDFE.Exponential_div10
496,496,2.66523808751,1.49880108324e-15,-23161.2129714,Nes10_dDFE.Exponential_div10
497,497,251.073181761,4.68791672148e-12,-23156.6994676,Nes10_dDFE.Exponential_div10
498,498,1763.57346429,2.12435624647e-12,-23138.4294757,Nes10_dDFE.Exponential_div10
499,499,499.47643778,2.88366552859e-11,-23198.1591497,Nes10_dDFE.Exponential_div10
500,500,13.8320332141,1.04670383472e-10,-23240.3853519,Nes10_dDFE.Exponential_div10
501,501,1417.50538032,2.22044604925e-15,-23136.5334633,Nes10_dDFE.Exponential_div10
502,502,450.673370311,5.75040015605e-13,-23242.6595083,Nes10_dDFE.Exponential_div10
503,503,496.107379428,1.69818603624e-11,-23106.8984005,Nes10_dDFE.Exponential_div10
504,504,384.327876241,4.99489338779e-13,-23180.3949592,Nes10_dDFE.Exponential_div10
505,505,1206.88015096,3.62543328691e-12,-23128.2005619,Nes10_dDFE.Exponential_div10
506,506,174.82982663,7.31320559666e-12,-23263.5725718,Nes10_dDFE.Exponential_div10
507,507,145.609731694,2.64298194441e-10,-23110.8592327,Nes10_dDFE.Exponential_div10
508,508,26.3269255064,5.55111512313e-17,-23188.3026506,Nes10_dDFE.Exponential_div10
509,509,1384.74765771,2.63242760923e-11,-23089.7005065,Nes10_dDFE.Exponential_div10
510,510,2107.2065332,1.63397073649e-12,-23148.2578956,Nes10_dDFE.Exponential_div10
511,511,684.549984836,1.19815268818e-12,-23153.4598463,Nes10_dDFE.Exponential_div10
512,512,1530.58675538,1.82093784495e-11,-23190.8804478,Nes10_dDFE.Exponential_div10
513,513,137.916806559,2.27333479819e-09,-23143.7263087,Nes10_dDFE.Exponential_div10
514,514,302.597632872,8.67100835578e-11,-23224.0955726,Nes10_dDFE.Exponential_div10
515,515,492.353687347,3.38729044813e-13,-23202.2068756,Nes10_dDFE.Exponential_div10
516,516,3323.3217331,4.32465174782e-12,-23113.9798542,Nes10_dDFE.Exponential_div10
517,517,636.936492433,1.28780319741e-12,-23119.3895102,Nes10_dDFE.Exponential_div10
518,518,781.467167802,1.66455182971e-11,-23177.6645595,Nes10_dDFE.Exponential_div10
519,519,471.536071109,9.76352332316e-12,-23155.2298361,Nes10_dDFE.Exponential_div10
520,520,125.843859601,5.55111512313e-17,-23173.216389,Nes10_dDFE.Exponential_div10
521,521,1709.84776824,1.46882506158e-13,-23172.3892014,Nes10_dDFE.Exponential_div10
522,522,664.739770996,4.62130334e-13,-23185.1728508,Nes10_dDFE.Exponential_div10
523,523,1234.51414716,3.35037553256e-12,-23129.6967086,Nes10_dDFE.Exponential_div10
524,524,1.85447510093,3.22765503213e-09,-23197.7280171,Nes10_dDFE.Exponential_div10
525,525,44.7049761571,4.19461132495e-11,-23138.9120503,Nes10_dDFE.Exponential_div10
526,526,2794.0886506,1.91713311892e-12,-23186.6506382,Nes10_dDFE.Exponential_div10
527,527,134.317080579,0.0,-23173.7544096,Nes10_dDFE.Exponential_div10
528,528,992.901109725,4.84612350249e-13,-23146.1022497,Nes10_dDFE.Exponential_div10
529,529,56.0636049445,3.17769144331e-11,-23208.4901877,Nes10_dDFE.Exponential_div10
530,530,571.294987584,1.54065649127e-12,-23223.3662401,Nes10_dDFE.Exponential_div10
531,531,1409.98780061,1.95822247306e-11,-23163.673481,Nes10_dDFE.Exponential_div10
532,532,430.352654202,2.7615132403e-12,-23142.2559578,Nes10_dDFE.Exponential_div10
533,533,34.1606386949,2.98686630984e-11,-23127.8378611,Nes10_dDFE.Exponential_div10
534,534,759.606331961,5.18252107895e-13,-23111.3017159,Nes10_dDFE.Exponential_div10
535,535,417.074412162,6.07708328104e-12,-23196.6901813,Nes10_dDFE.Exponential_div10
536,536,458.505078883,5.9691140919e-13,-23163.0683689,Nes10_dDFE.Exponential_div10
537,537,720.774141956,1.55214729958e-11,-23214.493154,Nes10_dDFE.Exponential_div10
538,538,375.370553868,2.84374745974e-11,-23104.7800552,Nes10_dDFE.Exponential_div10
539,539,895.094421062,5.99131855239e-13,-23144.0895086,Nes10_dDFE.Exponential_div10
540,540,622.374426182,1.99001926049e-12,-23111.8540538,Nes10_dDFE.Exponential_div10
541,541,550.032874254,3.57858187527e-12,-23186.2880194,Nes10_dDFE.Exponential_div10
542,542,2.39831669407,2.72614139596e-08,-23167.8963724,Nes10_dDFE.Exponential_div10
543,543,371.469311387,4.48530101949e-14,-23197.0582824,Nes10_dDFE.Exponential_div10
544,544,650.563874664,7.92366172675e-13,-23135.1419753,Nes10_dDFE.Exponential_div10
545,545,728.151699878,3.4352520828e-12,-23205.8167859,Nes10_dDFE.Exponential_div10
546,546,392.351813627,2.21833107439e-11,-23148.3900931,Nes10_dDFE.Exponential_div10
547,547,378.572613497,5.95667959402e-12,-23147.1627621,Nes10_dDFE.Exponential_div10
548,548,667.702380046,1.63141722354e-12,-23228.7466843,Nes10_dDFE.Exponential_div10
549,549,2204.64519977,6.11732886568e-14,-23179.2924633,Nes10_dDFE.Exponential_div10
550,550,632.823493992,4.45921077841e-13,-23087.3614439,Nes10_dDFE.Exponential_div10
551,551,13.8843195651,9.02999564012e-10,-23126.1789585,Nes10_dDFE.Exponential_div10
552,552,754.474597253,7.88646925542e-13,-23178.8268835,Nes10_dDFE.Exponential_div10
553,553,898.422324652,3.30402372128e-13,-23277.5375347,Nes10_dDFE.Exponential_div10
554,554,772.74840717,7.42839123546e-12,-23223.3873081,Nes10_dDFE.Exponential_div10
555,555,168.607654401,1.09297570994e-11,-23187.0839231,Nes10_dDFE.Exponential_div10
556,556,6202.1333081,5.60771984404e-11,-23119.5074961,Nes10_dDFE.Exponential_div10
557,557,500.677478517,1.96717087064e-11,-23091.1098681,Nes10_dDFE.Exponential_div10
558,558,36.6999799708,1.17881260309e-10,-23105.9015947,Nes10_dDFE.Exponential_div10
559,559,1002.53698679,7.51732009974e-13,-23217.7840866,Nes10_dDFE.Exponential_div10
560,560,199.777704346,1.1312839554e-11,-23134.697566,Nes10_dDFE.Exponential_div10
561,561,10.3408586001,2.05589123503e-09,-23106.3540066,Nes10_dDFE.Exponential_div10
562,562,716.901096073,2.18103313188e-13,-23120.2606252,Nes10_dDFE.Exponential_div10
563,563,195.498649516,5.55111512313e-17,-23216.3073219,Nes10_dDFE.Exponential_div10
564,564,371.183345578,2.33890684598e-12,-23182.1167183,Nes10_dDFE.Exponential_div10
565,565,74.8473862463,6.57685017558e-12,-23143.6656633,Nes10_dDFE.Exponential_div10
566,566,8.80603252967,1.01826125309e-09,-23245.468003,Nes10_dDFE.Exponential_div10
567,567,426.729743526,8.881784197e-16,-23170.4008055,Nes10_dDFE.Exponential_div10
568,568,251.49457583,3.78852504923e-12,-23105.1684085,Nes10_dDFE.Exponential_div10
569,569,719.317353129,8.05022715156e-13,-23106.8357787,Nes10_dDFE.Exponential_div10
570,570,330.268523098,2.47846188017e-12,-23142.9169412,Nes10_dDFE.Exponential_div10
571,571,1485.85241218,3.94129173742e-15,-23153.1147009,Nes10_dDFE.Exponential_div10
572,572,28.7475228156,2.89265056352e-10,-23170.914769,Nes10_dDFE.Exponential_div10
573,573,710.679972127,1.97786231837e-13,-23175.2563593,Nes10_dDFE.Exponential_div10
574,574,314.657355582,3.9582781497e-12,-23207.9718401,Nes10_dDFE.Exponential_div10
575,575,221.261241256,1.14535103624e-10,-23120.5357543,Nes10_dDFE.Exponential_div10
576,576,127.338222772,2.91661139684e-12,-23141.4804798,Nes10_dDFE.Exponential_div10
577,577,348.037375484,1.05992992161e-12,-23116.1870959,Nes10_dDFE.Exponential_div10
578,578,627.218199927,5.55111512313e-17,-23163.8028936,Nes10_dDFE.Exponential_div10
579,579,876.596413402,5.59774449016e-13,-23244.9353915,Nes10_dDFE.Exponential_div10
580,580,402.914607733,6.04905014967e-13,-23205.8223556,Nes10_dDFE.Exponential_div10
581,581,369.983179572,4.43090009128e-13,-23129.7698725,Nes10_dDFE.Exponential_div10
582,582,1101.15849617,2.40196751378e-13,-23202.149839,Nes10_dDFE.Exponential_div10
583,583,411.54098521,6.51589893153e-13,-23148.2847788,Nes10_dDFE.Exponential_div10
584,584,330.242760115,5.86197757002e-13,-23133.2063184,Nes10_dDFE.Exponential_div10
585,585,574.695385845,1.59058544114e-10,-23144.4366614,Nes10_dDFE.Exponential_div10
586,586,1169.67424296,4.9549253589e-13,-23162.5706152,Nes10_dDFE.Exponential_div10
587,587,541.818229962,1.61204383176e-12,-23132.7714616,Nes10_dDFE.Exponential_div10
588,588,888.637260929,0.0,-23265.7036109,Nes10_dDFE.Exponential_div10
589,589,552.180750567,5.60845814235e-12,-23157.600509,Nes10_dDFE.Exponential_div10
590,590,10.9752105476,7.58112931321e-08,-23184.828582,Nes10_dDFE.Exponential_div10
591,591,8.05333737541,9.59869472794e-09,-23156.6528971,Nes10_dDFE.Exponential_div10
592,592,708.126271682,3.27465832228e-12,-23134.9286354,Nes10_dDFE.Exponential_div10
593,593,292.822469235,5.87618842474e-12,-23124.2510121,Nes10_dDFE.Exponential_div10
594,594,662.646963956,3.54216656007e-13,-23153.8405186,Nes10_dDFE.Exponential_div10
595,595,364.570855159,3.51291218337e-12,-23210.5879394,Nes10_dDFE.Exponential_div10
596,596,907.36168084,2.5923707625e-12,-23136.0255591,Nes10_dDFE.Exponential_div10
597,597,724.241569029,1.18458576281e-11,-23111.4640935,Nes10_dDFE.Exponential_div10
598,598,1110.75903798,1.37851396964e-11,-23108.3573831,Nes10_dDFE.Exponential_div10
599,599,857.868731069,2.31703545239e-13,-23133.9466702,Nes10_dDFE.Exponential_div10
600,600,709.44020514,2.31997754341e-12,-23172.3398918,Nes10_dDFE.Exponential_div10
601,601,1004.76905608,1.2173595465e-13,-23170.3783486,Nes10_dDFE.Exponential_div10
602,602,309.238458741,3.08564285234e-12,-23204.9272409,Nes10_dDFE.Exponential_div10
603,603,639.191670124,0.0,-23156.2499321,Nes10_dDFE.Exponential_div10
604,604,975.736428684,1.8171020244e-12,-23141.7898776,Nes10_dDFE.Exponential_div10
605,605,136.155465533,1.83932535869e-10,-23097.0728448,Nes10_dDFE.Exponential_div10
606,606,454.335510899,2.23544516231e-11,-23207.2859468,Nes10_dDFE.Exponential_div10
607,607,580.072010641,0.0,-23144.9867755,Nes10_dDFE.Exponential_div10
608,608,545.1065131,3.3880120931e-12,-23209.1545193,Nes10_dDFE.Exponential_div10
609,609,743.269576552,2.13612461053e-12,-23181.501025,Nes10_dDFE.Exponential_div10
610,610,778.931928949,1.58151269858e-13,-23155.0908703,Nes10_dDFE.Exponential_div10
611,611,550.186786705,2.78105316553e-12,-23171.3870528,Nes10_dDFE.Exponential_div10
612,612,606.438954098,1.10906839268e-11,-23152.3936623,Nes10_dDFE.Exponential_div10
613,613,363.538813722,4.19153600717e-12,-23109.2041803,Nes10_dDFE.Exponential_div10
614,614,521.257999655,4.31695790226e-11,-23166.4833956,Nes10_dDFE.Exponential_div10
615,615,4.6565904343,8.07548644621e-09,-23185.0108901,Nes10_dDFE.Exponential_div10
616,616,987.256364836,3.43947093029e-13,-23180.1500279,Nes10_dDFE.Exponential_div10
617,617,1281.39447291,3.70011798978e-11,-23220.3691202,Nes10_dDFE.Exponential_div10
618,618,255.487546678,2.55340193434e-11,-23123.9196391,Nes10_dDFE.Exponential_div10
619,619,301.568873204,5.41005573673e-11,-23188.3362189,Nes10_dDFE.Exponential_div10
620,620,655.464229688,1.81549220102e-12,-23235.5262638,Nes10_dDFE.Exponential_div10
621,621,871.708842737,0.0,-23192.4320139,Nes10_dDFE.Exponential_div10
622,622,401.589285933,1.4746509569e-10,-23181.3514904,Nes10_dDFE.Exponential_div10
623,623,169.003834873,1.29274368987e-11,-23202.3139299,Nes10_dDFE.Exponential_div10
624,624,257.188873235,6.10894668185e-12,-23133.9375378,Nes10_dDFE.Exponential_div10
625,625,77.6808726709,1.6161061378e-10,-23150.9367233,Nes10_dDFE.Exponential_div10
626,626,1037.21295866,6.23945339839e-13,-23228.584522,Nes10_dDFE.Exponential_div10
627,627,442.555325237,1.51290091566e-12,-23203.2210324,Nes10_dDFE.Exponential_div10
628,628,829.178791418,2.58751908788e-11,-23160.794595,Nes10_dDFE.Exponential_div10
629,629,650.200251794,3.85305121142e-11,-23186.9188447,Nes10_dDFE.Exponential_div10
630,630,1127.90414184,5.09992048592e-12,-23151.7910195,Nes10_dDFE.Exponential_div10
631,631,688.35404565,1.67182934163e-12,-23162.4789076,Nes10_dDFE.Exponential_div10
632,632,415.113220311,9.28462862149e-12,-23222.0992614,Nes10_dDFE.Exponential_div10
633,633,682.042098626,5.53446177776e-13,-23197.3215838,Nes10_dDFE.Exponential_div10
634,634,704.689188976,4.65905092284e-13,-23081.1174228,Nes10_dDFE.Exponential_div10
635,635,324.593861365,2.48950859927e-12,-23098.8251957,Nes10_dDFE.Exponential_div10
636,636,598.01609072,9.49401668393e-12,-23096.5096669,Nes10_dDFE.Exponential_div10
637,637,269.606795204,5.55111512313e-17,-23140.9845942,Nes10_dDFE.Exponential_div10
638,638,102.501867119,4.4860781756e-12,-23154.3593599,Nes10_dDFE.Exponential_div10
639,639,966.135641613,0.0,-23167.5085976,Nes10_dDFE.Exponential_div10
640,640,606.013127343,3.27682325718e-13,-23124.3469955,Nes10_dDFE.Exponential_div10
641,641,38.3114296151,6.58595955549e-11,-23139.6130364,Nes10_dDFE.Exponential_div10
642,642,467.881932356,0.0,-23149.5184297,Nes10_dDFE.Exponential_div10
643,643,406.972476669,3.70108388381e-11,-23071.9872595,Nes10_dDFE.Exponential_div10
644,644,1058.58694311,1.34559030585e-13,-23178.2053632,Nes10_dDFE.Exponential_div10
645,645,869.033549026,3.40283357048e-13,-23184.7476331,Nes10_dDFE.Exponential_div10
646,646,23.9486222658,0.0,-23273.7159736,Nes10_dDFE.Exponential_div10
647,647,411.142516626,2.99703040163e-11,-23098.8733914,Nes10_dDFE.Exponential_div10
648,648,574.747190086,1.0727363442e-11,-23163.4687998,Nes10_dDFE.Exponential_div10
649,649,456.161986002,1.71740399679e-12,-23275.2004457,Nes10_dDFE.Exponential_div10
650,650,836.065568214,2.15051920716e-10,-23134.5852131,Nes10_dDFE.Exponential_div10
651,651,857.918445479,3.05810932133e-13,-23080.8261956,Nes10_dDFE.Exponential_div10
652,652,466.440193174,1.94224636374e-11,-23114.5217627,Nes10_dDFE.Exponential_div10
653,653,484.896132075,1.20276011373e-12,-23085.9556998,Nes10_dDFE.Exponential_div10
654,654,604.216755733,6.84063916623e-13,-23042.9561104,Nes10_dDFE.Exponential_div10
655,655,1537.82986546,3.96349619791e-13,-23231.6823711,Nes10_dDFE.Exponential_div10
656,656,986.329996444,1.40776279522e-13,-23162.5996759,Nes10_dDFE.Exponential_div10
657,657,57.3928492231,7.87669096614e-10,-23120.4140433,Nes10_dDFE.Exponential_div10
658,658,666.312739978,2.80331313718e-13,-23210.6980942,Nes10_dDFE.Exponential_div10
659,659,49.9336834954,1.26531174427e-10,-23098.2744523,Nes10_dDFE.Exponential_div10
660,660,900.855089928,1.16605058942e-11,-23212.650467,Nes10_dDFE.Exponential_div10
661,661,227.806850474,3.09801073684e-11,-23149.7092086,Nes10_dDFE.Exponential_div10
662,662,10.0397538779,1.23119137108e-09,-23113.3002218,Nes10_dDFE.Exponential_div10
663,663,1151.84867748,6.35758112821e-12,-23146.6726022,Nes10_dDFE.Exponential_div10
664,664,764.779368259,1.2059797605e-12,-23137.2124773,Nes10_dDFE.Exponential_div10
665,665,192.538029119,2.00558181174e-10,-23151.1310293,Nes10_dDFE.Exponential_div10
666,666,2258.38171086,1.0151823826e-11,-23167.6879583,Nes10_dDFE.Exponential_div10
667,667,691.682530877,2.27540208897e-13,-23119.9903794,Nes10_dDFE.Exponential_div10
668,668,23.475553416,9.66777768951e-10,-23224.3536955,Nes10_dDFE.Exponential_div10
669,669,792.062708568,8.97504293107e-13,-23154.4056812,Nes10_dDFE.Exponential_div10
670,670,350.626783044,1.18527410109e-12,-23210.9060629,Nes10_dDFE.Exponential_div10
671,671,13.0364099054,1.43377971717e-08,-23101.0060613,Nes10_dDFE.Exponential_div10
672,672,140.226682434,9.9907859763e-11,-23166.3495016,Nes10_dDFE.Exponential_div10
673,673,236.509912792,1.01768593552e-12,-23067.5052624,Nes10_dDFE.Exponential_div10
674,674,214.297337506,3.80107056941e-12,-23086.5868774,Nes10_dDFE.Exponential_div10
675,675,1083.57438961,5.45724576639e-12,-23070.5836504,Nes10_dDFE.Exponential_div10
676,676,1334.47550056,1.60538249361e-13,-23140.553631,Nes10_dDFE.Exponential_div10
677,677,275.864221117,1.87352355852e-11,-23169.0862561,Nes10_dDFE.Exponential_div10
678,678,871.042700171,1.1135536937e-13,-23057.3155572,Nes10_dDFE.Exponential_div10
679,679,894.719012592,7.11319891877e-13,-23219.0904518,Nes10_dDFE.Exponential_div10
680,680,45.0632186779,4.53322379634e-11,-23186.0417223,Nes10_dDFE.Exponential_div10
681,681,527.803866663,1.87833082421e-12,-23136.0880528,Nes10_dDFE.Exponential_div10
682,682,678.818517701,1.31350486043e-12,-23227.5298163,Nes10_dDFE.Exponential_div10
683,683,1219.12916612,2.65054644899e-11,-23161.9907377,Nes10_dDFE.Exponential_div10
684,684,1347.46189157,5.69788660698e-12,-23090.8985726,Nes10_dDFE.Exponential_div10
685,685,2786.61780179,6.38925579111e-11,-23198.0985079,Nes10_dDFE.Exponential_div10
686,686,1641.97469866,4.77284878286e-13,-23182.6081223,Nes10_dDFE.Exponential_div10
687,687,159.595059727,4.99391306086e-10,-23171.3605176,Nes10_dDFE.Exponential_div10
688,688,464.230878642,1.33486000031e-11,-23151.2751097,Nes10_dDFE.Exponential_div10
689,689,116.30518051,9.3874463758e-11,-23194.4686354,Nes10_dDFE.Exponential_div10
690,690,958.358920274,1.77025061276e-13,-23121.7114558,Nes10_dDFE.Exponential_div10
691,691,956.45966293,1.8124390877e-13,-23155.7123712,Nes10_dDFE.Exponential_div10
692,692,483.145731307,3.96149779647e-12,-23161.4581141,Nes10_dDFE.Exponential_div10
693,693,323.840606026,1.01483266235e-11,-23211.3079737,Nes10_dDFE.Exponential_div10
694,694,102.098755815,1.55904733568e-11,-23175.7752195,Nes10_dDFE.Exponential_div10
695,695,966.579905224,1.92162952217e-12,-23203.285461,Nes10_dDFE.Exponential_div10
696,696,662.76329277,7.01438906958e-13,-23213.3556671,Nes10_dDFE.Exponential_div10
697,697,3.69023643937,0.0,-23115.3348573,Nes10_dDFE.Exponential_div10
698,698,1101.7913281,1.67910130244e-12,-23101.823527,Nes10_dDFE.Exponential_div10
699,699,92.7597892081,2.07408012987e-09,-23176.51494,Nes10_dDFE.Exponential_div10
700,700,2.08052604467,6.30124100121e-08,-23138.0658566,Nes10_dDFE.Exponential_div10
701,701,74.2250572773,9.7110247621e-10,-23096.6076967,Nes10_dDFE.Exponential_div10
702,702,565.361297721,5.34542410335e-11,-23200.0767284,Nes10_dDFE.Exponential_div10
703,703,1767.36967227,2.49911202843e-13,-23265.0151404,Nes10_dDFE.Exponential_div10
704,704,3.23846719302,0.0,-23178.5153987,Nes10_dDFE.Exponential_div10
705,705,158.417596855,8.49614040233e-09,-23140.4222091,Nes10_dDFE.Exponential_div10
706,706,205.870844309,7.64670549103e-11,-23184.1262979,Nes10_dDFE.Exponential_div10
707,707,839.388031944,3.63311047913e-11,-23156.8772576,Nes10_dDFE.Exponential_div10
708,708,5.7665867319,0.0,-23242.375489,Nes10_dDFE.Exponential_div10
709,709,685.358315685,4.6390669084e-13,-23218.7402995,Nes10_dDFE.Exponential_div10
710,710,2.3337437598,3.69280631074e-08,-23095.3858522,Nes10_dDFE.Exponential_div10
711,711,917.527723407,6.4021010715e-13,-23115.1298498,Nes10_dDFE.Exponential_div10
712,712,67.6071454089,3.08325587284e-11,-23196.2853092,Nes10_dDFE.Exponential_div10
713,713,652.616463302,1.08830722212e-11,-23115.3361883,Nes10_dDFE.Exponential_div10
714,714,487.076583304,3.12583292583e-13,-23134.8900247,Nes10_dDFE.Exponential_div10
715,715,481.042877103,6.17815854032e-10,-23192.2742934,Nes10_dDFE.Exponential_div10
716,716,201.823642568,1.24096288801e-11,-23172.2552534,Nes10_dDFE.Exponential_div10
717,717,2.39652955281,3.71970442059e-07,-23155.0507684,Nes10_dDFE.Exponential_div10
718,718,769.081302759,2.25680585331e-12,-23214.2485974,Nes10_dDFE.Exponential_div10
719,719,554.453413047,5.35793631684e-13,-23219.9630658,Nes10_dDFE.Exponential_div10
720,720,412.28663193,3.91209287187e-12,-23265.5342604,Nes10_dDFE.Exponential_div10
721,721,1050.32523932,4.37982983215e-13,-22977.7083191,Nes10_dDFE.Exponential_div10
722,722,1353.52152861,4.25326440734e-13,-23189.5687139,Nes10_dDFE.Exponential_div10
723,723,48.6595194,5.91049542642e-10,-23169.2364257,Nes10_dDFE.Exponential_div10
724,724,393.844739596,7.30010496497e-12,-23183.8412609,Nes10_dDFE.Exponential_div10
725,725,4725.3629253,2.01610950157e-12,-23120.0091668,Nes10_dDFE.Exponential_div10
726,726,208.335445796,2.45464759629e-12,-23235.7952557,Nes10_dDFE.Exponential_div10
727,727,1144.38084994,7.88852316802e-12,-23104.6319605,Nes10_dDFE.Exponential_div10
728,728,854.880391308,6.4694916091e-12,-23220.0303367,Nes10_dDFE.Exponential_div10
729,729,974.829221341,5.55111512313e-17,-23147.5454067,Nes10_dDFE.Exponential_div10
730,730,485.822875449,4.1206316137e-11,-23096.9333222,Nes10_dDFE.Exponential_div10
731,731,85.2101605945,1.2147640116e-09,-23152.600725,Nes10_dDFE.Exponential_div10
732,732,2696.8802172,1.8979262606e-13,-23125.2055207,Nes10_dDFE.Exponential_div10
733,733,645.334046569,5.10174125168e-11,-23185.1746151,Nes10_dDFE.Exponential_div10
734,734,719.393711,1.0278444762e-12,-23211.8212081,Nes10_dDFE.Exponential_div10
735,735,1714.32753048,2.96429547575e-13,-23079.5825382,Nes10_dDFE.Exponential_div10
736,736,252.568276214,0.0,-23142.5582608,Nes10_dDFE.Exponential_div10
737,737,1134.08703817,5.40900657597e-13,-23241.5666605,Nes10_dDFE.Exponential_div10
738,738,476.119655121,1.6703860517e-12,-23100.7375005,Nes10_dDFE.Exponential_div10
739,739,1497.87863978,5.6560867101e-12,-23142.7479357,Nes10_dDFE.Exponential_div10
740,740,591.199693414,1.27058918942e-11,-23154.6192028,Nes10_dDFE.Exponential_div10
741,741,115.56035962,4.02204602956e-10,-23109.4033893,Nes10_dDFE.Exponential_div10
742,742,495.857431878,6.63302746062e-13,-23226.9381117,Nes10_dDFE.Exponential_div10
743,743,530.179655056,2.28138619107e-11,-23111.7020101,Nes10_dDFE.Exponential_div10
744,744,827.916285545,1.35538247292e-11,-23184.4079197,Nes10_dDFE.Exponential_div10
745,745,281.959508697,3.10814707305e-11,-23209.5522478,Nes10_dDFE.Exponential_div10
746,746,16.514044388,0.0,-23156.3246118,Nes10_dDFE.Exponential_div10
747,747,1552.72579356,2.87103674168e-13,-23209.872125,Nes10_dDFE.Exponential_div10
748,748,247.421320501,1.09368070156e-11,-23113.3122663,Nes10_dDFE.Exponential_div10
749,749,530.721312758,1.68121072619e-12,-23169.1914082,Nes10_dDFE.Exponential_div10
750,750,156.451301103,9.6180730047e-11,-23143.1864141,Nes10_dDFE.Exponential_div10
751,751,25.4411655322,7.79727948874e-11,-23265.5856127,Nes10_dDFE.Exponential_div10
752,752,1043.95866225,4.28435065203e-13,-23161.5338613,Nes10_dDFE.Exponential_div10
753,753,2222.18023334,6.70526967284e-11,-23143.6697087,Nes10_dDFE.Exponential_div10
754,754,438.026697915,3.54938300973e-13,-23096.3721396,Nes10_dDFE.Exponential_div10
755,755,654.659462291,9.60009849393e-13,-23235.7264576,Nes10_dDFE.Exponential_div10
756,756,561.209269874,1.39543931965e-12,-23194.9152806,Nes10_dDFE.Exponential_div10
757,757,799.288714464,3.95072863313e-13,-23109.2940737,Nes10_dDFE.Exponential_div10
758,758,1241.39268648,5.95967719619e-13,-23084.1608168,Nes10_dDFE.Exponential_div10
759,759,551.050326611,1.6930346014e-12,-23151.215054,Nes10_dDFE.Exponential_div10
760,760,44.1684152938,2.27159402399e-11,-23189.6414631,Nes10_dDFE.Exponential_div10
761,761,58.3447852579,4.49412057568e-09,-23079.6746577,Nes10_dDFE.Exponential_div10
762,762,317.205987879,8.22741319517e-11,-23179.645729,Nes10_dDFE.Exponential_div10
763,763,812.857390909,8.06699151923e-12,-23235.9814504,Nes10_dDFE.Exponential_div10
764,764,721.180303997,6.2238547649e-12,-23143.936773,Nes10_dDFE.Exponential_div10
765,765,526.537562802,2.52437515336e-11,-23158.4953936,Nes10_dDFE.Exponential_div10
766,766,36.6461411544,5.01352293014e-11,-23174.1848186,Nes10_dDFE.Exponential_div10
767,767,829.94309391,2.6512125828e-13,-23187.5998353,Nes10_dDFE.Exponential_div10
768,768,1207.32565564,3.02924352269e-13,-23153.941306,Nes10_dDFE.Exponential_div10
769,769,923.731859174,6.13231687652e-13,-23239.6201934,Nes10_dDFE.Exponential_div10
770,770,141.856181388,6.91202650671e-12,-23137.9665391,Nes10_dDFE.Exponential_div10
771,771,828.528140857,1.00203179088e-12,-23232.4457646,Nes10_dDFE.Exponential_div10
772,772,560.681903673,2.3399060467e-12,-23076.3457312,Nes10_dDFE.Exponential_div10
773,773,212.359364725,5.55111512313e-17,-23128.0731716,Nes10_dDFE.Exponential_div10
774,774,510.190604562,5.56998891454e-12,-23177.1762309,Nes10_dDFE.Exponential_div10
775,775,13963.0529976,1.06243347453e-11,-23173.0728767,Nes10_dDFE.Exponential_div10
776,776,542.856757262,1.97627469944e-11,-23186.6539018,Nes10_dDFE.Exponential_div10
777,777,106.138165279,1.75108705314e-10,-23147.9904761,Nes10_dDFE.Exponential_div10
778,778,205.097455015,3.77031184051e-11,-23198.4014444,Nes10_dDFE.Exponential_div10
779,779,158.076765221,7.02493618832e-11,-23121.9135305,Nes10_dDFE.Exponential_div10
780,780,2.11193306648,3.33999966573e-09,-23162.101603,Nes10_dDFE.Exponential_div10
781,781,158.496545424,4.91567897498e-12,-23109.5833781,Nes10_dDFE.Exponential_div10
782,782,392.792374427,2.79637424327e-12,-23136.4371088,Nes10_dDFE.Exponential_div10
783,783,684.236957141,1.37008182577e-11,-23194.2717495,Nes10_dDFE.Exponential_div10
784,784,89.07092963,4.53022619418e-11,-23130.2483205,Nes10_dDFE.Exponential_div10
785,785,1044.26200457,3.67539332302e-13,-23166.6693606,Nes10_dDFE.Exponential_div10
786,786,6917.2473292,4.01298438923e-11,-23201.2988134,Nes10_dDFE.Exponential_div10
787,787,30.7200565176,0.0,-23151.5366616,Nes10_dDFE.Exponential_div10
788,788,712.483519087,1.33842936734e-12,-23200.7550751,Nes10_dDFE.Exponential_div10
789,789,465.341540045,5.47811795926e-11,-23209.5138387,Nes10_dDFE.Exponential_div10
790,790,986.476386334,6.80300260569e-12,-23163.7564708,Nes10_dDFE.Exponential_div10
791,791,13.4867806919,5.20257226189e-10,-23175.5880964,Nes10_dDFE.Exponential_div10
792,792,581.689559812,1.18510756764e-12,-23181.059678,Nes10_dDFE.Exponential_div10
793,793,265.609725835,2.35167441076e-12,-23211.9480956,Nes10_dDFE.Exponential_div10
794,794,1483.30566787,2.44271269878e-12,-23161.6342021,Nes10_dDFE.Exponential_div10
795,795,53.406457615,9.25768850468e-10,-23199.68541,Nes10_dDFE.Exponential_div10
796,796,114.608898604,1.16697207453e-11,-23224.7263971,Nes10_dDFE.Exponential_div10
797,797,26.7856877774,5.98323335321e-10,-23228.372453,Nes10_dDFE.Exponential_div10
798,798,965.003154782,5.08010300493e-12,-23128.1881463,Nes10_dDFE.Exponential_div10
799,799,243.136103342,4.73548977808e-12,-23208.8583601,Nes10_dDFE.Exponential_div10
800,800,2.235876357,0.0,-23224.3006253,Nes10_dDFE.Exponential_div10
801,801,937.707465377,1.88349336128e-13,-23119.177146,Nes10_dDFE.Exponential_div10
802,802,475.365261866,4.49803527758e-11,-23155.7955179,Nes10_dDFE.Exponential_div10
803,803,624.031309833,2.59070542796e-13,-23206.289547,Nes10_dDFE.Exponential_div10
804,804,2037.72736452,2.84715584442e-11,-23155.6206786,Nes10_dDFE.Exponential_div10
805,805,708.433376346,9.21207554683e-13,-23152.3700029,Nes10_dDFE.Exponential_div10
806,806,363.910580122,2.26130225656e-12,-23223.0592085,Nes10_dDFE.Exponential_div10
807,807,206.409457118,0.0,-23161.2014214,Nes10_dDFE.Exponential_div10
808,808,619.710847826,7.21034343343e-13,-23105.1493795,Nes10_dDFE.Exponential_div10
809,809,88.5645807875,6.59926002733e-11,-23161.8154182,Nes10_dDFE.Exponential_div10
810,810,996.876984471,5.92303983638e-13,-23163.1321816,Nes10_dDFE.Exponential_div10
811,811,5.67947067864,1.7257200724e-08,-23069.9927519,Nes10_dDFE.Exponential_div10
812,812,217.255534283,7.03766489529e-11,-23184.0126336,Nes10_dDFE.Exponential_div10
813,813,2786.98029041,6.627404181e-11,-23186.4171913,Nes10_dDFE.Exponential_div10
814,814,947.242327738,1.54687374021e-12,-23074.7631365,Nes10_dDFE.Exponential_div10
815,815,728.73356663,2.77806111448e-11,-23218.1895566,Nes10_dDFE.Exponential_div10
816,816,157.028076183,3.22630810956e-12,-23172.386106,Nes10_dDFE.Exponential_div10
817,817,1034.21252767,3.84747789184e-13,-23146.3274453,Nes10_dDFE.Exponential_div10
818,818,31.395135656,1.79936399114e-10,-23189.6481567,Nes10_dDFE.Exponential_div10
819,819,1140.68499231,1.80522263804e-13,-23147.8899591,Nes10_dDFE.Exponential_div10
820,820,231.174727706,5.55111512313e-16,-23184.8994998,Nes10_dDFE.Exponential_div10
821,821,64.3913600917,2.5750118704e-10,-23149.457009,Nes10_dDFE.Exponential_div10
822,822,619.00356928,5.55111512313e-17,-23104.8165721,Nes10_dDFE.Exponential_div10
823,823,449.880517027,4.81326090096e-12,-23190.620357,Nes10_dDFE.Exponential_div10
824,824,1040.1381063,1.76358927462e-13,-23113.2548714,Nes10_dDFE.Exponential_div10
825,825,820.58098864,7.95669086173e-12,-23201.5146762,Nes10_dDFE.Exponential_div10
826,826,672.307590479,1.03750341651e-13,-23185.4040982,Nes10_dDFE.Exponential_div10
827,827,1069.27948386,2.7683411119e-13,-23081.3565816,Nes10_dDFE.Exponential_div10
828,828,418.872174203,3.92130772298e-13,-23111.8199026,Nes10_dDFE.Exponential_div10
829,829,758.612388919,2.17575957251e-11,-23112.9328801,Nes10_dDFE.Exponential_div10
830,830,722.181927346,1.32900912497e-11,-23178.286464,Nes10_dDFE.Exponential_div10
831,831,208.756232066,1.8711698857e-12,-23227.5515997,Nes10_dDFE.Exponential_div10
832,832,540.31368543,4.10105283066e-12,-23082.7860303,Nes10_dDFE.Exponential_div10
833,833,1231.17257089,6.14935879995e-12,-23122.8670379,Nes10_dDFE.Exponential_div10
834,834,50.8637594906,2.13591200282e-10,-23133.6529468,Nes10_dDFE.Exponential_div10
835,835,635.075845323,5.70387070908e-11,-23143.7559878,Nes10_dDFE.Exponential_div10
836,836,912.112641419,6.15951734062e-13,-23124.3148321,Nes10_dDFE.Exponential_div10
837,837,103.058969315,1.81403780886e-11,-23167.8813602,Nes10_dDFE.Exponential_div10
838,838,683.656327351,8.48154879662e-13,-23095.0717254,Nes10_dDFE.Exponential_div10
839,839,2.54749592532,1.28039733815e-08,-23111.6554672,Nes10_dDFE.Exponential_div10
840,840,217.510581033,9.2466329038e-10,-23201.1800082,Nes10_dDFE.Exponential_div10
841,841,1077.20552034,2.60086396864e-12,-23122.4540095,Nes10_dDFE.Exponential_div10
842,842,1162.67832175,3.13874481961e-11,-23154.149092,Nes10_dDFE.Exponential_div10
843,843,2247.20841791,6.87783163755e-14,-23159.073457,Nes10_dDFE.Exponential_div10
844,844,1033.95747374,3.19577697638e-13,-23144.7258421,Nes10_dDFE.Exponential_div10
845,845,656.561936177,5.32868194014e-12,-23224.3089284,Nes10_dDFE.Exponential_div10
846,846,5.76348766118,0.0,-23118.2228554,Nes10_dDFE.Exponential_div10
847,847,1036.04007198,7.13312742207e-12,-23147.5767376,Nes10_dDFE.Exponential_div10
848,848,1737.63102579,1.44001477409e-12,-23089.6719681,Nes10_dDFE.Exponential_div10
849,849,598.940004396,5.55111512313e-17,-23134.3298374,Nes10_dDFE.Exponential_div10
850,850,172.980081609,1.32532790298e-09,-23113.741312,Nes10_dDFE.Exponential_div10
851,851,230.766481419,3.36147776281e-12,-23141.1900588,Nes10_dDFE.Exponential_div10
852,852,598.710125635,1.57096557984e-14,-23160.4307781,Nes10_dDFE.Exponential_div10
853,853,671.933553767,1.99840144433e-15,-23206.4131352,Nes10_dDFE.Exponential_div10
854,854,595.482745122,0.0,-23077.3721251,Nes10_dDFE.Exponential_div10
855,855,773.098971695,1.71251901548e-13,-23161.0182723,Nes10_dDFE.Exponential_div10
856,856,452.85712448,3.40028005752e-12,-23124.1656212,Nes10_dDFE.Exponential_div10
857,857,959.164263457,1.76916814532e-11,-23095.132515,Nes10_dDFE.Exponential_div10
858,858,473.200037534,3.92186283449e-12,-23095.1342479,Nes10_dDFE.Exponential_div10
859,859,345.997879595,3.66920938077e-11,-23029.1434987,Nes10_dDFE.Exponential_div10
860,860,643.553540131,2.7772228961e-13,-23170.6756892,Nes10_dDFE.Exponential_div10
861,861,1237.90018975,4.24049684256e-13,-23187.2595503,Nes10_dDFE.Exponential_div10
862,862,805.29085453,2.21778151399e-12,-23177.4807423,Nes10_dDFE.Exponential_div10
863,863,4.8054884873,9.10330388848e-09,-23172.0394812,Nes10_dDFE.Exponential_div10
864,864,62.3646119516,8.86187512261e-10,-23163.1017988,Nes10_dDFE.Exponential_div10
865,865,87.9002028267,4.57560100919e-11,-23089.8658268,Nes10_dDFE.Exponential_div10
866,866,230.073253652,1.0353911617e-09,-23277.2988907,Nes10_dDFE.Exponential_div10
867,867,256.541414881,8.67889093925e-12,-23172.1928947,Nes10_dDFE.Exponential_div10
868,868,2187.25672224,8.35109759123e-13,-23135.2566202,Nes10_dDFE.Exponential_div10
869,869,239.638582668,7.69734276318e-12,-23246.3741767,Nes10_dDFE.Exponential_div10
870,870,660.509656493,1.8355650333e-11,-23121.4476643,Nes10_dDFE.Exponential_div10
871,871,1590.83108968,6.10622663544e-16,-23164.6017456,Nes10_dDFE.Exponential_div10
872,872,674.817985657,1.35352840047e-12,-23156.3713558,Nes10_dDFE.Exponential_div10
873,873,49.4259608499,2.17964923888e-10,-23188.633223,Nes10_dDFE.Exponential_div10
874,874,341.138116877,1.09423581307e-11,-23075.7164188,Nes10_dDFE.Exponential_div10
875,875,223.18468878,4.64872584871e-12,-23109.6898974,Nes10_dDFE.Exponential_div10
876,876,2207.32890965,1.05437880649e-12,-23126.8017522,Nes10_dDFE.Exponential_div10
877,877,365.810043263,8.99225138795e-13,-23070.9811753,Nes10_dDFE.Exponential_div10
878,878,1.63374243473,7.83800047088e-09,-23180.9000759,Nes10_dDFE.Exponential_div10
879,879,799.693328619,3.46667139439e-13,-23147.1229624,Nes10_dDFE.Exponential_div10
880,880,500.937481955,2.54435361668e-11,-23063.8920531,Nes10_dDFE.Exponential_div10
881,881,104.621955065,4.79327688652e-12,-23200.9760912,Nes10_dDFE.Exponential_div10
882,882,1199.03683689,9.2648111405e-13,-23183.761606,Nes10_dDFE.Exponential_div10
883,883,276.503013861,1.63991042967e-11,-23173.9171959,Nes10_dDFE.Exponential_div10
884,884,231.723177537,1.66533453694e-16,-23135.006527,Nes10_dDFE.Exponential_div10
885,885,4311.1150786,6.4515059961e-13,-23179.5636581,Nes10_dDFE.Exponential_div10
886,886,336.84566488,1.69153580032e-12,-23224.9838737,Nes10_dDFE.Exponential_div10
887,887,895.013521453,2.25208740545e-13,-23145.7949294,Nes10_dDFE.Exponential_div10
888,888,3046.1718042,3.01586533524e-12,-23060.8953631,Nes10_dDFE.Exponential_div10
889,889,924.728042523,9.27979915133e-13,-23111.0835671,Nes10_dDFE.Exponential_div10
890,890,22.1411842672,4.81118034301e-10,-23216.1716265,Nes10_dDFE.Exponential_div10
891,891,108.784353113,4.1099557091e-10,-23146.6382137,Nes10_dDFE.Exponential_div10
892,892,14837.619649,2.20630735903e-11,-23156.9661091,Nes10_dDFE.Exponential_div10
893,893,211.50174972,1.36874400702e-11,-23208.923083,Nes10_dDFE.Exponential_div10
894,894,2.02662262561,3.13316064204e-08,-23165.1243034,Nes10_dDFE.Exponential_div10
895,895,730.731824528,0.0,-23116.8245527,Nes10_dDFE.Exponential_div10
896,896,776.849471289,3.76293440851e-12,-23203.2318657,Nes10_dDFE.Exponential_div10
897,897,582.519570886,5.57998092177e-13,-23105.8988901,Nes10_dDFE.Exponential_div10
898,898,921.777691295,6.24611473654e-13,-23075.1655915,Nes10_dDFE.Exponential_div10
899,899,700.445849255,3.33150174114e-12,-23149.9497132,Nes10_dDFE.Exponential_div10
900,900,1102.66806043,7.12041536843e-13,-23200.4368081,Nes10_dDFE.Exponential_div10
901,901,553.983471149,3.11476400228e-11,-23159.5042736,Nes10_dDFE.Exponential_div10
902,902,1015.94230564,6.27886631577e-13,-23177.3244921,Nes10_dDFE.Exponential_div10
903,903,804.692212547,2.25819363209e-13,-23116.4549648,Nes10_dDFE.Exponential_div10
904,904,799.361317191,6.16229289818e-13,-23203.5795081,Nes10_dDFE.Exponential_div10
905,905,1105.794441,3.53217455284e-13,-23130.3587015,Nes10_dDFE.Exponential_div10
906,906,150.455223481,7.48630046843e-11,-23189.0033763,Nes10_dDFE.Exponential_div10
907,907,439.887130699,1.92323934556e-12,-23243.8893917,Nes10_dDFE.Exponential_div10
908,908,682.088529847,4.26825241817e-13,-23115.4483591,Nes10_dDFE.Exponential_div10
909,909,800.279090834,5.08075803651e-11,-23123.5795585,Nes10_dDFE.Exponential_div10
910,910,768.670316258,1.71584968456e-13,-23209.4057047,Nes10_dDFE.Exponential_div10
911,911,705.471734897,2.72282196789e-13,-23229.7318886,Nes10_dDFE.Exponential_div10
912,912,696.644863759,3.23452375994e-12,-23182.5159643,Nes10_dDFE.Exponential_div10
913,913,918.789230183,5.14477349611e-13,-23152.3461776,Nes10_dDFE.Exponential_div10
914,914,784.015634354,1.20564669359e-12,-23243.4274803,Nes10_dDFE.Exponential_div10
915,915,862.94065699,1.28602684057e-12,-23188.931721,Nes10_dDFE.Exponential_div10
916,916,1053.52958649,3.88022947106e-13,-23117.1057403,Nes10_dDFE.Exponential_div10
917,917,664.960661796,1.55712109873e-11,-23281.2732392,Nes10_dDFE.Exponential_div10
918,918,1049.14691924,9.96591698055e-13,-23105.1037036,Nes10_dDFE.Exponential_div10
919,919,700.015075838,1.45439216226e-12,-23206.6146941,Nes10_dDFE.Exponential_div10
920,920,1147.65272885,3.79862807875e-13,-23176.9781202,Nes10_dDFE.Exponential_div10
921,921,1093.57617586,3.94684285254e-13,-23165.5641245,Nes10_dDFE.Exponential_div10
922,922,270.705706717,7.94092569478e-12,-23104.0727844,Nes10_dDFE.Exponential_div10
923,923,1020.31986721,2.90023560723e-12,-23261.7870745,Nes10_dDFE.Exponential_div10
924,924,804.424024257,0.0,-23233.882547,Nes10_dDFE.Exponential_div10
925,925,648.353661857,1.20168874851e-11,-23142.8549524,Nes10_dDFE.Exponential_div10
926,926,1027.30631755,7.40152383827e-12,-23173.0993807,Nes10_dDFE.Exponential_div10
927,927,739.543363716,1.03328456902e-11,-23124.7370821,Nes10_dDFE.Exponential_div10
928,928,778.482744612,1.04050101868e-12,-23158.0186951,Nes10_dDFE.Exponential_div10
929,929,499.042579386,9.87210313497e-13,-23209.0324515,Nes10_dDFE.Exponential_div10
930,930,481.158662336,3.38659655874e-11,-23232.9114083,Nes10_dDFE.Exponential_div10
931,931,1785.59325421,2.01727523574e-13,-23213.1416309,Nes10_dDFE.Exponential_div10
932,932,597.754827714,1.12705400568e-11,-23118.26062,Nes10_dDFE.Exponential_div10
933,933,636.261684409,9.05719943489e-12,-23139.9990493,Nes10_dDFE.Exponential_div10
934,934,272.687558732,1.51356704947e-12,-23202.5121728,Nes10_dDFE.Exponential_div10
935,935,1101.30132587,3.99069666202e-13,-23116.5956012,Nes10_dDFE.Exponential_div10
936,936,481.24467803,3.75383057971e-12,-23079.5012769,Nes10_dDFE.Exponential_div10
937,937,340.212185217,1.74293912636e-12,-23194.2502327,Nes10_dDFE.Exponential_div10
938,938,975.239106132,1.86795023893e-12,-23064.5759042,Nes10_dDFE.Exponential_div10
939,939,661.68890358,1.11388676061e-12,-23200.2881102,Nes10_dDFE.Exponential_div10
940,940,333.336266642,5.36892752478e-12,-23089.237126,Nes10_dDFE.Exponential_div10
941,941,578.459719061,1.87810877961e-12,-23253.4342249,Nes10_dDFE.Exponential_div10
942,942,816.575085004,8.35720381787e-13,-23149.1692452,Nes10_dDFE.Exponential_div10
943,943,358.630910473,1.99632532727e-11,-23125.9818713,Nes10_dDFE.Exponential_div10
944,944,854.790741319,2.19713136573e-13,-23225.6612463,Nes10_dDFE.Exponential_div10
945,945,1668.35159783,1.9906853943e-12,-23126.3155789,Nes10_dDFE.Exponential_div10
946,946,163.409777445,1.46487821873e-10,-23218.8313062,Nes10_dDFE.Exponential_div10
947,947,86.4447852885,5.55111512313e-17,-23156.1782098,Nes10_dDFE.Exponential_div10
948,948,648.964417612,4.92272889119e-13,-23147.5366545,Nes10_dDFE.Exponential_div10
949,949,37.5512873787,2.27948215858e-11,-23191.9926453,Nes10_dDFE.Exponential_div10
950,950,736.007554107,2.08055794815e-13,-23142.5058742,Nes10_dDFE.Exponential_div10
951,951,1112.41987684,4.62130334e-13,-23142.6708296,Nes10_dDFE.Exponential_div10
952,952,1030.88615986,7.5112138731e-13,-23051.7834643,Nes10_dDFE.Exponential_div10
953,953,740.633711653,2.27484697746e-13,-23155.099836,Nes10_dDFE.Exponential_div10
954,954,108.570616838,3.89323184802e-10,-23134.0638088,Nes10_dDFE.Exponential_div10
955,955,740.168750043,2.84594570132e-12,-23170.175527,Nes10_dDFE.Exponential_div10
956,956,691.736066126,2.40920061678e-11,-23185.7732617,Nes10_dDFE.Exponential_div10
957,957,843.649604818,5.30908650376e-13,-23120.5767935,Nes10_dDFE.Exponential_div10
958,958,649.767584604,1.30218058558e-12,-23088.4894357,Nes10_dDFE.Exponential_div10
959,959,996.735572123,4.65072425015e-13,-23170.4881817,Nes10_dDFE.Exponential_div10
960,960,1350.14424414,6.46502296142e-11,-23230.4041679,Nes10_dDFE.Exponential_div10
961,961,788.759901436,5.15015252667e-11,-23196.3258248,Nes10_dDFE.Exponential_div10
962,962,1637.68890604,5.44564393579e-14,-23144.6767371,Nes10_dDFE.Exponential_div10
963,963,2652.15490467,1.35785827027e-12,-23158.4290779,Nes10_dDFE.Exponential_div10
964,964,515.053911728,5.996314556e-13,-23158.9541495,Nes10_dDFE.Exponential_div10
965,965,955.2742267,1.30562227696e-13,-23201.3934038,Nes10_dDFE.Exponential_div10
966,966,543.744436198,3.13638004457e-14,-23156.1496482,Nes10_dDFE.Exponential_div10
967,967,757.092596436,1.60133017957e-12,-23133.5696676,Nes10_dDFE.Exponential_div10
968,968,950.424147685,7.14706072102e-13,-23148.9444242,Nes10_dDFE.Exponential_div10
969,969,2242.35060503,9.99200722163e-16,-23127.1300509,Nes10_dDFE.Exponential_div10
970,970,1769.22094936,2.23484064588e-10,-23215.8220994,Nes10_dDFE.Exponential_div10
971,971,671.622860453,1.11298747996e-11,-22985.2803252,Nes10_dDFE.Exponential_div10
972,972,1068.6416097,1.90680804479e-13,-23120.6626053,Nes10_dDFE.Exponential_div10
973,973,608.972634187,4.79116746277e-13,-23120.6566403,Nes10_dDFE.Exponential_div10
974,974,980.525860131,5.98759930526e-12,-23177.3510421,Nes10_dDFE.Exponential_div10
975,975,495.414478487,3.96893629073e-12,-23154.8950483,Nes10_dDFE.Exponential_div10
976,976,2.36412578641,1.80666332283e-07,-23177.2722331,Nes10_dDFE.Exponential_div10
977,977,128.255867788,0.0,-23179.1629077,Nes10_dDFE.Exponential_div10
978,978,193.174737742,3.45267703317e-11,-23199.5005405,Nes10_dDFE.Exponential_div10
979,979,35.4355374955,1.26914923015e-10,-23068.4527548,Nes10_dDFE.Exponential_div10
980,980,40.1847298857,4.2324754812e-11,-23190.0840393,Nes10_dDFE.Exponential_div10
981,981,819.125584322,0.0,-23123.0328349,Nes10_dDFE.Exponential_div10
982,982,227.699272961,1.90564231062e-12,-23173.4298776,Nes10_dDFE.Exponential_div10
983,983,147.891419679,2.93004509544e-12,-23115.7834867,Nes10_dDFE.Exponential_div10
984,984,186.407016126,5.69391200855e-11,-23109.7044422,Nes10_dDFE.Exponential_div10
985,985,683.680536542,7.70783437076e-12,-23249.1982371,Nes10_dDFE.Exponential_div10
986,986,374.033126844,6.04249983382e-12,-23158.1952953,Nes10_dDFE.Exponential_div10
987,987,3.55788152129,3.09826703182e-08,-23223.5624366,Nes10_dDFE.Exponential_div10
988,988,536.401334845,8.46656078579e-13,-23144.9016578,Nes10_dDFE.Exponential_div10
989,989,1044.30415661,6.93428647836e-12,-23121.6613461,Nes10_dDFE.Exponential_div10
990,990,566.373879084,1.54271040387e-12,-23165.7208956,Nes10_dDFE.Exponential_div10
991,991,679.968877728,7.56616991282e-14,-23137.0915956,Nes10_dDFE.Exponential_div10
992,992,497.53988894,3.13836179267e-11,-23119.7859979,Nes10_dDFE.Exponential_div10
993,993,21.3623225021,5.14207976199e-09,-23131.2671495,Nes10_dDFE.Exponential_div10
994,994,1139.85907194,3.02491365289e-12,-23225.2529058,Nes10_dDFE.Exponential_div10
995,995,867.445590056,6.22224494151e-13,-23154.2948406,Nes10_dDFE.Exponential_div10
996,996,484.724186828,1.45334855262e-11,-23148.5345434,Nes10_dDFE.Exponential_div10
997,997,211.266643055,0.0,-23212.2986341,Nes10_dDFE.Exponential_div10
998,998,15.5463786145,5.94826421452e-09,-23186.0064285,Nes10_dDFE.Exponential_div10
999,999,966.577295774,2.60458321577e-13,-23207.7553276,Nes10_dDFE.Exponential_div10
