,rep,NeSa,pa,AIC,identifier
0,0,519.515339362,0.000584957093717,-27313.8514742,Nes200_dDFE.Exponential
1,1,515.918844839,0.00058980880826,-27390.897348,Nes200_dDFE.Exponential
2,2,515.175342831,0.000587605300986,-27382.1837091,Nes200_dDFE.Exponential
3,3,519.373231049,0.000585848887974,-27458.4680137,Nes200_dDFE.Exponential
4,4,516.720756719,0.000584795927944,-27431.357308,Nes200_dDFE.Exponential
5,5,518.333064523,0.000584971572656,-27340.6762019,Nes200_dDFE.Exponential
6,6,519.137001479,0.000587126875281,-27362.4785565,Nes200_dDFE.Exponential
7,7,520.371328458,0.000581605822803,-27467.7514029,Nes200_dDFE.Exponential
8,8,517.757815015,0.00058921002031,-27444.4325728,Nes200_dDFE.Exponential
9,9,517.062696222,0.000586513035147,-27312.5302348,Nes200_dDFE.Exponential
10,10,514.608439421,0.000589181832139,-27510.0977502,Nes200_dDFE.Exponential
11,11,516.47992687,0.000590722524789,-27484.0316965,Nes200_dDFE.Exponential
12,12,517.488705643,0.000588242139348,-27469.6618227,Nes200_dDFE.Exponential
13,13,521.333080253,0.000582270316946,-27343.523049,Nes200_dDFE.Exponential
14,14,520.097773377,0.000582270184896,-27386.3615384,Nes200_dDFE.Exponential
15,15,519.461794524,0.000583751292992,-27322.3821644,Nes200_dDFE.Exponential
16,16,520.539344339,0.00058008666233,-27410.530559,Nes200_dDFE.Exponential
17,17,523.280887874,0.000576094364994,-27393.207734,Nes200_dDFE.Exponential
18,18,519.006192414,0.000586224120079,-27412.4261199,Nes200_dDFE.Exponential
19,19,518.308703946,0.000583874728717,-27479.887787,Nes200_dDFE.Exponential
20,20,524.933443263,0.000575756343234,-27506.0516575,Nes200_dDFE.Exponential
21,21,522.973385964,0.000579360744004,-27435.4114308,Nes200_dDFE.Exponential
22,22,519.155784223,0.000584662246711,-27434.3060031,Nes200_dDFE.Exponential
23,23,517.818129916,0.000586964930657,-27352.5776727,Nes200_dDFE.Exponential
24,24,514.385952048,0.000593958144145,-27427.3535029,Nes200_dDFE.Exponential
25,25,520.144727554,0.000583218906997,-27438.8698538,Nes200_dDFE.Exponential
26,26,520.875056732,0.000580886543921,-27355.0190775,Nes200_dDFE.Exponential
27,27,514.26912974,0.000593239124423,-27453.1893078,Nes200_dDFE.Exponential
28,28,518.789026254,0.00058224132387,-27470.2389184,Nes200_dDFE.Exponential
29,29,518.808141132,0.00058482876785,-27389.0773092,Nes200_dDFE.Exponential
30,30,516.492086639,0.00059028932186,-27326.6768976,Nes200_dDFE.Exponential
31,31,516.735996488,0.000590190234309,-27443.0946061,Nes200_dDFE.Exponential
32,32,516.142904446,0.000588993639685,-27420.660983,Nes200_dDFE.Exponential
33,33,516.926965097,0.000586475366494,-27347.3767401,Nes200_dDFE.Exponential
34,34,522.744291444,0.000581987007705,-27420.0923503,Nes200_dDFE.Exponential
35,35,522.026985517,0.000578568129363,-27436.0344037,Nes200_dDFE.Exponential
36,36,519.165231301,0.000584899249126,-27444.751718,Nes200_dDFE.Exponential
37,37,517.220984876,0.000587849941589,-27417.9258655,Nes200_dDFE.Exponential
38,38,516.466506326,0.000588069685105,-27398.1778724,Nes200_dDFE.Exponential
39,39,520.991430228,0.000582896267529,-27357.8744428,Nes200_dDFE.Exponential
40,40,517.565706468,0.000583616334806,-27403.6213763,Nes200_dDFE.Exponential
41,41,517.573900885,0.000585924409058,-27417.4243175,Nes200_dDFE.Exponential
42,42,518.205116615,0.000587388440277,-27452.84359,Nes200_dDFE.Exponential
43,43,520.133282167,0.000583463311184,-27411.9665134,Nes200_dDFE.Exponential
44,44,518.842567613,0.000584081894178,-27356.5806396,Nes200_dDFE.Exponential
45,45,522.279224769,0.000581364978504,-27341.8130254,Nes200_dDFE.Exponential
46,46,523.534871128,0.000578932385015,-27498.6846683,Nes200_dDFE.Exponential
47,47,520.445848124,0.000582857264256,-27356.2440629,Nes200_dDFE.Exponential
48,48,512.546197477,0.00059918130509,-27422.6490694,Nes200_dDFE.Exponential
49,49,510.420722477,0.000601727967108,-27399.0280355,Nes200_dDFE.Exponential
50,50,515.583282838,0.000591230702138,-27465.0847766,Nes200_dDFE.Exponential
51,51,512.980237043,0.000593794912718,-27490.0120795,Nes200_dDFE.Exponential
52,52,509.372384494,0.000600462536911,-27460.6112011,Nes200_dDFE.Exponential
53,53,514.814817754,0.000591112523753,-27286.6717103,Nes200_dDFE.Exponential
54,54,518.998779088,0.000585989091309,-27360.6006327,Nes200_dDFE.Exponential
55,55,518.376802068,0.000584939899534,-27368.2986813,Nes200_dDFE.Exponential
56,56,521.105153465,0.000579875628706,-27393.9976803,Nes200_dDFE.Exponential
57,57,517.471232118,0.000586422229325,-27427.8614592,Nes200_dDFE.Exponential
58,58,518.059734474,0.000584809721057,-27338.2874457,Nes200_dDFE.Exponential
59,59,519.466334545,0.000580900740778,-27476.8633461,Nes200_dDFE.Exponential
60,60,516.45212887,0.000589847817934,-27411.111041,Nes200_dDFE.Exponential
61,61,523.321163704,0.000579611837659,-27447.9172798,Nes200_dDFE.Exponential
62,62,524.57065927,0.000575689934402,-27426.1369242,Nes200_dDFE.Exponential
63,63,518.568689748,0.000585005175609,-27355.6053667,Nes200_dDFE.Exponential
64,64,510.272102717,0.000601247736233,-27350.5060328,Nes200_dDFE.Exponential
65,65,515.20628207,0.000590287896614,-27413.1540434,Nes200_dDFE.Exponential
66,66,515.650053819,0.000588502697988,-27322.1711426,Nes200_dDFE.Exponential
67,67,511.216208488,0.000597475323223,-27459.5715696,Nes200_dDFE.Exponential
68,68,513.918786352,0.000593103822034,-27426.1436822,Nes200_dDFE.Exponential
69,69,521.872803741,0.00058093562022,-27418.4004435,Nes200_dDFE.Exponential
70,70,512.99301054,0.00059399151811,-27396.136652,Nes200_dDFE.Exponential
71,71,517.245923964,0.000589647272407,-27412.6484334,Nes200_dDFE.Exponential
72,72,516.913372119,0.00058710790931,-27380.915724,Nes200_dDFE.Exponential
73,73,520.180819711,0.000581922258217,-27424.8411961,Nes200_dDFE.Exponential
74,74,518.500464118,0.000587272831668,-27483.3193801,Nes200_dDFE.Exponential
75,75,509.320245178,0.00060261747052,-27371.56625,Nes200_dDFE.Exponential
76,76,516.799169795,0.000589242146804,-27355.6016375,Nes200_dDFE.Exponential
77,77,518.274085972,0.00058721681592,-27359.020369,Nes200_dDFE.Exponential
78,78,519.581780717,0.000585734432736,-27366.7288191,Nes200_dDFE.Exponential
79,79,517.586733025,0.000584944894539,-27324.6210537,Nes200_dDFE.Exponential
80,80,523.968957407,0.000577919040771,-27403.5676311,Nes200_dDFE.Exponential
81,81,521.497367524,0.000582566785672,-27373.5813158,Nes200_dDFE.Exponential
82,82,520.60427763,0.000580193916037,-27327.3772983,Nes200_dDFE.Exponential
83,83,518.062429267,0.000586425673005,-27424.0373409,Nes200_dDFE.Exponential
84,84,519.188231844,0.000584373644962,-27368.9117665,Nes200_dDFE.Exponential
85,85,515.756562502,0.000587193740399,-27475.2889919,Nes200_dDFE.Exponential
86,86,514.205904509,0.000595371146022,-27415.3059863,Nes200_dDFE.Exponential
87,87,516.873119404,0.000588822927391,-27442.6657954,Nes200_dDFE.Exponential
88,88,518.473824492,0.000582570526489,-27432.9846014,Nes200_dDFE.Exponential
89,89,519.354778487,0.000585086244062,-27427.2129629,Nes200_dDFE.Exponential
90,90,520.489011924,0.000582242842387,-27328.5618116,Nes200_dDFE.Exponential
91,91,518.693349747,0.000584789407976,-27447.9724516,Nes200_dDFE.Exponential
92,92,519.268361968,0.000584494623659,-27337.1608423,Nes200_dDFE.Exponential
93,93,518.075774687,0.000589826266613,-27378.8936546,Nes200_dDFE.Exponential
94,94,516.173146549,0.000592517064651,-27480.4684971,Nes200_dDFE.Exponential
95,95,513.494394566,0.000593134406454,-27352.3771006,Nes200_dDFE.Exponential
96,96,523.555192702,0.000577336878215,-27496.5066922,Nes200_dDFE.Exponential
97,97,517.008311224,0.000587188064386,-27434.1160267,Nes200_dDFE.Exponential
98,98,521.821445409,0.000579611746341,-27418.8787247,Nes200_dDFE.Exponential
99,99,519.789152633,0.000583772924836,-27415.2475372,Nes200_dDFE.Exponential
100,100,526.055249967,0.000576342982975,-27355.7119017,Nes200_dDFE.Exponential
101,101,521.674146923,0.00058101391015,-27521.4151053,Nes200_dDFE.Exponential
102,102,521.199218446,0.000581676176726,-27426.4883789,Nes200_dDFE.Exponential
103,103,521.242500532,0.000580725180649,-27389.2535308,Nes200_dDFE.Exponential
104,104,518.106642082,0.000584945697367,-27457.5131402,Nes200_dDFE.Exponential
105,105,515.448397739,0.000593375981422,-27340.7493415,Nes200_dDFE.Exponential
106,106,522.524260596,0.000579343344607,-27444.08055,Nes200_dDFE.Exponential
107,107,521.819756871,0.000580609542592,-27420.0047671,Nes200_dDFE.Exponential
108,108,516.145227468,0.000591961585968,-27420.6782839,Nes200_dDFE.Exponential
109,109,520.298316122,0.000582280171365,-27461.7847844,Nes200_dDFE.Exponential
110,110,519.215978626,0.000586098695366,-27435.6070724,Nes200_dDFE.Exponential
111,111,517.988126357,0.000587428415584,-27416.8058285,Nes200_dDFE.Exponential
112,112,523.978506379,0.000577018219022,-27427.8941742,Nes200_dDFE.Exponential
113,113,518.310586471,0.000583161189002,-27450.7847759,Nes200_dDFE.Exponential
114,114,512.90585739,0.000595866705898,-27437.6256392,Nes200_dDFE.Exponential
115,115,515.126876673,0.000592426396244,-27417.945152,Nes200_dDFE.Exponential
116,116,524.645787996,0.000574377535165,-27410.7575943,Nes200_dDFE.Exponential
117,117,514.226521475,0.000590520398713,-27333.3967293,Nes200_dDFE.Exponential
118,118,515.990346398,0.000591163365184,-27538.0283044,Nes200_dDFE.Exponential
119,119,523.043091596,0.000582324733252,-27324.9955389,Nes200_dDFE.Exponential
120,120,524.322003876,0.000578218325071,-27408.3436726,Nes200_dDFE.Exponential
121,121,512.465890194,0.000596016765851,-27380.5190431,Nes200_dDFE.Exponential
122,122,515.618979843,0.000589146865583,-27453.8431312,Nes200_dDFE.Exponential
123,123,518.407478277,0.000588117655253,-27498.637131,Nes200_dDFE.Exponential
124,124,513.514552294,0.00059346437109,-27391.547921,Nes200_dDFE.Exponential
125,125,518.70125565,0.000583378095523,-27442.5419765,Nes200_dDFE.Exponential
126,126,515.161721634,0.000587911004672,-27400.5845811,Nes200_dDFE.Exponential
127,127,518.837735103,0.000585842982361,-27432.5951866,Nes200_dDFE.Exponential
128,128,515.349202375,0.000588189852264,-27438.6241361,Nes200_dDFE.Exponential
129,129,526.069160205,0.000573537874112,-27290.8892724,Nes200_dDFE.Exponential
130,130,517.338711462,0.000587451019001,-27380.9971652,Nes200_dDFE.Exponential
131,131,519.983334171,0.000581499101947,-27411.8686246,Nes200_dDFE.Exponential
132,132,518.523193899,0.000589743950686,-27437.9527488,Nes200_dDFE.Exponential
133,133,512.061134677,0.000595443510929,-27400.684436,Nes200_dDFE.Exponential
134,134,519.12423979,0.000584092718493,-27331.6513201,Nes200_dDFE.Exponential
135,135,517.956626171,0.000586081777409,-27366.5847991,Nes200_dDFE.Exponential
136,136,515.800219539,0.000591745812491,-27454.190577,Nes200_dDFE.Exponential
137,137,523.096267652,0.000577890459889,-27367.1592189,Nes200_dDFE.Exponential
138,138,523.052327095,0.000578713649033,-27327.8509123,Nes200_dDFE.Exponential
139,139,513.314908436,0.000597432908912,-27395.197794,Nes200_dDFE.Exponential
140,140,518.365471558,0.000587205354337,-27410.8997817,Nes200_dDFE.Exponential
141,141,521.489812991,0.000581658393273,-27366.6451179,Nes200_dDFE.Exponential
142,142,515.510208463,0.000589133677342,-27407.1749066,Nes200_dDFE.Exponential
143,143,525.325532209,0.000575244646786,-27412.8282774,Nes200_dDFE.Exponential
144,144,520.567321928,0.000581068321805,-27368.4048296,Nes200_dDFE.Exponential
145,145,517.284574609,0.000586069434282,-27385.9126068,Nes200_dDFE.Exponential
146,146,523.03275016,0.000577642174696,-27430.1248127,Nes200_dDFE.Exponential
147,147,512.990484053,0.000597331124173,-27439.6939645,Nes200_dDFE.Exponential
148,148,516.594477356,0.000585747075694,-27436.588076,Nes200_dDFE.Exponential
149,149,518.779216461,0.000584103730877,-27392.6155292,Nes200_dDFE.Exponential
150,150,512.766396537,0.000597200659848,-27427.8213944,Nes200_dDFE.Exponential
151,151,520.375044885,0.000582977888709,-27370.1600671,Nes200_dDFE.Exponential
152,152,517.51665979,0.000585734552141,-27446.0371147,Nes200_dDFE.Exponential
153,153,513.810217496,0.000591589512692,-27301.9243792,Nes200_dDFE.Exponential
154,154,517.494692567,0.00058845047192,-27447.7175246,Nes200_dDFE.Exponential
155,155,518.326297119,0.00058767411702,-27422.6856304,Nes200_dDFE.Exponential
156,156,522.104587306,0.000580669220536,-27358.3486341,Nes200_dDFE.Exponential
157,157,523.457864583,0.000576456983625,-27484.3838781,Nes200_dDFE.Exponential
158,158,522.764812698,0.000580389115077,-27409.3376658,Nes200_dDFE.Exponential
159,159,519.65381781,0.000585680222429,-27425.9891558,Nes200_dDFE.Exponential
160,160,523.126703853,0.000579612303968,-27394.8578608,Nes200_dDFE.Exponential
161,161,514.754717155,0.000593220081621,-27348.1541755,Nes200_dDFE.Exponential
162,162,517.339182697,0.000587377447611,-27457.3187813,Nes200_dDFE.Exponential
163,163,517.935278011,0.000585194564809,-27379.7057636,Nes200_dDFE.Exponential
164,164,517.97621412,0.000586101938259,-27360.3923456,Nes200_dDFE.Exponential
165,165,516.686377483,0.000588999967527,-27368.4637884,Nes200_dDFE.Exponential
166,166,520.782504638,0.000581365715002,-27352.3222924,Nes200_dDFE.Exponential
167,167,515.702395407,0.00059073499964,-27389.6546942,Nes200_dDFE.Exponential
168,168,520.897111824,0.000582359708783,-27388.8326795,Nes200_dDFE.Exponential
169,169,514.759171506,0.00059314940239,-27399.7637267,Nes200_dDFE.Exponential
170,170,516.989359021,0.000586492697264,-27449.2459646,Nes200_dDFE.Exponential
171,171,517.730804401,0.000589369529319,-27358.7729659,Nes200_dDFE.Exponential
172,172,522.461882737,0.000581751084539,-27447.2300853,Nes200_dDFE.Exponential
173,173,1.01227064775,0.299667709459,-27414.9897836,Nes200_dDFE.Exponential
174,174,519.708057991,0.00058411658151,-27385.7304684,Nes200_dDFE.Exponential
175,175,519.26492657,0.000585008596255,-27416.7152544,Nes200_dDFE.Exponential
176,176,521.656886961,0.000581160483477,-27399.9499645,Nes200_dDFE.Exponential
177,177,515.82981995,0.000590375594747,-27435.3218396,Nes200_dDFE.Exponential
178,178,522.903766308,0.000579168169359,-27385.3604767,Nes200_dDFE.Exponential
179,179,520.165373965,0.00058252792045,-27362.8567597,Nes200_dDFE.Exponential
180,180,514.884491954,0.000590371668992,-27343.1273911,Nes200_dDFE.Exponential
181,181,517.497857927,0.000585589208966,-27376.2094167,Nes200_dDFE.Exponential
182,182,521.157484015,0.000582412425333,-27473.1275253,Nes200_dDFE.Exponential
183,183,516.702584202,0.000589824266753,-27418.4969314,Nes200_dDFE.Exponential
184,184,522.030613646,0.000585268235123,-27437.4180991,Nes200_dDFE.Exponential
185,185,514.930345868,0.000592758317882,-27300.9917775,Nes200_dDFE.Exponential
186,186,519.442359345,0.0005848583076,-27242.580073,Nes200_dDFE.Exponential
187,187,513.464720811,0.000592758590043,-27385.368068,Nes200_dDFE.Exponential
188,188,522.0110181,0.00058003593147,-27392.5466699,Nes200_dDFE.Exponential
189,189,521.107524557,0.000581161300086,-27394.7016949,Nes200_dDFE.Exponential
190,190,521.523140277,0.000579509757533,-27290.1961483,Nes200_dDFE.Exponential
191,191,519.412295213,0.000583748119996,-27355.476539,Nes200_dDFE.Exponential
192,192,515.667743225,0.000587745883186,-27406.4884685,Nes200_dDFE.Exponential
193,193,515.680607319,0.000588567189424,-27381.3514578,Nes200_dDFE.Exponential
194,194,521.002250944,0.000582460740186,-27374.3247236,Nes200_dDFE.Exponential
195,195,518.087306296,0.000584252796823,-27447.5161697,Nes200_dDFE.Exponential
196,196,517.976492636,0.000587099218353,-27345.5264836,Nes200_dDFE.Exponential
197,197,522.811809455,0.000583107162544,-27411.6458078,Nes200_dDFE.Exponential
198,198,514.764532086,0.000591887006073,-27471.4779145,Nes200_dDFE.Exponential
199,199,522.998864906,0.000577451363012,-27358.5756072,Nes200_dDFE.Exponential
200,200,522.555165308,0.000580051150086,-27270.838152,Nes200_dDFE.Exponential
201,201,515.991906924,0.000589445124681,-27461.5638007,Nes200_dDFE.Exponential
202,202,515.440585463,0.000594700917363,-27464.391697,Nes200_dDFE.Exponential
203,203,519.890107262,0.000585671552417,-27423.0576199,Nes200_dDFE.Exponential
204,204,520.781410858,0.000580709361796,-27419.7720164,Nes200_dDFE.Exponential
205,205,516.073392657,0.000591193041787,-27442.4308344,Nes200_dDFE.Exponential
206,206,511.745643671,0.000598057535479,-27391.3341927,Nes200_dDFE.Exponential
207,207,516.291984952,0.000588604958407,-27349.5089997,Nes200_dDFE.Exponential
208,208,514.324588908,0.000595967972434,-27414.8865317,Nes200_dDFE.Exponential
209,209,518.842264102,0.000583551254588,-27392.0720724,Nes200_dDFE.Exponential
210,210,517.95470236,0.000586621176578,-27317.4934428,Nes200_dDFE.Exponential
211,211,520.661479137,0.000584054675867,-27469.4814216,Nes200_dDFE.Exponential
212,212,512.856385037,0.000597056760525,-27431.1224658,Nes200_dDFE.Exponential
213,213,519.175059922,0.000585772135406,-27369.3230564,Nes200_dDFE.Exponential
214,214,516.031353071,0.000587037832981,-27445.4196376,Nes200_dDFE.Exponential
215,215,517.381270621,0.000585907322668,-27467.9950999,Nes200_dDFE.Exponential
216,216,518.073182276,0.000586293211155,-27367.2756151,Nes200_dDFE.Exponential
217,217,521.918552731,0.000579230869343,-27352.6353521,Nes200_dDFE.Exponential
218,218,516.761965108,0.000589834098335,-27503.9369826,Nes200_dDFE.Exponential
219,219,515.730789321,0.000589820308721,-27428.0444784,Nes200_dDFE.Exponential
220,220,519.596071998,0.000584337847786,-27423.9892715,Nes200_dDFE.Exponential
221,221,522.209421329,0.000580863771982,-27410.8544601,Nes200_dDFE.Exponential
222,222,519.835806699,0.000587288270473,-27428.7568176,Nes200_dDFE.Exponential
223,223,510.765317065,0.000596761374232,-27381.8905855,Nes200_dDFE.Exponential
224,224,522.164875099,0.000581981005116,-27521.0878484,Nes200_dDFE.Exponential
225,225,519.330503073,0.000584831768604,-27415.4596424,Nes200_dDFE.Exponential
226,226,522.456254211,0.000578366262879,-27396.5964533,Nes200_dDFE.Exponential
227,227,522.120604519,0.000581475811701,-27357.224592,Nes200_dDFE.Exponential
228,228,519.473096038,0.000583959430429,-27418.4526934,Nes200_dDFE.Exponential
229,229,517.656069623,0.0005878107539,-27364.4309054,Nes200_dDFE.Exponential
230,230,514.462565814,0.000591766888134,-27369.378599,Nes200_dDFE.Exponential
231,231,517.703679345,0.000588488529647,-27349.8195014,Nes200_dDFE.Exponential
232,232,517.989898646,0.000590028229093,-27503.7622095,Nes200_dDFE.Exponential
233,233,521.700506046,0.000583773960978,-27411.5935815,Nes200_dDFE.Exponential
234,234,521.792676683,0.00058076090992,-27333.2532537,Nes200_dDFE.Exponential
235,235,516.216803055,0.000588154855757,-27379.6812244,Nes200_dDFE.Exponential
236,236,519.5845849,0.000585730110912,-27431.3613468,Nes200_dDFE.Exponential
237,237,516.022109,0.000590671616428,-27296.7765419,Nes200_dDFE.Exponential
238,238,520.160700895,0.000586996864735,-27465.1329991,Nes200_dDFE.Exponential
239,239,521.299314034,0.000579504766176,-27336.0371528,Nes200_dDFE.Exponential
240,240,524.064480175,0.000576969248199,-27438.8011302,Nes200_dDFE.Exponential
241,241,518.763353487,0.000587854945676,-27475.7385287,Nes200_dDFE.Exponential
242,242,523.637465501,0.00057937912887,-27324.9554381,Nes200_dDFE.Exponential
243,243,519.25987248,0.000581955700058,-27488.4917787,Nes200_dDFE.Exponential
244,244,518.20712524,0.000585388667171,-27373.9063431,Nes200_dDFE.Exponential
245,245,523.150587237,0.000577854056531,-27386.4242301,Nes200_dDFE.Exponential
246,246,517.880472682,0.000586101472761,-27384.048769,Nes200_dDFE.Exponential
247,247,519.526815816,0.000583866404363,-27365.3208744,Nes200_dDFE.Exponential
248,248,519.688029471,0.00058277272847,-27339.9528844,Nes200_dDFE.Exponential
249,249,519.339509471,0.000581772115553,-27424.5234282,Nes200_dDFE.Exponential
250,250,517.924698931,0.000586994829062,-27372.8281692,Nes200_dDFE.Exponential
251,251,516.305471811,0.000589978549517,-27387.4310941,Nes200_dDFE.Exponential
252,252,515.025467352,0.000588858136565,-27282.0882363,Nes200_dDFE.Exponential
253,253,519.775111843,0.000584651254573,-27469.514813,Nes200_dDFE.Exponential
254,254,519.326188422,0.000584095182353,-27407.748349,Nes200_dDFE.Exponential
255,255,517.755043572,0.000588201449609,-27406.31651,Nes200_dDFE.Exponential
256,256,514.664479145,0.000591317931708,-27448.9988908,Nes200_dDFE.Exponential
257,257,522.24068847,0.000577820969544,-27528.2949004,Nes200_dDFE.Exponential
258,258,517.072047556,0.0005878617367,-27427.5160394,Nes200_dDFE.Exponential
259,259,515.931232554,0.000594866657508,-27358.7336786,Nes200_dDFE.Exponential
260,260,519.841035004,0.000583470891487,-27403.1911506,Nes200_dDFE.Exponential
261,261,515.695656658,0.000592834071813,-27414.3746237,Nes200_dDFE.Exponential
262,262,517.382864868,0.000589922080629,-27379.1510315,Nes200_dDFE.Exponential
263,263,524.036787673,0.000576791280929,-27357.6322193,Nes200_dDFE.Exponential
264,264,516.275297937,0.00058964614185,-27391.1799096,Nes200_dDFE.Exponential
265,265,523.915550476,0.00057837075351,-27468.3008826,Nes200_dDFE.Exponential
266,266,519.003876394,0.00058497336772,-27325.6377796,Nes200_dDFE.Exponential
267,267,519.531220351,0.000584484800334,-27326.1750271,Nes200_dDFE.Exponential
268,268,515.303532949,0.000588779155445,-27484.4515563,Nes200_dDFE.Exponential
269,269,519.945608697,0.000587050288192,-27495.5242486,Nes200_dDFE.Exponential
270,270,515.638615149,0.000590031371597,-27398.2924549,Nes200_dDFE.Exponential
271,271,516.646221912,0.000586822144104,-27410.3408241,Nes200_dDFE.Exponential
272,272,518.394378096,0.000585140562805,-27432.0095263,Nes200_dDFE.Exponential
273,273,521.281898208,0.000580166357801,-27325.2447171,Nes200_dDFE.Exponential
274,274,524.109662307,0.000577806028383,-27295.6948382,Nes200_dDFE.Exponential
275,275,515.029138445,0.000589072165474,-27443.2414986,Nes200_dDFE.Exponential
276,276,515.656531299,0.000591417866791,-27375.1314669,Nes200_dDFE.Exponential
277,277,512.475028177,0.000598002752272,-27407.9065536,Nes200_dDFE.Exponential
278,278,521.611107144,0.000584075265814,-27381.6867082,Nes200_dDFE.Exponential
279,279,515.695332868,0.000590196028994,-27363.1335866,Nes200_dDFE.Exponential
280,280,521.48558796,0.000582398353002,-27450.8962562,Nes200_dDFE.Exponential
281,281,520.379376161,0.000580404637186,-27385.3830088,Nes200_dDFE.Exponential
282,282,519.402167619,0.000582502261274,-27413.9556276,Nes200_dDFE.Exponential
283,283,517.69205642,0.000587305514091,-27449.9995534,Nes200_dDFE.Exponential
284,284,516.348226669,0.000589924289926,-27326.8466716,Nes200_dDFE.Exponential
285,285,515.967677742,0.000590984661049,-27406.4924506,Nes200_dDFE.Exponential
286,286,525.992615677,0.000574617331818,-27394.2813445,Nes200_dDFE.Exponential
287,287,519.4095624,0.000585242044175,-27389.2065836,Nes200_dDFE.Exponential
288,288,518.288691547,0.000584834314511,-27377.7323232,Nes200_dDFE.Exponential
289,289,520.450359694,0.0005837653161,-27455.1840375,Nes200_dDFE.Exponential
290,290,521.836105405,0.000581333024282,-27422.4409165,Nes200_dDFE.Exponential
291,291,514.948206779,0.000590945753753,-27459.735427,Nes200_dDFE.Exponential
292,292,515.458401847,0.000592299662483,-27386.7396605,Nes200_dDFE.Exponential
293,293,511.091192497,0.000602483755689,-27505.7568272,Nes200_dDFE.Exponential
294,294,514.814567615,0.000593989845252,-27365.0193731,Nes200_dDFE.Exponential
295,295,519.021202942,0.000587741354401,-27353.833712,Nes200_dDFE.Exponential
296,296,520.628547723,0.000583456460966,-27393.2824605,Nes200_dDFE.Exponential
297,297,519.405634165,0.000583379508905,-27451.8764885,Nes200_dDFE.Exponential
298,298,512.121415357,0.000597261500593,-27375.3822967,Nes200_dDFE.Exponential
299,299,519.415609589,0.000584043134986,-27290.4595089,Nes200_dDFE.Exponential
300,300,521.178417662,0.000577683699883,-27355.5874527,Nes200_dDFE.Exponential
301,301,523.373308354,0.00057909091908,-27396.0648226,Nes200_dDFE.Exponential
302,302,516.220927919,0.000589468696372,-27468.486754,Nes200_dDFE.Exponential
303,303,515.458428546,0.000592952020972,-27400.202569,Nes200_dDFE.Exponential
304,304,518.703582399,0.000584698797719,-27446.3634116,Nes200_dDFE.Exponential
305,305,517.251907507,0.000590419659917,-27419.1825682,Nes200_dDFE.Exponential
306,306,514.966875197,0.000592415406683,-27422.7177268,Nes200_dDFE.Exponential
307,307,519.47762436,0.000582919574982,-27482.8498102,Nes200_dDFE.Exponential
308,308,520.373005874,0.000582435434288,-27341.2991726,Nes200_dDFE.Exponential
309,309,525.78397634,0.000576465040464,-27419.1761747,Nes200_dDFE.Exponential
310,310,522.09449641,0.000580539381433,-27354.6318334,Nes200_dDFE.Exponential
311,311,524.695035997,0.000577145839393,-27392.3731227,Nes200_dDFE.Exponential
312,312,524.842031096,0.000575275463081,-27400.5532649,Nes200_dDFE.Exponential
313,313,522.874355483,0.000577179245566,-27335.1171003,Nes200_dDFE.Exponential
314,314,519.695510459,0.000585815893757,-27480.5864733,Nes200_dDFE.Exponential
315,315,510.302245444,0.000597110476485,-27413.498427,Nes200_dDFE.Exponential
316,316,523.969963584,0.000577759298136,-27354.8569706,Nes200_dDFE.Exponential
317,317,514.999543841,0.000592507531537,-27415.2327742,Nes200_dDFE.Exponential
318,318,518.476092453,0.000585799287737,-27334.9274286,Nes200_dDFE.Exponential
319,319,523.971469883,0.00057429913489,-27366.7388166,Nes200_dDFE.Exponential
320,320,523.072661042,0.000578308766587,-27372.3829271,Nes200_dDFE.Exponential
321,321,512.829421113,0.000595941819647,-27415.5381315,Nes200_dDFE.Exponential
322,322,523.341862428,0.000576792313608,-27406.9224495,Nes200_dDFE.Exponential
323,323,522.607048558,0.000579195105055,-27466.9785146,Nes200_dDFE.Exponential
324,324,519.018814308,0.000585239494933,-27368.9023195,Nes200_dDFE.Exponential
325,325,522.30108638,0.000578923312351,-27416.9678773,Nes200_dDFE.Exponential
326,326,517.837987682,0.000587420888764,-27399.5003211,Nes200_dDFE.Exponential
327,327,514.733745123,0.000589924606111,-27429.8976565,Nes200_dDFE.Exponential
328,328,519.921044972,0.000580879370141,-27361.0488941,Nes200_dDFE.Exponential
329,329,518.60587449,0.000584829491091,-27440.9954189,Nes200_dDFE.Exponential
330,330,517.270757169,0.000588572578545,-27379.3937591,Nes200_dDFE.Exponential
331,331,520.346501971,0.000584440933533,-27482.3245342,Nes200_dDFE.Exponential
332,332,519.687039188,0.000581197542673,-27319.2928746,Nes200_dDFE.Exponential
333,333,516.643859024,0.000589730207764,-27389.6998711,Nes200_dDFE.Exponential
334,334,518.467383145,0.00058517968354,-27419.2976974,Nes200_dDFE.Exponential
335,335,514.603110033,0.00059190803881,-27439.8745068,Nes200_dDFE.Exponential
336,336,517.86582815,0.0005874630266,-27455.016857,Nes200_dDFE.Exponential
337,337,519.050110219,0.000585640670935,-27416.5033656,Nes200_dDFE.Exponential
338,338,513.0358412,0.000591865432878,-27362.8946672,Nes200_dDFE.Exponential
339,339,514.69253187,0.000592196228795,-27438.8276127,Nes200_dDFE.Exponential
340,340,516.046356078,0.000587451113126,-27307.457357,Nes200_dDFE.Exponential
341,341,516.34001817,0.000591269715882,-27372.5330796,Nes200_dDFE.Exponential
342,342,515.465008858,0.000590407316773,-27494.7033054,Nes200_dDFE.Exponential
343,343,514.066088211,0.000591950875982,-27492.3214494,Nes200_dDFE.Exponential
344,344,520.601272177,0.000579694589269,-27371.4578666,Nes200_dDFE.Exponential
345,345,514.642985676,0.000592544144366,-27559.0761641,Nes200_dDFE.Exponential
346,346,518.013093315,0.000586837328743,-27381.5988587,Nes200_dDFE.Exponential
347,347,517.001447412,0.000591757739324,-27408.8979055,Nes200_dDFE.Exponential
348,348,522.278990457,0.000578839903148,-27400.21312,Nes200_dDFE.Exponential
349,349,517.557545376,0.000590944988457,-27348.6660726,Nes200_dDFE.Exponential
350,350,514.128616106,0.000593266293154,-27430.5750602,Nes200_dDFE.Exponential
351,351,516.146260064,0.000588889984906,-27427.5870962,Nes200_dDFE.Exponential
352,352,518.962187426,0.000581898912025,-27406.2127171,Nes200_dDFE.Exponential
353,353,520.410279417,0.000580320426703,-27459.5592921,Nes200_dDFE.Exponential
354,354,520.190276778,0.000582670456216,-27424.4669253,Nes200_dDFE.Exponential
355,355,522.677160966,0.000577761152912,-27424.2597932,Nes200_dDFE.Exponential
356,356,516.491804064,0.000588526527819,-27391.4344161,Nes200_dDFE.Exponential
357,357,518.338577033,0.000587488487673,-27269.96219,Nes200_dDFE.Exponential
358,358,520.35535528,0.000582774332488,-27420.5249028,Nes200_dDFE.Exponential
359,359,522.712299371,0.000580286757763,-27386.9116075,Nes200_dDFE.Exponential
360,360,518.548533036,0.000583978245467,-27439.8755685,Nes200_dDFE.Exponential
361,361,517.527005905,0.000586018937251,-27356.8420051,Nes200_dDFE.Exponential
362,362,515.273450083,0.000594699342165,-27405.41696,Nes200_dDFE.Exponential
363,363,513.390155082,0.000593637533277,-27447.0972371,Nes200_dDFE.Exponential
364,364,521.900371375,0.000577322539641,-27431.1440925,Nes200_dDFE.Exponential
365,365,518.261893408,0.000588106561555,-27398.7016383,Nes200_dDFE.Exponential
366,366,522.230619287,0.000576303487953,-27426.7877737,Nes200_dDFE.Exponential
367,367,517.557012819,0.000584076577917,-27361.9825458,Nes200_dDFE.Exponential
368,368,518.637053634,0.000587426287936,-27440.0921434,Nes200_dDFE.Exponential
369,369,516.343161192,0.000589027220775,-27386.2995873,Nes200_dDFE.Exponential
370,370,515.628367454,0.000589268389361,-27382.1770797,Nes200_dDFE.Exponential
371,371,517.863492631,0.000589075504557,-27370.4280992,Nes200_dDFE.Exponential
372,372,521.966629586,0.000581684038425,-27446.1868679,Nes200_dDFE.Exponential
373,373,521.600051059,0.000579278541658,-27378.0918042,Nes200_dDFE.Exponential
374,374,519.052741317,0.0005860028197,-27467.6894825,Nes200_dDFE.Exponential
375,375,519.593446517,0.000586810611044,-27350.1433527,Nes200_dDFE.Exponential
376,376,524.575696354,0.000576495814029,-27393.8936241,Nes200_dDFE.Exponential
377,377,518.273255211,0.000587406366421,-27397.1680372,Nes200_dDFE.Exponential
378,378,519.05711446,0.000582226649991,-27511.7426031,Nes200_dDFE.Exponential
379,379,517.038281682,0.000587608037203,-27382.6600584,Nes200_dDFE.Exponential
380,380,516.156886209,0.000588298606413,-27330.7684448,Nes200_dDFE.Exponential
381,381,517.826475245,0.000584688407893,-27360.9000674,Nes200_dDFE.Exponential
382,382,521.079889719,0.000578655311179,-27424.780148,Nes200_dDFE.Exponential
383,383,1.01226679994,0.299758442127,-27438.7006921,Nes200_dDFE.Exponential
384,384,519.619980091,0.000585277167245,-27372.1750289,Nes200_dDFE.Exponential
385,385,516.543485888,0.000587291907636,-27372.5308983,Nes200_dDFE.Exponential
386,386,517.891125124,0.000584208322709,-27485.5484566,Nes200_dDFE.Exponential
387,387,519.645642954,0.000585828681715,-27463.9691142,Nes200_dDFE.Exponential
388,388,516.6582623,0.000592686588731,-27444.8690226,Nes200_dDFE.Exponential
389,389,523.566970983,0.000576177685331,-27327.0523978,Nes200_dDFE.Exponential
390,390,522.146301601,0.000580213983569,-27370.2879196,Nes200_dDFE.Exponential
391,391,524.149570123,0.000576668925296,-27287.4558067,Nes200_dDFE.Exponential
392,392,520.713613021,0.00058517340994,-27542.1343245,Nes200_dDFE.Exponential
393,393,517.957396899,0.000586823072523,-27374.903872,Nes200_dDFE.Exponential
394,394,515.242486581,0.000591505282442,-27410.4826134,Nes200_dDFE.Exponential
395,395,519.449847986,0.000583952150694,-27418.8777635,Nes200_dDFE.Exponential
396,396,512.224997647,0.000597999583277,-27473.3079753,Nes200_dDFE.Exponential
397,397,519.03757827,0.000587099620176,-27405.8647186,Nes200_dDFE.Exponential
398,398,516.935472952,0.000587493658573,-27420.2366259,Nes200_dDFE.Exponential
399,399,514.815296366,0.000591304940281,-27384.8299415,Nes200_dDFE.Exponential
400,400,519.135604097,0.000586378431671,-27463.6919743,Nes200_dDFE.Exponential
401,401,516.988782957,0.000587579324987,-27463.726165,Nes200_dDFE.Exponential
402,402,515.024638545,0.000591201192596,-27360.9183514,Nes200_dDFE.Exponential
403,403,519.607377439,0.000586397885687,-27435.8184743,Nes200_dDFE.Exponential
404,404,518.775443271,0.000585126918204,-27500.2839087,Nes200_dDFE.Exponential
405,405,522.517057849,0.000576195717871,-27372.3903046,Nes200_dDFE.Exponential
406,406,523.664863975,0.00057242061714,-27393.5003627,Nes200_dDFE.Exponential
407,407,515.87350557,0.000591261980175,-27483.6673521,Nes200_dDFE.Exponential
408,408,517.495151678,0.000589129318904,-27465.3983563,Nes200_dDFE.Exponential
409,409,520.586063577,0.000582592950368,-27329.2967514,Nes200_dDFE.Exponential
410,410,517.76834236,0.000588935666421,-27469.9329131,Nes200_dDFE.Exponential
411,411,514.081494226,0.000593862253805,-27489.0395576,Nes200_dDFE.Exponential
412,412,519.259204246,0.000584446940251,-27456.3989264,Nes200_dDFE.Exponential
413,413,522.382952923,0.000581166774365,-27439.254279,Nes200_dDFE.Exponential
414,414,515.83102568,0.000592821650294,-27424.7470172,Nes200_dDFE.Exponential
415,415,515.257894236,0.000591025843392,-27496.7379048,Nes200_dDFE.Exponential
416,416,514.995415824,0.000589349377547,-27444.6817082,Nes200_dDFE.Exponential
417,417,516.680686272,0.000586220698002,-27419.5527439,Nes200_dDFE.Exponential
418,418,516.835773328,0.000590567828523,-27417.3209098,Nes200_dDFE.Exponential
419,419,508.896087097,0.000600846688449,-27414.4977016,Nes200_dDFE.Exponential
420,420,526.508756815,0.000573256415933,-27496.0539423,Nes200_dDFE.Exponential
421,421,512.58983847,0.000596956742705,-27486.82062,Nes200_dDFE.Exponential
422,422,513.102806728,0.000592361888188,-27425.9107739,Nes200_dDFE.Exponential
423,423,519.338957703,0.000584829340748,-27468.0183408,Nes200_dDFE.Exponential
424,424,520.423263124,0.000584581971341,-27438.4877774,Nes200_dDFE.Exponential
425,425,516.15569101,0.000593252512679,-27485.5713001,Nes200_dDFE.Exponential
426,426,519.796056107,0.000582033039808,-27370.7748805,Nes200_dDFE.Exponential
427,427,517.927512417,0.000585757449615,-27481.1616611,Nes200_dDFE.Exponential
428,428,515.389874399,0.000588108568236,-27467.5079935,Nes200_dDFE.Exponential
429,429,516.85082172,0.000589004807303,-27351.9383257,Nes200_dDFE.Exponential
430,430,519.637136852,0.000584906154539,-27378.9651325,Nes200_dDFE.Exponential
431,431,517.13056456,0.000587599382528,-27416.5218886,Nes200_dDFE.Exponential
432,432,518.624813126,0.000587381042069,-27362.0382877,Nes200_dDFE.Exponential
433,433,521.078856025,0.000582853464404,-27440.83461,Nes200_dDFE.Exponential
434,434,520.801299369,0.000581588101738,-27349.4202991,Nes200_dDFE.Exponential
435,435,520.077152957,0.000583231683219,-27323.7711842,Nes200_dDFE.Exponential
436,436,516.621349106,0.000589446759852,-27351.5833106,Nes200_dDFE.Exponential
437,437,512.637588102,0.000596442925257,-27414.4635046,Nes200_dDFE.Exponential
438,438,515.477087889,0.000590884899633,-27497.0749915,Nes200_dDFE.Exponential
439,439,513.910891447,0.000591355669381,-27335.1386904,Nes200_dDFE.Exponential
440,440,515.548265685,0.000589240540286,-27460.5227252,Nes200_dDFE.Exponential
441,441,521.512806566,0.000582971004672,-27479.6915055,Nes200_dDFE.Exponential
442,442,521.337801572,0.000579808342427,-27365.1076335,Nes200_dDFE.Exponential
443,443,517.614301062,0.000587034745008,-27430.5907471,Nes200_dDFE.Exponential
444,444,520.098160848,0.000581407177015,-27366.7523752,Nes200_dDFE.Exponential
445,445,519.383313851,0.000585208273204,-27328.6670166,Nes200_dDFE.Exponential
446,446,518.033991947,0.000586492272349,-27425.1700552,Nes200_dDFE.Exponential
447,447,517.990410545,0.000585301713935,-27417.9021012,Nes200_dDFE.Exponential
448,448,520.73530006,0.000583808728108,-27395.6422809,Nes200_dDFE.Exponential
449,449,512.584246526,0.000594976297227,-27439.7533772,Nes200_dDFE.Exponential
450,450,514.361304828,0.000594717620148,-27322.3704054,Nes200_dDFE.Exponential
451,451,512.689455946,0.000595700093069,-27311.3886742,Nes200_dDFE.Exponential
452,452,520.74841784,0.000581968264936,-27392.7605241,Nes200_dDFE.Exponential
453,453,517.161577464,0.00058810034978,-27436.4440764,Nes200_dDFE.Exponential
454,454,516.184202668,0.000591309397238,-27363.6171447,Nes200_dDFE.Exponential
455,455,516.745518517,0.000589003993038,-27339.4044708,Nes200_dDFE.Exponential
456,456,520.21696207,0.000582959276858,-27467.8782186,Nes200_dDFE.Exponential
457,457,517.789656303,0.000588813310497,-27370.2086398,Nes200_dDFE.Exponential
458,458,522.887827625,0.000579877056749,-27384.5935702,Nes200_dDFE.Exponential
459,459,516.829350265,0.000589267821391,-27427.0526129,Nes200_dDFE.Exponential
460,460,517.603781771,0.000583327189881,-27336.9842206,Nes200_dDFE.Exponential
461,461,519.626236311,0.000584075004955,-27351.6519096,Nes200_dDFE.Exponential
462,462,517.752717473,0.000587486402838,-27378.7181617,Nes200_dDFE.Exponential
463,463,517.730682642,0.000585617925753,-27345.0316913,Nes200_dDFE.Exponential
464,464,518.535227853,0.000584604277652,-27413.4800745,Nes200_dDFE.Exponential
465,465,521.47954244,0.000579960635437,-27398.6162322,Nes200_dDFE.Exponential
466,466,520.411212381,0.000580206469451,-27392.0462888,Nes200_dDFE.Exponential
467,467,521.05741646,0.000582557286787,-27478.0024122,Nes200_dDFE.Exponential
468,468,520.290602419,0.000585123100586,-27420.1887393,Nes200_dDFE.Exponential
469,469,519.580108145,0.000582694388065,-27462.0402574,Nes200_dDFE.Exponential
470,470,519.865370326,0.000582328350679,-27365.7529861,Nes200_dDFE.Exponential
471,471,513.652016815,0.000596389264093,-27445.289346,Nes200_dDFE.Exponential
472,472,519.764993731,0.000584863258918,-27403.7860063,Nes200_dDFE.Exponential
473,473,523.057753045,0.000577034750347,-27393.9956998,Nes200_dDFE.Exponential
474,474,515.922361423,0.000586579301565,-27456.9015565,Nes200_dDFE.Exponential
475,475,514.613509526,0.000589782584396,-27403.4837035,Nes200_dDFE.Exponential
476,476,517.14250838,0.000589319880056,-27393.4743741,Nes200_dDFE.Exponential
477,477,515.81384347,0.000591855932525,-27407.2607524,Nes200_dDFE.Exponential
478,478,521.788054056,0.000580479361046,-27339.6483989,Nes200_dDFE.Exponential
479,479,516.765696104,0.000588117367967,-27486.3671768,Nes200_dDFE.Exponential
480,480,515.404955755,0.000593772658782,-27449.4983861,Nes200_dDFE.Exponential
481,481,513.455325001,0.000591911738026,-27450.3885551,Nes200_dDFE.Exponential
482,482,522.269709891,0.000580029599585,-27423.5297381,Nes200_dDFE.Exponential
483,483,521.094934851,0.000582502757174,-27388.8133746,Nes200_dDFE.Exponential
484,484,520.426419715,0.000584178815569,-27357.6545051,Nes200_dDFE.Exponential
485,485,515.300895964,0.000589639779602,-27431.5810396,Nes200_dDFE.Exponential
486,486,518.608415936,0.000581071475352,-27319.4128624,Nes200_dDFE.Exponential
487,487,519.460317252,0.000585324591055,-27380.2831641,Nes200_dDFE.Exponential
488,488,520.808029696,0.000584462160846,-27381.4231185,Nes200_dDFE.Exponential
489,489,519.926921922,0.000584768354803,-27383.1207517,Nes200_dDFE.Exponential
490,490,519.251373325,0.000586425000627,-27351.4221912,Nes200_dDFE.Exponential
491,491,513.264324213,0.000593209381244,-27341.1395101,Nes200_dDFE.Exponential
492,492,518.327100251,0.000586706465895,-27458.9756091,Nes200_dDFE.Exponential
493,493,515.332358755,0.000589453865402,-27436.064488,Nes200_dDFE.Exponential
494,494,519.974071152,0.000586025816406,-27375.8307727,Nes200_dDFE.Exponential
495,495,516.186551628,0.000589202936242,-27439.7392999,Nes200_dDFE.Exponential
496,496,520.602416003,0.000582271478564,-27327.3946933,Nes200_dDFE.Exponential
497,497,517.251401865,0.000588671064565,-27378.4352846,Nes200_dDFE.Exponential
498,498,524.328454292,0.00057673344634,-27382.5341007,Nes200_dDFE.Exponential
499,499,523.070788756,0.0005783154913,-27383.3851352,Nes200_dDFE.Exponential
500,500,514.668907582,0.000593793038849,-27434.5901593,Nes200_dDFE.Exponential
501,501,517.809805783,0.000587012863443,-27446.0707892,Nes200_dDFE.Exponential
502,502,510.643135325,0.000598369354193,-27459.4189904,Nes200_dDFE.Exponential
503,503,520.688163295,0.000583153145066,-27446.4060628,Nes200_dDFE.Exponential
504,504,513.330904356,0.000596384637788,-27470.9595844,Nes200_dDFE.Exponential
505,505,514.168128015,0.000593337904366,-27417.013511,Nes200_dDFE.Exponential
506,506,522.156243424,0.000577706810663,-27411.0643463,Nes200_dDFE.Exponential
507,507,516.980375433,0.000588916218653,-27469.1144909,Nes200_dDFE.Exponential
508,508,523.673176217,0.000575441067101,-27442.1342404,Nes200_dDFE.Exponential
509,509,517.00674739,0.000592200633493,-27410.3527852,Nes200_dDFE.Exponential
510,510,518.077228303,0.000587424084202,-27496.5174003,Nes200_dDFE.Exponential
511,511,518.824944054,0.000585855806704,-27336.1348208,Nes200_dDFE.Exponential
512,512,517.285689251,0.000588343061347,-27391.3903948,Nes200_dDFE.Exponential
513,513,519.456275402,0.000587184132994,-27452.5669151,Nes200_dDFE.Exponential
514,514,520.234171751,0.000583251824443,-27457.294685,Nes200_dDFE.Exponential
515,515,518.384425398,0.000584539443448,-27366.6743302,Nes200_dDFE.Exponential
516,516,520.828002727,0.000580736087751,-27486.3353385,Nes200_dDFE.Exponential
517,517,510.13578157,0.000599706502177,-27366.7134966,Nes200_dDFE.Exponential
518,518,519.998508545,0.000584257853775,-27432.1311475,Nes200_dDFE.Exponential
519,519,516.517754108,0.000589224426165,-27402.08129,Nes200_dDFE.Exponential
520,520,518.825356069,0.000582424288188,-27311.8277238,Nes200_dDFE.Exponential
521,521,514.344476344,0.000590495615822,-27348.9320965,Nes200_dDFE.Exponential
522,522,512.143746639,0.000597333020224,-27309.0539587,Nes200_dDFE.Exponential
523,523,514.419985911,0.000592424591048,-27413.4426173,Nes200_dDFE.Exponential
524,524,515.268730054,0.000589980856914,-27391.1374202,Nes200_dDFE.Exponential
525,525,518.935508107,0.000582302393933,-27379.9388384,Nes200_dDFE.Exponential
526,526,513.574139351,0.000594248781604,-27443.4933656,Nes200_dDFE.Exponential
527,527,515.714554409,0.000590579372603,-27315.8811071,Nes200_dDFE.Exponential
528,528,516.914862438,0.000589912480456,-27495.4875506,Nes200_dDFE.Exponential
529,529,520.640955993,0.000582205780533,-27380.0954896,Nes200_dDFE.Exponential
530,530,516.586481997,0.000586050342127,-27460.2622551,Nes200_dDFE.Exponential
531,531,518.232520155,0.000585680114904,-27452.077464,Nes200_dDFE.Exponential
532,532,517.847092564,0.000586622655667,-27371.9898302,Nes200_dDFE.Exponential
533,533,512.550673036,0.000594701315995,-27432.2236489,Nes200_dDFE.Exponential
534,534,518.994065479,0.000583176541864,-27476.8826984,Nes200_dDFE.Exponential
535,535,515.700965512,0.000587624258455,-27531.3723212,Nes200_dDFE.Exponential
536,536,519.115886086,0.000588637573675,-27389.9477655,Nes200_dDFE.Exponential
537,537,518.551235184,0.00058557100223,-27433.7080745,Nes200_dDFE.Exponential
538,538,518.299084594,0.000584971997975,-27384.2242642,Nes200_dDFE.Exponential
539,539,524.382933083,0.000578323089497,-27468.5143926,Nes200_dDFE.Exponential
540,540,515.518662723,0.000587878741356,-27364.6557627,Nes200_dDFE.Exponential
541,541,509.88695574,0.000601578478994,-27389.9918923,Nes200_dDFE.Exponential
542,542,518.629168569,0.000584719592351,-27376.0187582,Nes200_dDFE.Exponential
543,543,515.37754844,0.000590461055026,-27381.5335105,Nes200_dDFE.Exponential
544,544,519.448084149,0.000586168091164,-27481.1106055,Nes200_dDFE.Exponential
545,545,517.145458263,0.000588893244473,-27420.0289831,Nes200_dDFE.Exponential
546,546,512.737441472,0.000596749872619,-27441.9618655,Nes200_dDFE.Exponential
547,547,520.614183216,0.000582700867543,-27376.9626475,Nes200_dDFE.Exponential
548,548,513.667396962,0.000593355104975,-27348.9000922,Nes200_dDFE.Exponential
549,549,519.998354937,0.00058178948127,-27438.6810134,Nes200_dDFE.Exponential
550,550,526.233336625,0.000570750769513,-27416.6315293,Nes200_dDFE.Exponential
551,551,516.555931794,0.000588297911993,-27388.7209994,Nes200_dDFE.Exponential
552,552,519.086945892,0.000586974283802,-27439.8979741,Nes200_dDFE.Exponential
553,553,519.123181734,0.000586156291242,-27385.8380772,Nes200_dDFE.Exponential
554,554,515.443057284,0.000589940185612,-27388.9693312,Nes200_dDFE.Exponential
555,555,519.895329657,0.000584043982763,-27422.4825231,Nes200_dDFE.Exponential
556,556,518.870775005,0.000585847457546,-27460.8033276,Nes200_dDFE.Exponential
557,557,516.337800891,0.000590358658014,-27386.3051353,Nes200_dDFE.Exponential
558,558,517.599878135,0.0005867013083,-27450.5392835,Nes200_dDFE.Exponential
559,559,518.942051187,0.000585289029462,-27364.0428241,Nes200_dDFE.Exponential
560,560,520.152526423,0.000581677786163,-27343.3093998,Nes200_dDFE.Exponential
561,561,521.212010569,0.000580879817158,-27440.5355999,Nes200_dDFE.Exponential
562,562,518.694376334,0.000587674358572,-27410.1308606,Nes200_dDFE.Exponential
563,563,518.760859255,0.000585006865096,-27363.4712564,Nes200_dDFE.Exponential
564,564,516.950824481,0.000588724017799,-27443.6883332,Nes200_dDFE.Exponential
565,565,519.325768651,0.000586381967784,-27434.3484821,Nes200_dDFE.Exponential
566,566,523.661186121,0.000574727784367,-27393.9140531,Nes200_dDFE.Exponential
567,567,515.422100678,0.000591639183059,-27496.1810483,Nes200_dDFE.Exponential
568,568,515.408790224,0.000593572751905,-27480.1339525,Nes200_dDFE.Exponential
569,569,515.519115518,0.000591605105573,-27440.2627013,Nes200_dDFE.Exponential
570,570,514.467166989,0.000593834874923,-27367.191427,Nes200_dDFE.Exponential
571,571,518.277769038,0.000587014348624,-27326.2484752,Nes200_dDFE.Exponential
572,572,518.097422407,0.000586433147162,-27464.0733637,Nes200_dDFE.Exponential
573,573,517.037968956,0.000588472487689,-27379.6527405,Nes200_dDFE.Exponential
574,574,519.366773123,0.000582969763267,-27485.1063549,Nes200_dDFE.Exponential
575,575,516.560959632,0.000590897334162,-27448.6522755,Nes200_dDFE.Exponential
576,576,516.832255499,0.00058557342439,-27352.4710155,Nes200_dDFE.Exponential
577,577,516.402401636,0.000591536041273,-27462.4770669,Nes200_dDFE.Exponential
578,578,513.48908919,0.000594507100034,-27345.866359,Nes200_dDFE.Exponential
579,579,523.448329531,0.000578600922829,-27447.1547061,Nes200_dDFE.Exponential
580,580,516.117882449,0.000592970716652,-27289.6068871,Nes200_dDFE.Exponential
581,581,518.77751647,0.000586871000853,-27445.8149359,Nes200_dDFE.Exponential
582,582,515.631625418,0.000588580535237,-27439.6107585,Nes200_dDFE.Exponential
583,583,518.335652379,0.00058762370546,-27409.0975199,Nes200_dDFE.Exponential
584,584,516.641456826,0.000589961963826,-27439.2446848,Nes200_dDFE.Exponential
585,585,519.942991919,0.000585641877934,-27436.027763,Nes200_dDFE.Exponential
586,586,523.431519706,0.000577060876422,-27379.2466575,Nes200_dDFE.Exponential
587,587,516.110089362,0.000587537488663,-27437.4404263,Nes200_dDFE.Exponential
588,588,521.721656399,0.000580148613336,-27436.2823327,Nes200_dDFE.Exponential
589,589,519.844345687,0.000585345323969,-27446.8094696,Nes200_dDFE.Exponential
590,590,521.3453315,0.000580168739729,-27408.7544262,Nes200_dDFE.Exponential
591,591,520.261328645,0.000580645028282,-27501.3375988,Nes200_dDFE.Exponential
592,592,513.121665731,0.000596704693937,-27347.399527,Nes200_dDFE.Exponential
593,593,513.757170532,0.000591047813727,-27394.3365573,Nes200_dDFE.Exponential
594,594,519.969197952,0.000580727143457,-27402.3859475,Nes200_dDFE.Exponential
595,595,516.513667587,0.000590482600816,-27420.5746559,Nes200_dDFE.Exponential
596,596,519.035580525,0.00058609129329,-27407.6785624,Nes200_dDFE.Exponential
597,597,513.964106046,0.000593548592057,-27497.1632477,Nes200_dDFE.Exponential
598,598,520.127791474,0.000583951395485,-27405.5761272,Nes200_dDFE.Exponential
599,599,523.317638865,0.000577312300848,-27374.2920808,Nes200_dDFE.Exponential
600,600,517.87337659,0.000590138838822,-27394.8502772,Nes200_dDFE.Exponential
601,601,512.879064066,0.000594257372894,-27368.4101953,Nes200_dDFE.Exponential
602,602,513.328442619,0.00059319960219,-27393.1848141,Nes200_dDFE.Exponential
603,603,519.275337462,0.000586587850911,-27286.3146461,Nes200_dDFE.Exponential
604,604,515.262030109,0.000589510282277,-27430.8817697,Nes200_dDFE.Exponential
605,605,521.083914204,0.000578568153138,-27440.4792081,Nes200_dDFE.Exponential
606,606,518.175142637,0.000588944269162,-27404.3890456,Nes200_dDFE.Exponential
607,607,515.083573865,0.000591825506868,-27425.5985919,Nes200_dDFE.Exponential
608,608,516.548958423,0.000588750319645,-27384.6047665,Nes200_dDFE.Exponential
609,609,520.677037022,0.000580184765785,-27432.0951012,Nes200_dDFE.Exponential
610,610,523.154817008,0.000579475434981,-27425.3171379,Nes200_dDFE.Exponential
611,611,520.321605828,0.000584360395735,-27412.3158702,Nes200_dDFE.Exponential
612,612,518.334229254,0.000584725017715,-27336.9821002,Nes200_dDFE.Exponential
613,613,514.186362976,0.000591858740047,-27315.1780765,Nes200_dDFE.Exponential
614,614,521.591490785,0.000579536026234,-27513.964101,Nes200_dDFE.Exponential
615,615,512.189548694,0.00059414036571,-27395.7458568,Nes200_dDFE.Exponential
616,616,515.853926388,0.000591736812892,-27404.229852,Nes200_dDFE.Exponential
617,617,521.030818278,0.000580110476973,-27386.9616471,Nes200_dDFE.Exponential
618,618,524.786170086,0.000576526499279,-27486.20161,Nes200_dDFE.Exponential
619,619,520.153062629,0.000582121032972,-27406.6805471,Nes200_dDFE.Exponential
620,620,525.066851185,0.000573012403647,-27377.4150411,Nes200_dDFE.Exponential
621,621,520.71179948,0.000582694204164,-27378.4041437,Nes200_dDFE.Exponential
622,622,519.679199952,0.000584013147289,-27412.6264904,Nes200_dDFE.Exponential
623,623,522.703134712,0.000579987752689,-27474.2541249,Nes200_dDFE.Exponential
624,624,514.367238945,0.000593395230737,-27387.9320808,Nes200_dDFE.Exponential
625,625,521.240504234,0.000585775976761,-27402.7032467,Nes200_dDFE.Exponential
626,626,517.13592124,0.000589715582235,-27373.5101687,Nes200_dDFE.Exponential
627,627,513.564453133,0.000593003458528,-27449.3407093,Nes200_dDFE.Exponential
628,628,516.201569354,0.00058757526393,-27240.8915976,Nes200_dDFE.Exponential
629,629,520.399230457,0.000582667653179,-27419.855173,Nes200_dDFE.Exponential
630,630,521.806838469,0.00058095384563,-27426.9182979,Nes200_dDFE.Exponential
631,631,519.580284365,0.000581532951889,-27498.2579586,Nes200_dDFE.Exponential
632,632,517.297280801,0.000584567297838,-27470.4837949,Nes200_dDFE.Exponential
633,633,517.780434742,0.000586774749503,-27493.5555317,Nes200_dDFE.Exponential
634,634,514.352606164,0.0005939364546,-27446.8827814,Nes200_dDFE.Exponential
635,635,515.693353896,0.000589874675749,-27448.6408397,Nes200_dDFE.Exponential
636,636,525.018468985,0.000576158776971,-27543.5375667,Nes200_dDFE.Exponential
637,637,514.583782924,0.0005940617152,-27436.8438654,Nes200_dDFE.Exponential
638,638,512.057491241,0.000595552652893,-27401.0911362,Nes200_dDFE.Exponential
639,639,517.909184898,0.000587053483179,-27393.1879866,Nes200_dDFE.Exponential
640,640,515.401854559,0.000592038222777,-27384.9456201,Nes200_dDFE.Exponential
641,641,516.612154986,0.000589906384129,-27513.7270271,Nes200_dDFE.Exponential
642,642,522.228209347,0.000579644656338,-27414.5115592,Nes200_dDFE.Exponential
643,643,513.720373809,0.000592195327935,-27377.2076404,Nes200_dDFE.Exponential
644,644,519.440528368,0.000585891632305,-27462.8407346,Nes200_dDFE.Exponential
645,645,519.855680632,0.00058380125645,-27318.6951658,Nes200_dDFE.Exponential
646,646,520.356188908,0.000584620708431,-27456.5327846,Nes200_dDFE.Exponential
647,647,518.783078916,0.00058707966967,-27438.0685286,Nes200_dDFE.Exponential
648,648,515.177411254,0.000588561760735,-27360.6148399,Nes200_dDFE.Exponential
649,649,520.007715354,0.000584839273954,-27366.2983492,Nes200_dDFE.Exponential
650,650,521.602747583,0.000581194067152,-27363.379063,Nes200_dDFE.Exponential
651,651,512.787060482,0.000594513273007,-27407.7765684,Nes200_dDFE.Exponential
652,652,517.993779769,0.000587779114317,-27412.2900999,Nes200_dDFE.Exponential
653,653,523.041893244,0.000578960629171,-27371.9440863,Nes200_dDFE.Exponential
654,654,510.842444473,0.000597983849273,-27410.4816097,Nes200_dDFE.Exponential
655,655,512.412718309,0.000593221443452,-27406.0702074,Nes200_dDFE.Exponential
656,656,519.795824,0.000582399799117,-27408.2196784,Nes200_dDFE.Exponential
657,657,517.321281477,0.000584910156182,-27357.2550968,Nes200_dDFE.Exponential
658,658,518.082242787,0.000587648204935,-27388.6016793,Nes200_dDFE.Exponential
659,659,517.732702149,0.00058727529261,-27455.1885543,Nes200_dDFE.Exponential
660,660,526.19285996,0.000569948769034,-27372.8703261,Nes200_dDFE.Exponential
661,661,514.417290142,0.000592131251875,-27414.263694,Nes200_dDFE.Exponential
662,662,513.599122686,0.000594488776237,-27483.7223414,Nes200_dDFE.Exponential
663,663,512.374581024,0.000592839033305,-27403.2645723,Nes200_dDFE.Exponential
664,664,514.464230389,0.000589891726387,-27405.5273494,Nes200_dDFE.Exponential
665,665,512.502067084,0.000597577778419,-27476.2554088,Nes200_dDFE.Exponential
666,666,516.032259707,0.000589902889403,-27470.9384243,Nes200_dDFE.Exponential
667,667,514.43172764,0.000591296505287,-27409.3868495,Nes200_dDFE.Exponential
668,668,513.364502321,0.000595852388848,-27517.7127423,Nes200_dDFE.Exponential
669,669,525.924419365,0.000573408900621,-27402.7045264,Nes200_dDFE.Exponential
670,670,522.246183069,0.000578003650108,-27308.8804064,Nes200_dDFE.Exponential
671,671,518.074719669,0.000587370945351,-27418.7729982,Nes200_dDFE.Exponential
672,672,519.98164843,0.000584265106945,-27334.9858513,Nes200_dDFE.Exponential
673,673,519.633109704,0.000584977024962,-27412.3695306,Nes200_dDFE.Exponential
674,674,522.981782997,0.000577174542406,-27351.6367656,Nes200_dDFE.Exponential
675,675,520.137845948,0.000584262622281,-27428.5480891,Nes200_dDFE.Exponential
676,676,517.122697155,0.000590269319826,-27497.8724221,Nes200_dDFE.Exponential
677,677,516.209943061,0.000590395474828,-27359.800153,Nes200_dDFE.Exponential
678,678,519.325566668,0.000587225624357,-27391.0333618,Nes200_dDFE.Exponential
679,679,519.153275645,0.000586417669309,-27437.2565636,Nes200_dDFE.Exponential
680,680,518.235969654,0.000587029076971,-27405.6919753,Nes200_dDFE.Exponential
681,681,514.028135645,0.000595819249456,-27413.8696247,Nes200_dDFE.Exponential
682,682,514.138456024,0.000592585644328,-27381.4779364,Nes200_dDFE.Exponential
683,683,525.33772508,0.000576078555452,-27387.0497672,Nes200_dDFE.Exponential
684,684,511.677628453,0.000596978186557,-27404.4135196,Nes200_dDFE.Exponential
685,685,511.675376594,0.000596152551261,-27351.5574389,Nes200_dDFE.Exponential
686,686,516.573360744,0.000588149164581,-27475.2062918,Nes200_dDFE.Exponential
687,687,520.566369031,0.000584108048701,-27515.231224,Nes200_dDFE.Exponential
688,688,517.100888374,0.000588461553832,-27378.7071908,Nes200_dDFE.Exponential
689,689,513.647889458,0.000594303331044,-27380.8121858,Nes200_dDFE.Exponential
690,690,518.196206717,0.000589803751286,-27384.6563964,Nes200_dDFE.Exponential
691,691,519.997080613,0.000586727269052,-27403.1163774,Nes200_dDFE.Exponential
692,692,516.559433769,0.000586699542995,-27339.998899,Nes200_dDFE.Exponential
693,693,519.455457113,0.000585382915547,-27374.813482,Nes200_dDFE.Exponential
694,694,521.200428229,0.000583588358728,-27378.3078743,Nes200_dDFE.Exponential
695,695,519.721262581,0.000583250745519,-27348.9187945,Nes200_dDFE.Exponential
696,696,516.206414396,0.00058998521532,-27352.2710054,Nes200_dDFE.Exponential
697,697,523.296264605,0.000579202948979,-27388.0670904,Nes200_dDFE.Exponential
698,698,522.577383152,0.000576198952192,-27357.8463072,Nes200_dDFE.Exponential
699,699,515.498575284,0.000588589910441,-27419.7491034,Nes200_dDFE.Exponential
700,700,522.723408144,0.000577539864494,-27476.5141911,Nes200_dDFE.Exponential
701,701,515.64479266,0.000590044240545,-27418.1286451,Nes200_dDFE.Exponential
702,702,514.877098472,0.000594348690748,-27309.0747049,Nes200_dDFE.Exponential
703,703,520.102505436,0.000580118157164,-27354.7133748,Nes200_dDFE.Exponential
704,704,517.859427218,0.000585105306529,-27438.1553831,Nes200_dDFE.Exponential
705,705,520.726798436,0.000582437886317,-27434.2256538,Nes200_dDFE.Exponential
706,706,513.382791897,0.000593638829018,-27385.6668553,Nes200_dDFE.Exponential
707,707,525.462878493,0.00057546826908,-27391.3711927,Nes200_dDFE.Exponential
708,708,518.654793604,0.00058716419626,-27395.4510379,Nes200_dDFE.Exponential
709,709,513.856934166,0.000594236706837,-27455.2787907,Nes200_dDFE.Exponential
710,710,512.354942471,0.000598001298598,-27432.3115287,Nes200_dDFE.Exponential
711,711,521.522469937,0.000581342912921,-27319.2118713,Nes200_dDFE.Exponential
712,712,520.772463799,0.000579108899229,-27403.0008673,Nes200_dDFE.Exponential
713,713,512.876218239,0.000593526543318,-27377.2382594,Nes200_dDFE.Exponential
714,714,521.141168245,0.000583589750096,-27393.7461661,Nes200_dDFE.Exponential
715,715,514.286952015,0.000591942683937,-27408.2128767,Nes200_dDFE.Exponential
716,716,516.279616277,0.000587248188536,-27470.1899302,Nes200_dDFE.Exponential
717,717,516.712593144,0.000588557138649,-27364.3239127,Nes200_dDFE.Exponential
718,718,519.66502413,0.000586155032296,-27444.9007627,Nes200_dDFE.Exponential
719,719,514.577314934,0.000594101178169,-27400.2225367,Nes200_dDFE.Exponential
720,720,519.784774739,0.000583283834178,-27337.7549437,Nes200_dDFE.Exponential
721,721,519.879859426,0.000584065925373,-27474.0092254,Nes200_dDFE.Exponential
722,722,517.340544301,0.000589287498064,-27391.591975,Nes200_dDFE.Exponential
723,723,515.415195592,0.000589084948718,-27463.8166863,Nes200_dDFE.Exponential
724,724,519.408162317,0.00058200608381,-27415.8839975,Nes200_dDFE.Exponential
725,725,520.177386928,0.000581613260886,-27464.6412765,Nes200_dDFE.Exponential
726,726,517.269375466,0.000588357554463,-27412.1542243,Nes200_dDFE.Exponential
727,727,522.113771142,0.000579780808054,-27328.1605854,Nes200_dDFE.Exponential
728,728,514.541209542,0.000595029395725,-27397.1425739,Nes200_dDFE.Exponential
729,729,512.554437474,0.000594074311106,-27378.1846494,Nes200_dDFE.Exponential
730,730,522.470682893,0.000579140959936,-27391.5511969,Nes200_dDFE.Exponential
731,731,518.39188191,0.000585499358957,-27438.9501794,Nes200_dDFE.Exponential
732,732,518.203917713,0.000585822592801,-27358.379229,Nes200_dDFE.Exponential
733,733,514.349767589,0.000592510905577,-27352.3501516,Nes200_dDFE.Exponential
734,734,515.201673632,0.000589836886096,-27467.2944629,Nes200_dDFE.Exponential
735,735,519.14890803,0.000583665495465,-27323.9489165,Nes200_dDFE.Exponential
736,736,520.554102919,0.000581464097712,-27406.5201577,Nes200_dDFE.Exponential
737,737,516.383499375,0.000588710554094,-27446.0557073,Nes200_dDFE.Exponential
738,738,524.170737204,0.000574645125998,-27381.2315455,Nes200_dDFE.Exponential
739,739,516.288790523,0.000590683427104,-27445.3607047,Nes200_dDFE.Exponential
740,740,513.829937034,0.000590149490751,-27366.1646675,Nes200_dDFE.Exponential
741,741,520.13912707,0.00058290391128,-27445.4525287,Nes200_dDFE.Exponential
742,742,510.181907222,0.00059939204001,-27328.7206146,Nes200_dDFE.Exponential
743,743,517.606545847,0.000589283642702,-27377.4395305,Nes200_dDFE.Exponential
744,744,516.597124883,0.000592204778364,-27389.2102326,Nes200_dDFE.Exponential
745,745,517.939986171,0.000585149243888,-27398.9042144,Nes200_dDFE.Exponential
746,746,525.960628833,0.000572712554543,-27451.9640864,Nes200_dDFE.Exponential
747,747,518.442191608,0.000585447718544,-27407.8475993,Nes200_dDFE.Exponential
748,748,518.991768971,0.000584685635084,-27422.992613,Nes200_dDFE.Exponential
749,749,517.527891489,0.000588843269704,-27461.5180765,Nes200_dDFE.Exponential
750,750,516.189888483,0.000588683622752,-27393.6249842,Nes200_dDFE.Exponential
751,751,514.525216428,0.000590828107425,-27460.6607522,Nes200_dDFE.Exponential
752,752,510.643418074,0.000599777477918,-27461.306995,Nes200_dDFE.Exponential
753,753,518.926761114,0.000585067178116,-27413.8648493,Nes200_dDFE.Exponential
754,754,516.212868087,0.000591240714874,-27471.8158806,Nes200_dDFE.Exponential
755,755,522.193799578,0.000577830210178,-27347.0904196,Nes200_dDFE.Exponential
756,756,518.069454056,0.000587424848024,-27359.3716212,Nes200_dDFE.Exponential
757,757,514.474930704,0.000593126919822,-27347.0082191,Nes200_dDFE.Exponential
758,758,517.814834104,0.000586875116737,-27368.7154428,Nes200_dDFE.Exponential
759,759,523.489311354,0.000576363153277,-27451.9693356,Nes200_dDFE.Exponential
760,760,515.924181641,0.000588588911736,-27266.7011771,Nes200_dDFE.Exponential
761,761,516.336996376,0.000588448914533,-27296.6721403,Nes200_dDFE.Exponential
762,762,522.115476872,0.000580150035117,-27446.4170178,Nes200_dDFE.Exponential
763,763,512.618955721,0.000594407039867,-27411.117141,Nes200_dDFE.Exponential
764,764,518.558053306,0.000584435471066,-27342.5304543,Nes200_dDFE.Exponential
765,765,514.766346379,0.00059347860167,-27474.5831795,Nes200_dDFE.Exponential
766,766,521.894808725,0.000581269160843,-27449.5108198,Nes200_dDFE.Exponential
767,767,521.655402378,0.000580418214803,-27361.9552502,Nes200_dDFE.Exponential
768,768,503.754971775,0.000612532423097,-27468.2805121,Nes200_dDFE.Exponential
769,769,522.749571319,0.000579378172741,-27439.5742389,Nes200_dDFE.Exponential
770,770,521.26734609,0.000580184702813,-27357.2537941,Nes200_dDFE.Exponential
771,771,521.405663338,0.000581675579154,-27450.8261519,Nes200_dDFE.Exponential
772,772,516.96446562,0.000585935147012,-27446.7508554,Nes200_dDFE.Exponential
773,773,515.955241391,0.000585659960707,-27367.6242691,Nes200_dDFE.Exponential
774,774,521.990205094,0.000579491298021,-27375.1837155,Nes200_dDFE.Exponential
775,775,522.814641028,0.000578227108313,-27468.6578976,Nes200_dDFE.Exponential
776,776,516.492012199,0.000588099202681,-27378.7197945,Nes200_dDFE.Exponential
777,777,518.285691654,0.000584180976165,-27376.0942325,Nes200_dDFE.Exponential
778,778,521.778029202,0.00057887724499,-27360.5144515,Nes200_dDFE.Exponential
779,779,519.750838291,0.000585496134616,-27450.1377899,Nes200_dDFE.Exponential
780,780,517.532537886,0.000586164155467,-27435.956179,Nes200_dDFE.Exponential
781,781,519.602514411,0.000584414291683,-27409.9591857,Nes200_dDFE.Exponential
782,782,512.96327845,0.000592921153952,-27414.8030089,Nes200_dDFE.Exponential
783,783,524.498830958,0.000576642796222,-27415.4830928,Nes200_dDFE.Exponential
784,784,520.552547581,0.000584274716337,-27452.7805494,Nes200_dDFE.Exponential
785,785,522.768206407,0.000576227657831,-27423.3869688,Nes200_dDFE.Exponential
786,786,517.921187729,0.000584273791921,-27406.6539063,Nes200_dDFE.Exponential
787,787,524.522373789,0.000575717379519,-27368.7946195,Nes200_dDFE.Exponential
788,788,516.588354596,0.000585931858863,-27380.5160923,Nes200_dDFE.Exponential
789,789,518.824736514,0.00058249235436,-27370.6151192,Nes200_dDFE.Exponential
790,790,514.178890152,0.000591404204924,-27440.4118244,Nes200_dDFE.Exponential
791,791,516.332311024,0.000591777058516,-27391.0610266,Nes200_dDFE.Exponential
792,792,511.184894736,0.000595040248494,-27469.4410912,Nes200_dDFE.Exponential
793,793,518.978273167,0.000586276238558,-27408.7912085,Nes200_dDFE.Exponential
794,794,530.279345305,0.000568351464342,-27438.9930743,Nes200_dDFE.Exponential
795,795,525.163636779,0.000577398717671,-27352.5392275,Nes200_dDFE.Exponential
796,796,520.28094285,0.0005835691095,-27375.7366658,Nes200_dDFE.Exponential
797,797,517.293483493,0.000586244969419,-27366.2389459,Nes200_dDFE.Exponential
798,798,517.764293171,0.000589801090431,-27425.8615708,Nes200_dDFE.Exponential
799,799,524.794771373,0.000572325824386,-27401.7416888,Nes200_dDFE.Exponential
800,800,520.845767585,0.000578928133975,-27338.3315243,Nes200_dDFE.Exponential
801,801,521.303867829,0.000580411953654,-27441.0022989,Nes200_dDFE.Exponential
802,802,512.313169731,0.000593778973798,-27393.9590209,Nes200_dDFE.Exponential
803,803,520.610003068,0.000585012079294,-27387.0182639,Nes200_dDFE.Exponential
804,804,516.998072895,0.000588192975758,-27431.1172139,Nes200_dDFE.Exponential
805,805,514.266168419,0.000590096307815,-27340.5746903,Nes200_dDFE.Exponential
806,806,523.573804996,0.000576527147653,-27291.5555177,Nes200_dDFE.Exponential
807,807,517.365150157,0.000591518526466,-27422.4039125,Nes200_dDFE.Exponential
808,808,515.833052529,0.000589610288148,-27380.7408808,Nes200_dDFE.Exponential
809,809,525.657033804,0.000575702956226,-27421.7202601,Nes200_dDFE.Exponential
810,810,517.730719714,0.00058965796795,-27402.0349664,Nes200_dDFE.Exponential
811,811,518.981378736,0.000582625343852,-27354.5806953,Nes200_dDFE.Exponential
812,812,522.103314846,0.000579492725605,-27431.5742423,Nes200_dDFE.Exponential
813,813,515.506216608,0.000588937747684,-27346.0703779,Nes200_dDFE.Exponential
814,814,517.609707359,0.000589512473027,-27469.5758434,Nes200_dDFE.Exponential
815,815,519.249903031,0.000585074881421,-27314.8018669,Nes200_dDFE.Exponential
816,816,519.672064568,0.000583631384106,-27446.6746678,Nes200_dDFE.Exponential
817,817,511.22680286,0.000597161928111,-27327.5561774,Nes200_dDFE.Exponential
818,818,515.444156682,0.000594637424507,-27406.6223726,Nes200_dDFE.Exponential
819,819,520.539458982,0.000581427933321,-27485.6451523,Nes200_dDFE.Exponential
820,820,515.526245662,0.000593033261423,-27429.3689683,Nes200_dDFE.Exponential
821,821,517.415536371,0.000587846487728,-27458.8634197,Nes200_dDFE.Exponential
822,822,519.194488507,0.000586717875223,-27378.0688648,Nes200_dDFE.Exponential
823,823,517.266635651,0.000590487418108,-27387.4822805,Nes200_dDFE.Exponential
824,824,512.557703036,0.000593798318152,-27368.7020625,Nes200_dDFE.Exponential
825,825,521.336460661,0.000579386890939,-27447.3950809,Nes200_dDFE.Exponential
826,826,521.951788346,0.000578911052608,-27501.6911196,Nes200_dDFE.Exponential
827,827,519.732850569,0.000584532651368,-27406.1810122,Nes200_dDFE.Exponential
828,828,515.743205049,0.000589576720945,-27458.6114005,Nes200_dDFE.Exponential
829,829,518.014657521,0.000586163250302,-27462.8375068,Nes200_dDFE.Exponential
830,830,516.629993551,0.000586533913467,-27413.5931684,Nes200_dDFE.Exponential
831,831,519.26450253,0.000581314661544,-27387.2483359,Nes200_dDFE.Exponential
832,832,521.154247132,0.000581120742909,-27375.2156178,Nes200_dDFE.Exponential
833,833,510.07978461,0.000599763850755,-27453.5545996,Nes200_dDFE.Exponential
834,834,519.591282047,0.000586112318526,-27300.2285968,Nes200_dDFE.Exponential
835,835,517.72017038,0.000588591371778,-27478.1602516,Nes200_dDFE.Exponential
836,836,519.097972407,0.000584085547434,-27507.7926205,Nes200_dDFE.Exponential
837,837,519.921382599,0.0005861711818,-27455.6146501,Nes200_dDFE.Exponential
838,838,518.938096085,0.000583523064877,-27397.8651176,Nes200_dDFE.Exponential
839,839,517.459919464,0.000588521682133,-27425.254434,Nes200_dDFE.Exponential
840,840,515.893903761,0.000590065373753,-27400.0173743,Nes200_dDFE.Exponential
841,841,525.528952768,0.000574325614276,-27442.484432,Nes200_dDFE.Exponential
842,842,521.087807298,0.000580891509397,-27388.6464447,Nes200_dDFE.Exponential
843,843,518.699594284,0.000587968707146,-27304.191479,Nes200_dDFE.Exponential
844,844,518.498322495,0.000587615737343,-27374.5841921,Nes200_dDFE.Exponential
845,845,519.70954497,0.000583043143875,-27429.5282473,Nes200_dDFE.Exponential
846,846,524.358875049,0.000575044785009,-27399.7613035,Nes200_dDFE.Exponential
847,847,515.424928586,0.000596307246996,-27380.6406644,Nes200_dDFE.Exponential
848,848,513.048881629,0.000597328744413,-27342.8561984,Nes200_dDFE.Exponential
849,849,525.030830859,0.000576927591207,-27437.251067,Nes200_dDFE.Exponential
850,850,516.417487261,0.000588928967761,-27416.8516221,Nes200_dDFE.Exponential
851,851,520.598387132,0.000582419928924,-27378.0888097,Nes200_dDFE.Exponential
852,852,513.839334518,0.000594686757272,-27397.8641828,Nes200_dDFE.Exponential
853,853,515.817211335,0.000592304351101,-27321.8862971,Nes200_dDFE.Exponential
854,854,517.993423742,0.000584231997452,-27455.2732701,Nes200_dDFE.Exponential
855,855,514.82665583,0.000589130361898,-27466.2340624,Nes200_dDFE.Exponential
856,856,520.741971592,0.000585769521384,-27422.8017622,Nes200_dDFE.Exponential
857,857,515.810485628,0.000588617531033,-27443.9680749,Nes200_dDFE.Exponential
858,858,516.494956159,0.000591128557386,-27313.4596276,Nes200_dDFE.Exponential
859,859,512.800397575,0.000594221628876,-27341.5106792,Nes200_dDFE.Exponential
860,860,519.075470076,0.000585793812771,-27397.2925371,Nes200_dDFE.Exponential
861,861,517.889468643,0.000587300935914,-27381.746875,Nes200_dDFE.Exponential
862,862,518.172780849,0.000586038475902,-27421.3768054,Nes200_dDFE.Exponential
863,863,514.379013106,0.000596491889216,-27417.3736242,Nes200_dDFE.Exponential
864,864,516.068016675,0.000589129206139,-27296.636385,Nes200_dDFE.Exponential
865,865,522.150661332,0.000577864825453,-27432.6306625,Nes200_dDFE.Exponential
866,866,516.211428307,0.000590846752487,-27444.6316877,Nes200_dDFE.Exponential
867,867,518.849125039,0.000585358865773,-27379.1717503,Nes200_dDFE.Exponential
868,868,517.401844052,0.000585675323757,-27440.2130557,Nes200_dDFE.Exponential
869,869,519.368036911,0.000582346003065,-27431.3446918,Nes200_dDFE.Exponential
870,870,515.603544602,0.000591830232289,-27436.2089786,Nes200_dDFE.Exponential
871,871,514.076908984,0.000594941875193,-27412.7721508,Nes200_dDFE.Exponential
872,872,520.002346789,0.000581317889199,-27433.4530242,Nes200_dDFE.Exponential
873,873,516.926636301,0.000590696086859,-27377.1841704,Nes200_dDFE.Exponential
874,874,517.099108411,0.000586879078026,-27385.5291223,Nes200_dDFE.Exponential
875,875,517.337181048,0.000589019316547,-27465.0326775,Nes200_dDFE.Exponential
876,876,513.6044164,0.000594026821406,-27350.7123185,Nes200_dDFE.Exponential
877,877,519.095642165,0.000586908627482,-27438.7920226,Nes200_dDFE.Exponential
878,878,516.041234923,0.000589237126138,-27400.776015,Nes200_dDFE.Exponential
879,879,516.218051472,0.000593093572654,-27339.3364842,Nes200_dDFE.Exponential
880,880,514.461496403,0.00059255048449,-27367.7988907,Nes200_dDFE.Exponential
881,881,523.181907778,0.000578707123055,-27514.3283865,Nes200_dDFE.Exponential
882,882,515.309563388,0.000589352073582,-27483.0389994,Nes200_dDFE.Exponential
883,883,516.337724131,0.000590469566796,-27386.3751137,Nes200_dDFE.Exponential
884,884,519.912484736,0.000583233530689,-27384.3886027,Nes200_dDFE.Exponential
885,885,518.786121921,0.000585005409559,-27362.0865611,Nes200_dDFE.Exponential
886,886,517.237775265,0.000585282197314,-27272.7018542,Nes200_dDFE.Exponential
887,887,517.387252003,0.000587093544204,-27456.2073799,Nes200_dDFE.Exponential
888,888,515.278923997,0.000589056878023,-27344.5444469,Nes200_dDFE.Exponential
889,889,520.057116524,0.000586124736778,-27391.2117683,Nes200_dDFE.Exponential
890,890,519.881658077,0.000581552521853,-27308.9241945,Nes200_dDFE.Exponential
891,891,516.195896574,0.000589365762619,-27457.0180206,Nes200_dDFE.Exponential
892,892,520.171860348,0.000582225753559,-27327.0627795,Nes200_dDFE.Exponential
893,893,518.045938853,0.000589196887517,-27378.7671446,Nes200_dDFE.Exponential
894,894,514.641245373,0.000590911881931,-27425.0226115,Nes200_dDFE.Exponential
895,895,513.464198196,0.000596838544991,-27383.3461073,Nes200_dDFE.Exponential
896,896,519.453773624,0.0005869558007,-27447.9508371,Nes200_dDFE.Exponential
897,897,520.251026519,0.000583366181151,-27433.9943934,Nes200_dDFE.Exponential
898,898,519.357918493,0.000586761207576,-27429.4188553,Nes200_dDFE.Exponential
899,899,521.374857526,0.000581541452454,-27433.1682336,Nes200_dDFE.Exponential
900,900,519.740091081,0.000580927496665,-27442.6075171,Nes200_dDFE.Exponential
901,901,515.745634947,0.00058446492162,-27424.8723477,Nes200_dDFE.Exponential
902,902,519.216745504,0.000585570721561,-27381.0312178,Nes200_dDFE.Exponential
903,903,518.602019358,0.00058437398419,-27457.9146539,Nes200_dDFE.Exponential
904,904,519.594976443,0.000585108050978,-27453.7637836,Nes200_dDFE.Exponential
905,905,516.028430347,0.000588009299182,-27548.203699,Nes200_dDFE.Exponential
906,906,519.589953026,0.00058355726258,-27493.5566937,Nes200_dDFE.Exponential
907,907,516.115745146,0.00058906602677,-27490.3018137,Nes200_dDFE.Exponential
908,908,513.720974676,0.000592287211501,-27279.5938844,Nes200_dDFE.Exponential
909,909,518.484554375,0.000586460746058,-27348.105844,Nes200_dDFE.Exponential
910,910,522.25529439,0.00057931613864,-27384.6089776,Nes200_dDFE.Exponential
911,911,518.286544597,0.000586408568457,-27384.1334192,Nes200_dDFE.Exponential
912,912,516.475893613,0.000590153855776,-27389.8986618,Nes200_dDFE.Exponential
913,913,513.85553221,0.000592992269419,-27450.2941877,Nes200_dDFE.Exponential
914,914,517.526346294,0.000585706063754,-27374.2325079,Nes200_dDFE.Exponential
915,915,519.088365403,0.000584610297524,-27433.4020094,Nes200_dDFE.Exponential
916,916,516.414219458,0.000587037925628,-27423.7371359,Nes200_dDFE.Exponential
917,917,514.605691514,0.00059130969735,-27363.5792861,Nes200_dDFE.Exponential
918,918,521.013052469,0.000582609419031,-27415.7024664,Nes200_dDFE.Exponential
919,919,518.747836919,0.000587970215707,-27323.4125192,Nes200_dDFE.Exponential
920,920,524.673049729,0.000578868018535,-27454.6639512,Nes200_dDFE.Exponential
921,921,518.668493187,0.000586148815833,-27450.8577986,Nes200_dDFE.Exponential
922,922,527.34800949,0.000570893851165,-27410.0142774,Nes200_dDFE.Exponential
923,923,517.949202564,0.000588079487563,-27424.7498959,Nes200_dDFE.Exponential
924,924,517.008373416,0.000588112597971,-27414.9409822,Nes200_dDFE.Exponential
925,925,515.672793769,0.000589462846632,-27416.7052356,Nes200_dDFE.Exponential
926,926,518.029904073,0.000586359409683,-27428.5118401,Nes200_dDFE.Exponential
927,927,517.764980686,0.000589560061146,-27410.1798404,Nes200_dDFE.Exponential
928,928,518.494695736,0.000584454488852,-27472.3434532,Nes200_dDFE.Exponential
929,929,518.706839902,0.000585297225715,-27409.9906679,Nes200_dDFE.Exponential
930,930,513.827172858,0.000595229074749,-27485.1746136,Nes200_dDFE.Exponential
931,931,516.135678472,0.000589711518261,-27344.5660164,Nes200_dDFE.Exponential
932,932,512.730475269,0.00059516142531,-27377.4352728,Nes200_dDFE.Exponential
933,933,520.008723426,0.000586407951079,-27371.5363005,Nes200_dDFE.Exponential
934,934,516.468022465,0.000590835948306,-27360.7223394,Nes200_dDFE.Exponential
935,935,516.891076441,0.000586955810691,-27393.7163653,Nes200_dDFE.Exponential
936,936,517.504639489,0.000586200466357,-27324.4817489,Nes200_dDFE.Exponential
937,937,518.075201056,0.000585407154551,-27463.4371698,Nes200_dDFE.Exponential
938,938,519.206195847,0.000585172370511,-27353.3878243,Nes200_dDFE.Exponential
939,939,513.65551488,0.000594283027424,-27534.1632073,Nes200_dDFE.Exponential
940,940,517.741654062,0.000586560761143,-27409.4202993,Nes200_dDFE.Exponential
941,941,518.447199999,0.000587192544215,-27340.0511107,Nes200_dDFE.Exponential
942,942,517.840839471,0.00058812931655,-27433.4927907,Nes200_dDFE.Exponential
943,943,518.932298832,0.000584787457563,-27510.3998378,Nes200_dDFE.Exponential
944,944,515.328478396,0.000589874869001,-27396.8642575,Nes200_dDFE.Exponential
945,945,513.26399325,0.00059482277934,-27434.3781642,Nes200_dDFE.Exponential
946,946,519.342803336,0.00058342958644,-27358.6067538,Nes200_dDFE.Exponential
947,947,515.499269644,0.000593097208124,-27393.6086943,Nes200_dDFE.Exponential
948,948,517.648135468,0.000587827060228,-27466.9547716,Nes200_dDFE.Exponential
949,949,518.920994528,0.000588156700585,-27454.7814906,Nes200_dDFE.Exponential
950,950,517.860782178,0.000586884867879,-27486.8317378,Nes200_dDFE.Exponential
951,951,518.299861755,0.000585806761031,-27436.8603874,Nes200_dDFE.Exponential
952,952,522.918374027,0.000578448061869,-27436.9870592,Nes200_dDFE.Exponential
953,953,520.29526637,0.000581992940164,-27387.2015241,Nes200_dDFE.Exponential
954,954,513.678876482,0.000593976357572,-27341.078024,Nes200_dDFE.Exponential
955,955,517.947708075,0.000588402231935,-27399.2259618,Nes200_dDFE.Exponential
956,956,522.388816757,0.000584892454681,-27458.1151881,Nes200_dDFE.Exponential
957,957,520.325198675,0.000584234815021,-27383.7297793,Nes200_dDFE.Exponential
958,958,518.836054183,0.000584976551565,-27390.0071389,Nes200_dDFE.Exponential
959,959,514.43333572,0.00059046846781,-27434.4823973,Nes200_dDFE.Exponential
960,960,515.961543224,0.000592455754519,-27281.732329,Nes200_dDFE.Exponential
961,961,518.393143717,0.00058665181372,-27312.5270137,Nes200_dDFE.Exponential
962,962,513.567467189,0.000595090721891,-27388.9816148,Nes200_dDFE.Exponential
963,963,518.734456534,0.000586458560619,-27454.2525464,Nes200_dDFE.Exponential
964,964,519.851630788,0.000584889518563,-27515.8095288,Nes200_dDFE.Exponential
965,965,510.885642199,0.000599377794602,-27448.3942965,Nes200_dDFE.Exponential
966,966,517.862856337,0.000585575921684,-27412.16026,Nes200_dDFE.Exponential
967,967,508.624723847,0.000603667283633,-27383.1954782,Nes200_dDFE.Exponential
968,968,522.46739787,0.000578631030056,-27437.6572506,Nes200_dDFE.Exponential
969,969,517.208362532,0.000586750919876,-27404.1972781,Nes200_dDFE.Exponential
970,970,511.487299952,0.00059789004376,-27354.1129245,Nes200_dDFE.Exponential
971,971,513.787928594,0.000594490473364,-27373.5933429,Nes200_dDFE.Exponential
972,972,517.352955433,0.000586918467993,-27403.6217754,Nes200_dDFE.Exponential
973,973,516.350325766,0.000588836221871,-27321.215413,Nes200_dDFE.Exponential
974,974,523.172982584,0.00057655967703,-27399.6386017,Nes200_dDFE.Exponential
975,975,519.321523812,0.000588392509108,-27406.1152531,Nes200_dDFE.Exponential
976,976,524.43411671,0.000577774801735,-27390.2759331,Nes200_dDFE.Exponential
977,977,513.76214963,0.000593736111694,-27393.7488966,Nes200_dDFE.Exponential
978,978,518.619329623,0.000581237819266,-27425.2756932,Nes200_dDFE.Exponential
979,979,515.33824787,0.000589182169211,-27406.5814857,Nes200_dDFE.Exponential
980,980,520.510783219,0.000583526583286,-27397.517249,Nes200_dDFE.Exponential
981,981,520.968821701,0.000581931040024,-27417.9471063,Nes200_dDFE.Exponential
982,982,514.112065699,0.000591864422484,-27352.529976,Nes200_dDFE.Exponential
983,983,519.325362276,0.000585736466415,-27334.1947858,Nes200_dDFE.Exponential
984,984,515.763351985,0.000590072097074,-27426.7424102,Nes200_dDFE.Exponential
985,985,515.412931075,0.000596026206314,-27439.8983045,Nes200_dDFE.Exponential
986,986,515.272987155,0.000591138050465,-27375.2672374,Nes200_dDFE.Exponential
987,987,518.627840367,0.00058291640327,-27443.5419792,Nes200_dDFE.Exponential
988,988,516.734027962,0.000590420419256,-27336.8505625,Nes200_dDFE.Exponential
989,989,521.149660459,0.00058370537028,-27412.3180313,Nes200_dDFE.Exponential
990,990,518.540905999,0.000586840813485,-27497.8305388,Nes200_dDFE.Exponential
991,991,516.810900383,0.000590389801854,-27372.58221,Nes200_dDFE.Exponential
992,992,517.473835878,0.000586427258119,-27459.6729217,Nes200_dDFE.Exponential
993,993,517.850423434,0.00058685414048,-27445.2879896,Nes200_dDFE.Exponential
994,994,515.076232164,0.000593119050113,-27412.9602535,Nes200_dDFE.Exponential
995,995,519.86345776,0.000583441925657,-27410.2951108,Nes200_dDFE.Exponential
996,996,512.195617558,0.000595693376277,-27428.1501883,Nes200_dDFE.Exponential
997,997,516.678200368,0.000590735368381,-27442.3119781,Nes200_dDFE.Exponential
998,998,516.857037285,0.000586578961551,-27361.8280694,Nes200_dDFE.Exponential
999,999,517.994209704,0.000589306925562,-27436.9039065,Nes200_dDFE.Exponential
