,rep,NeSa,pa,AIC,identifier
0,0,396.473619191,2.26064488382e-05,-24261.6199245,Nes200_dDFE.Exponential_div10
1,1,452.412645676,1.69709135539e-05,-24272.0927637,Nes200_dDFE.Exponential_div10
2,2,424.524165486,2.07307650973e-05,-24244.6971133,Nes200_dDFE.Exponential_div10
3,3,370.144406247,2.26036411125e-05,-24280.9485538,Nes200_dDFE.Exponential_div10
4,4,332.975916452,2.25873106135e-05,-24184.7665431,Nes200_dDFE.Exponential_div10
5,5,361.962346556,2.23548591133e-05,-24340.6194106,Nes200_dDFE.Exponential_div10
6,6,368.60390162,2.07783999153e-05,-24291.9107895,Nes200_dDFE.Exponential_div10
7,7,446.598231728,1.90323963792e-05,-24235.1891113,Nes200_dDFE.Exponential_div10
8,8,304.950788199,2.7936083821e-05,-24133.8087658,Nes200_dDFE.Exponential_div10
9,9,347.27209212,2.608389526e-05,-24340.1546849,Nes200_dDFE.Exponential_div10
10,10,419.141936614,2.03748328423e-05,-24197.0042478,Nes200_dDFE.Exponential_div10
11,11,356.93354474,2.60438563792e-05,-24336.3501099,Nes200_dDFE.Exponential_div10
12,12,382.431114052,1.89154150111e-05,-24223.9003312,Nes200_dDFE.Exponential_div10
13,13,298.318922551,3.43628502443e-05,-24256.3723039,Nes200_dDFE.Exponential_div10
14,14,350.398225672,2.37432281073e-05,-24198.6081249,Nes200_dDFE.Exponential_div10
15,15,369.485557696,2.48586374295e-05,-24340.6845741,Nes200_dDFE.Exponential_div10
16,16,354.209064323,2.35751134262e-05,-24322.0013633,Nes200_dDFE.Exponential_div10
17,17,345.102608019,2.6453606883e-05,-24268.8202302,Nes200_dDFE.Exponential_div10
18,18,397.150417841,1.86290943138e-05,-24252.4020143,Nes200_dDFE.Exponential_div10
19,19,356.899730604,2.79247021306e-05,-24286.9167942,Nes200_dDFE.Exponential_div10
20,20,412.145642615,2.28799630052e-05,-24216.8401371,Nes200_dDFE.Exponential_div10
21,21,378.341007733,2.4329661426e-05,-24301.7500088,Nes200_dDFE.Exponential_div10
22,22,373.812495491,2.25774383927e-05,-24212.4305197,Nes200_dDFE.Exponential_div10
23,23,353.149248512,2.22036947112e-05,-24282.3514427,Nes200_dDFE.Exponential_div10
24,24,373.815567681,2.24151099127e-05,-24248.1577464,Nes200_dDFE.Exponential_div10
25,25,386.960874809,2.30723172948e-05,-24312.0031358,Nes200_dDFE.Exponential_div10
26,26,422.413174864,2.02360408884e-05,-24324.2997038,Nes200_dDFE.Exponential_div10
27,27,316.864490957,2.64117959479e-05,-24215.9787088,Nes200_dDFE.Exponential_div10
28,28,334.770847256,2.35652100157e-05,-24276.6746369,Nes200_dDFE.Exponential_div10
29,29,346.721982908,2.32514327882e-05,-24291.5255547,Nes200_dDFE.Exponential_div10
30,30,430.187429517,1.85762727706e-05,-24287.2253449,Nes200_dDFE.Exponential_div10
31,31,392.507540296,2.12687508674e-05,-24282.206967,Nes200_dDFE.Exponential_div10
32,32,357.044713089,2.4820795853e-05,-24244.0865315,Nes200_dDFE.Exponential_div10
33,33,362.237008901,2.43499356978e-05,-24246.8576713,Nes200_dDFE.Exponential_div10
34,34,348.500102348,2.35173056307e-05,-24298.14495,Nes200_dDFE.Exponential_div10
35,35,393.444752325,2.1065042055e-05,-24184.2159936,Nes200_dDFE.Exponential_div10
36,36,335.349278271,2.42169102758e-05,-24291.5191991,Nes200_dDFE.Exponential_div10
37,37,338.511362784,2.56405038824e-05,-24299.5628182,Nes200_dDFE.Exponential_div10
38,38,388.009115398,2.31626728132e-05,-24303.3306607,Nes200_dDFE.Exponential_div10
39,39,335.521065738,2.65606771039e-05,-24254.9001667,Nes200_dDFE.Exponential_div10
40,40,366.966829196,2.35338942876e-05,-24246.8917676,Nes200_dDFE.Exponential_div10
41,41,338.263114064,2.29005918351e-05,-24331.3928394,Nes200_dDFE.Exponential_div10
42,42,364.813372388,2.75922072297e-05,-24238.5409448,Nes200_dDFE.Exponential_div10
43,43,441.558831671,1.68225507403e-05,-24204.4810996,Nes200_dDFE.Exponential_div10
44,44,337.800811618,2.89323341567e-05,-24346.4326592,Nes200_dDFE.Exponential_div10
45,45,404.111416185,2.05203931699e-05,-24343.2307339,Nes200_dDFE.Exponential_div10
46,46,366.137851901,2.2912942199e-05,-24248.5981161,Nes200_dDFE.Exponential_div10
47,47,409.345011184,2.1065695454e-05,-24321.1346205,Nes200_dDFE.Exponential_div10
48,48,404.085466511,2.0696704421e-05,-24232.3670493,Nes200_dDFE.Exponential_div10
49,49,375.186410779,2.25040890063e-05,-24227.2283508,Nes200_dDFE.Exponential_div10
50,50,351.234374914,2.58316750488e-05,-24346.6782751,Nes200_dDFE.Exponential_div10
51,51,352.182641286,2.50396096503e-05,-24183.3882868,Nes200_dDFE.Exponential_div10
52,52,364.347607184,2.28464592834e-05,-24220.4956202,Nes200_dDFE.Exponential_div10
53,53,385.797976166,2.18310755774e-05,-24285.1747021,Nes200_dDFE.Exponential_div10
54,54,347.857216233,2.48231389541e-05,-24236.1119654,Nes200_dDFE.Exponential_div10
55,55,427.067395717,1.89870678373e-05,-24240.2324869,Nes200_dDFE.Exponential_div10
56,56,352.449255115,2.33102505952e-05,-24186.764607,Nes200_dDFE.Exponential_div10
57,57,429.864557133,1.98980835309e-05,-24230.2373354,Nes200_dDFE.Exponential_div10
58,58,355.244982515,2.32519689173e-05,-24305.7184586,Nes200_dDFE.Exponential_div10
59,59,382.716068124,2.18720822329e-05,-24289.4789825,Nes200_dDFE.Exponential_div10
60,60,404.698309457,2.23887339528e-05,-24279.3015434,Nes200_dDFE.Exponential_div10
61,61,347.909855689,2.23489098545e-05,-24253.7192101,Nes200_dDFE.Exponential_div10
62,62,363.092153959,2.80054919157e-05,-24316.0368273,Nes200_dDFE.Exponential_div10
63,63,439.51700544,1.99602561666e-05,-24253.7339345,Nes200_dDFE.Exponential_div10
64,64,321.121980616,2.87744642486e-05,-24238.8446244,Nes200_dDFE.Exponential_div10
65,65,348.691852613,2.22091065708e-05,-24245.5715879,Nes200_dDFE.Exponential_div10
66,66,349.993739059,2.81036190527e-05,-24219.4420272,Nes200_dDFE.Exponential_div10
67,67,296.891586273,3.28294949938e-05,-24274.293113,Nes200_dDFE.Exponential_div10
68,68,372.683805795,2.37640193252e-05,-24282.1363365,Nes200_dDFE.Exponential_div10
69,69,359.230572329,2.25457841773e-05,-24234.2638468,Nes200_dDFE.Exponential_div10
70,70,363.467941511,2.47637622198e-05,-24228.2374382,Nes200_dDFE.Exponential_div10
71,71,399.205114587,2.00773553526e-05,-24242.9801155,Nes200_dDFE.Exponential_div10
72,72,372.193494002,2.31863114229e-05,-24288.254712,Nes200_dDFE.Exponential_div10
73,73,380.399455831,2.22015935762e-05,-24308.6868866,Nes200_dDFE.Exponential_div10
74,74,393.936512123,2.10678690575e-05,-24289.2036735,Nes200_dDFE.Exponential_div10
75,75,404.557405651,2.02414546534e-05,-24213.827217,Nes200_dDFE.Exponential_div10
76,76,352.87259445,2.51835262755e-05,-24218.7628715,Nes200_dDFE.Exponential_div10
77,77,351.997181121,2.63178507066e-05,-24346.1554574,Nes200_dDFE.Exponential_div10
78,78,315.011115187,3.00147117118e-05,-24141.7307833,Nes200_dDFE.Exponential_div10
79,79,411.876874494,2.09236422762e-05,-24301.6986165,Nes200_dDFE.Exponential_div10
80,80,374.584650194,2.14921356109e-05,-24356.8602809,Nes200_dDFE.Exponential_div10
81,81,359.865417849,2.45588624578e-05,-24252.1804244,Nes200_dDFE.Exponential_div10
82,82,350.295831184,2.55341146332e-05,-24270.5216481,Nes200_dDFE.Exponential_div10
83,83,303.341976114,3.27656062602e-05,-24297.0835928,Nes200_dDFE.Exponential_div10
84,84,346.889983259,2.41820476762e-05,-24211.831139,Nes200_dDFE.Exponential_div10
85,85,471.045487392,1.85986595426e-05,-24270.2906673,Nes200_dDFE.Exponential_div10
86,86,408.234409593,2.03703258171e-05,-24182.1353119,Nes200_dDFE.Exponential_div10
87,87,342.980586367,1.90690178212e-05,-24261.5724677,Nes200_dDFE.Exponential_div10
88,88,431.559870141,2.06690607067e-05,-24348.5800089,Nes200_dDFE.Exponential_div10
89,89,409.010305633,2.25020818476e-05,-24307.7624391,Nes200_dDFE.Exponential_div10
90,90,384.801570359,2.37441425939e-05,-24332.6864221,Nes200_dDFE.Exponential_div10
91,91,388.285965338,2.18422508022e-05,-24323.9908553,Nes200_dDFE.Exponential_div10
92,92,352.067426145,2.46286773437e-05,-24233.8525597,Nes200_dDFE.Exponential_div10
93,93,361.966212979,2.34920949151e-05,-24280.5266609,Nes200_dDFE.Exponential_div10
94,94,394.481766142,2.16362029161e-05,-24256.6717648,Nes200_dDFE.Exponential_div10
95,95,368.232214558,2.40869437331e-05,-24225.8290841,Nes200_dDFE.Exponential_div10
96,96,374.843146162,2.01733762367e-05,-24308.1020603,Nes200_dDFE.Exponential_div10
97,97,347.938998758,2.35593510756e-05,-24271.0550917,Nes200_dDFE.Exponential_div10
98,98,454.618215318,1.60837023149e-05,-24182.3605235,Nes200_dDFE.Exponential_div10
99,99,357.065368828,2.37191408167e-05,-24288.8408351,Nes200_dDFE.Exponential_div10
100,100,363.215932095,2.51451963567e-05,-24217.522975,Nes200_dDFE.Exponential_div10
101,101,367.177428828,2.38204285549e-05,-24207.7001094,Nes200_dDFE.Exponential_div10
102,102,324.020033987,2.73220453818e-05,-24227.3128,Nes200_dDFE.Exponential_div10
103,103,398.486212729,2.12283398207e-05,-24207.914138,Nes200_dDFE.Exponential_div10
104,104,328.69827417,2.89827025536e-05,-24275.5018875,Nes200_dDFE.Exponential_div10
105,105,413.621635043,1.94972825798e-05,-24257.2621021,Nes200_dDFE.Exponential_div10
106,106,398.424553234,2.0300780365e-05,-24274.5772148,Nes200_dDFE.Exponential_div10
107,107,347.736388723,2.5126514663e-05,-24222.0673578,Nes200_dDFE.Exponential_div10
108,108,377.7638464,2.35103249384e-05,-24175.2177315,Nes200_dDFE.Exponential_div10
109,109,396.593599023,2.10693511422e-05,-24285.4815978,Nes200_dDFE.Exponential_div10
110,110,421.466299736,2.15598258923e-05,-24267.1302754,Nes200_dDFE.Exponential_div10
111,111,368.932839118,2.22288276786e-05,-24253.0402302,Nes200_dDFE.Exponential_div10
112,112,333.068165407,2.87976512449e-05,-24246.2356233,Nes200_dDFE.Exponential_div10
113,113,429.224740087,1.9592750837e-05,-24146.0495365,Nes200_dDFE.Exponential_div10
114,114,397.647565713,2.00821111658e-05,-24196.0626373,Nes200_dDFE.Exponential_div10
115,115,397.624821454,2.07772680859e-05,-24244.6924598,Nes200_dDFE.Exponential_div10
116,116,402.289870622,2.08122497499e-05,-24217.6269851,Nes200_dDFE.Exponential_div10
117,117,374.300065525,2.43657685504e-05,-24255.213851,Nes200_dDFE.Exponential_div10
118,118,385.493404532,2.58120967206e-05,-24242.4415951,Nes200_dDFE.Exponential_div10
119,119,366.090386598,2.45237568436e-05,-24230.3194654,Nes200_dDFE.Exponential_div10
120,120,373.501356739,2.1308141079e-05,-24306.9407926,Nes200_dDFE.Exponential_div10
121,121,311.639151356,3.02824160531e-05,-24366.8107296,Nes200_dDFE.Exponential_div10
122,122,393.714154362,2.11699943847e-05,-24333.1993672,Nes200_dDFE.Exponential_div10
123,123,398.255277955,1.98355238432e-05,-24281.2956394,Nes200_dDFE.Exponential_div10
124,124,408.808556169,2.22246895417e-05,-24236.7495297,Nes200_dDFE.Exponential_div10
125,125,338.207262224,2.82137329366e-05,-24388.2749662,Nes200_dDFE.Exponential_div10
126,126,469.641485662,1.75617579093e-05,-24205.9714814,Nes200_dDFE.Exponential_div10
127,127,350.955719676,2.52511643924e-05,-24303.4880247,Nes200_dDFE.Exponential_div10
128,128,372.463016606,2.3153191238e-05,-24236.9355752,Nes200_dDFE.Exponential_div10
129,129,330.603316578,3.11510213785e-05,-24305.5069395,Nes200_dDFE.Exponential_div10
130,130,416.923641897,1.72863089986e-05,-24213.0311932,Nes200_dDFE.Exponential_div10
131,131,419.476300073,1.89759290014e-05,-24139.4468284,Nes200_dDFE.Exponential_div10
132,132,353.728138742,2.57903833493e-05,-24306.7278799,Nes200_dDFE.Exponential_div10
133,133,387.714914689,2.11891437706e-05,-24286.5690581,Nes200_dDFE.Exponential_div10
134,134,332.932870969,2.69809873389e-05,-24203.9356606,Nes200_dDFE.Exponential_div10
135,135,374.056198626,2.42952306174e-05,-24245.6272037,Nes200_dDFE.Exponential_div10
136,136,340.800450618,2.69002574191e-05,-24231.0306278,Nes200_dDFE.Exponential_div10
137,137,354.037830441,2.63331417877e-05,-24261.5572249,Nes200_dDFE.Exponential_div10
138,138,322.370327159,2.77614343684e-05,-24255.1992614,Nes200_dDFE.Exponential_div10
139,139,348.268316002,2.41917124115e-05,-24290.8166017,Nes200_dDFE.Exponential_div10
140,140,383.75387675,2.36737177624e-05,-24283.0871237,Nes200_dDFE.Exponential_div10
141,141,376.571588367,2.55077248474e-05,-24327.3607165,Nes200_dDFE.Exponential_div10
142,142,368.954002964,2.03082742516e-05,-24244.4203691,Nes200_dDFE.Exponential_div10
143,143,342.348921188,2.34912470997e-05,-24234.4230072,Nes200_dDFE.Exponential_div10
144,144,345.500919618,2.50531219463e-05,-24211.0770499,Nes200_dDFE.Exponential_div10
145,145,304.462532285,2.85953403749e-05,-24354.1380525,Nes200_dDFE.Exponential_div10
146,146,406.049594561,1.80656531071e-05,-24208.9080701,Nes200_dDFE.Exponential_div10
147,147,357.992218766,2.8579520619e-05,-24192.0959047,Nes200_dDFE.Exponential_div10
148,148,383.247457073,2.26037276916e-05,-24236.0478707,Nes200_dDFE.Exponential_div10
149,149,422.469727632,2.02138976524e-05,-24277.7774429,Nes200_dDFE.Exponential_div10
150,150,381.440102251,2.27684301684e-05,-24290.8427229,Nes200_dDFE.Exponential_div10
151,151,443.785644342,1.75269024557e-05,-24192.8895091,Nes200_dDFE.Exponential_div10
152,152,382.227730995,2.13101347561e-05,-24271.7167,Nes200_dDFE.Exponential_div10
153,153,337.013207791,2.73157315472e-05,-24231.0874815,Nes200_dDFE.Exponential_div10
154,154,419.365288797,2.04557360567e-05,-24318.8948917,Nes200_dDFE.Exponential_div10
155,155,376.37295715,2.46694829102e-05,-24281.5977034,Nes200_dDFE.Exponential_div10
156,156,346.005011491,2.66183164844e-05,-24203.3014102,Nes200_dDFE.Exponential_div10
157,157,449.908549533,1.77712462203e-05,-24178.5237542,Nes200_dDFE.Exponential_div10
158,158,328.357259976,2.6783657779e-05,-24201.2791489,Nes200_dDFE.Exponential_div10
159,159,338.826068034,2.32969639972e-05,-24284.7895121,Nes200_dDFE.Exponential_div10
160,160,335.100533798,2.48539787363e-05,-24231.8063461,Nes200_dDFE.Exponential_div10
161,161,373.286542353,1.94690294015e-05,-24252.204539,Nes200_dDFE.Exponential_div10
162,162,370.990957409,1.92139230753e-05,-24347.8611929,Nes200_dDFE.Exponential_div10
163,163,355.200911648,2.4030327955e-05,-24277.0113752,Nes200_dDFE.Exponential_div10
164,164,343.691838255,2.22784146615e-05,-24260.4986518,Nes200_dDFE.Exponential_div10
165,165,365.204386188,2.25386369884e-05,-24222.9578511,Nes200_dDFE.Exponential_div10
166,166,372.275313918,2.45168191873e-05,-24272.1576787,Nes200_dDFE.Exponential_div10
167,167,351.337677106,2.31754973316e-05,-24262.8005734,Nes200_dDFE.Exponential_div10
168,168,379.109857919,2.13852736763e-05,-24223.0468356,Nes200_dDFE.Exponential_div10
169,169,448.953869764,1.8701754662e-05,-24226.0399024,Nes200_dDFE.Exponential_div10
170,170,438.258682164,1.94820424301e-05,-24259.3042882,Nes200_dDFE.Exponential_div10
171,171,432.577817248,1.90263183822e-05,-24297.7868621,Nes200_dDFE.Exponential_div10
172,172,407.210880013,2.08354609338e-05,-24290.9518159,Nes200_dDFE.Exponential_div10
173,173,344.71893165,2.5994606944e-05,-24209.7111946,Nes200_dDFE.Exponential_div10
174,174,366.233223027,2.25460820278e-05,-24303.4746548,Nes200_dDFE.Exponential_div10
175,175,356.027156887,2.28870980536e-05,-24229.5496913,Nes200_dDFE.Exponential_div10
176,176,351.405982473,2.50997872815e-05,-24325.7744827,Nes200_dDFE.Exponential_div10
177,177,340.178225485,2.64104155218e-05,-24238.2805975,Nes200_dDFE.Exponential_div10
178,178,376.046664695,2.50906698319e-05,-24270.8817222,Nes200_dDFE.Exponential_div10
179,179,363.20801287,2.36606658675e-05,-24287.7917829,Nes200_dDFE.Exponential_div10
180,180,362.000562683,2.32472559299e-05,-24256.3175708,Nes200_dDFE.Exponential_div10
181,181,363.330296018,2.17563715109e-05,-24217.6764242,Nes200_dDFE.Exponential_div10
182,182,365.271957042,1.94713006854e-05,-24284.7133214,Nes200_dDFE.Exponential_div10
183,183,346.165897575,2.17563927312e-05,-24238.3880744,Nes200_dDFE.Exponential_div10
184,184,393.234444178,2.08186435893e-05,-24247.8700149,Nes200_dDFE.Exponential_div10
185,185,380.439434336,2.14044522251e-05,-24269.0211754,Nes200_dDFE.Exponential_div10
186,186,345.20216251,2.4498464059e-05,-24295.9425009,Nes200_dDFE.Exponential_div10
187,187,410.841532228,2.01968889237e-05,-24271.2192075,Nes200_dDFE.Exponential_div10
188,188,417.51354491,1.73389508655e-05,-24216.8201405,Nes200_dDFE.Exponential_div10
189,189,325.383404891,2.82314131976e-05,-24257.7662523,Nes200_dDFE.Exponential_div10
190,190,387.090370122,2.21842504532e-05,-24323.829178,Nes200_dDFE.Exponential_div10
191,191,384.726938163,2.26167080761e-05,-24303.5534389,Nes200_dDFE.Exponential_div10
192,192,328.954543162,2.43721924837e-05,-24267.958036,Nes200_dDFE.Exponential_div10
193,193,459.885277081,1.83931603875e-05,-24278.9055994,Nes200_dDFE.Exponential_div10
194,194,427.366713563,2.03849717522e-05,-24254.5252641,Nes200_dDFE.Exponential_div10
195,195,373.383555803,2.34077540879e-05,-24274.0374107,Nes200_dDFE.Exponential_div10
196,196,336.653590302,2.61555974448e-05,-24217.2032304,Nes200_dDFE.Exponential_div10
197,197,362.710659702,2.30297157962e-05,-24312.2118311,Nes200_dDFE.Exponential_div10
198,198,381.244352583,2.28062991812e-05,-24285.3711457,Nes200_dDFE.Exponential_div10
199,199,412.496261845,1.9560193213e-05,-24264.7932496,Nes200_dDFE.Exponential_div10
200,200,316.940915644,2.83156218183e-05,-24253.1488205,Nes200_dDFE.Exponential_div10
201,201,328.612576996,2.90581702223e-05,-24228.6674297,Nes200_dDFE.Exponential_div10
202,202,416.331332801,2.03567017521e-05,-24249.2821603,Nes200_dDFE.Exponential_div10
203,203,338.10803935,2.44721045587e-05,-24222.5582682,Nes200_dDFE.Exponential_div10
204,204,418.445441827,2.12355159303e-05,-24207.9710854,Nes200_dDFE.Exponential_div10
205,205,373.279657695,2.14335631071e-05,-24266.3243305,Nes200_dDFE.Exponential_div10
206,206,336.434086613,2.50949392377e-05,-24212.1218252,Nes200_dDFE.Exponential_div10
207,207,409.485851746,1.83828772e-05,-24258.0645179,Nes200_dDFE.Exponential_div10
208,208,348.585188138,2.68088001346e-05,-24246.0331516,Nes200_dDFE.Exponential_div10
209,209,344.42644605,2.81283554186e-05,-24280.1092255,Nes200_dDFE.Exponential_div10
210,210,370.078674786,2.37686029144e-05,-24276.2876856,Nes200_dDFE.Exponential_div10
211,211,386.338526279,2.17280718278e-05,-24328.2818977,Nes200_dDFE.Exponential_div10
212,212,342.001971067,2.92588682971e-05,-24287.2709105,Nes200_dDFE.Exponential_div10
213,213,326.830001133,2.79777421457e-05,-24343.9183248,Nes200_dDFE.Exponential_div10
214,214,354.028175056,2.62895854673e-05,-24287.7495436,Nes200_dDFE.Exponential_div10
215,215,360.858776465,2.68721088641e-05,-24303.0818083,Nes200_dDFE.Exponential_div10
216,216,325.01664789,2.53975853568e-05,-24221.4581476,Nes200_dDFE.Exponential_div10
217,217,369.903553142,2.31879225352e-05,-24208.0654667,Nes200_dDFE.Exponential_div10
218,218,381.987478282,2.25686287927e-05,-24289.001496,Nes200_dDFE.Exponential_div10
219,219,364.625164579,2.18197022827e-05,-24273.7071481,Nes200_dDFE.Exponential_div10
220,220,310.839084619,2.91119722536e-05,-24348.3968836,Nes200_dDFE.Exponential_div10
221,221,412.648148538,2.00540903132e-05,-24231.3961624,Nes200_dDFE.Exponential_div10
222,222,334.245427401,2.71487280299e-05,-24260.2515671,Nes200_dDFE.Exponential_div10
223,223,388.978925638,1.87961323367e-05,-24199.5782775,Nes200_dDFE.Exponential_div10
224,224,445.543020756,1.63048827903e-05,-24234.9416408,Nes200_dDFE.Exponential_div10
225,225,388.816080592,2.08025356254e-05,-24273.8436507,Nes200_dDFE.Exponential_div10
226,226,350.02433911,2.55308696686e-05,-24236.3920138,Nes200_dDFE.Exponential_div10
227,227,417.020200424,1.77891995822e-05,-24223.95193,Nes200_dDFE.Exponential_div10
228,228,411.021071418,1.99972793959e-05,-24219.0851752,Nes200_dDFE.Exponential_div10
229,229,391.867437151,1.87412140909e-05,-24287.8375586,Nes200_dDFE.Exponential_div10
230,230,403.221514803,1.96569784349e-05,-24259.2728943,Nes200_dDFE.Exponential_div10
231,231,411.440790915,2.14450226548e-05,-24289.9600406,Nes200_dDFE.Exponential_div10
232,232,351.325342211,2.5854546202e-05,-24311.6408654,Nes200_dDFE.Exponential_div10
233,233,388.530040742,2.05009069611e-05,-24276.119002,Nes200_dDFE.Exponential_div10
234,234,361.685658585,2.19239634295e-05,-24267.9890595,Nes200_dDFE.Exponential_div10
235,235,365.790439637,2.25091597253e-05,-24303.6067749,Nes200_dDFE.Exponential_div10
236,236,370.061567789,2.39944712372e-05,-24252.4817014,Nes200_dDFE.Exponential_div10
237,237,335.390603041,2.63922940265e-05,-24221.54958,Nes200_dDFE.Exponential_div10
238,238,421.112664214,2.12543519718e-05,-24259.8362401,Nes200_dDFE.Exponential_div10
239,239,376.008070892,2.32188988749e-05,-24308.7134446,Nes200_dDFE.Exponential_div10
240,240,387.769229421,2.12576128494e-05,-24243.3533234,Nes200_dDFE.Exponential_div10
241,241,398.301163158,2.24844932895e-05,-24230.178191,Nes200_dDFE.Exponential_div10
242,242,375.184724476,2.49023673967e-05,-24247.1553885,Nes200_dDFE.Exponential_div10
243,243,404.71039904,2.05992998645e-05,-24251.7054744,Nes200_dDFE.Exponential_div10
244,244,404.163583023,2.16927934265e-05,-24307.9388322,Nes200_dDFE.Exponential_div10
245,245,382.355570567,2.41830809976e-05,-24246.736333,Nes200_dDFE.Exponential_div10
246,246,345.563906006,2.50506090845e-05,-24230.6595224,Nes200_dDFE.Exponential_div10
247,247,369.503618289,2.2706628001e-05,-24317.2823287,Nes200_dDFE.Exponential_div10
248,248,379.208121952,2.12144747625e-05,-24268.4181111,Nes200_dDFE.Exponential_div10
249,249,391.66294545,2.36820714658e-05,-24298.5663021,Nes200_dDFE.Exponential_div10
250,250,344.901065816,2.76912326772e-05,-24288.1189213,Nes200_dDFE.Exponential_div10
251,251,349.288088779,2.13789215237e-05,-24279.2393254,Nes200_dDFE.Exponential_div10
252,252,345.256385877,2.41367392146e-05,-24282.631996,Nes200_dDFE.Exponential_div10
253,253,388.780280218,1.89395776548e-05,-24271.5535506,Nes200_dDFE.Exponential_div10
254,254,361.749741827,2.53784775631e-05,-24310.9610492,Nes200_dDFE.Exponential_div10
255,255,386.483161315,1.79131039356e-05,-24174.6992834,Nes200_dDFE.Exponential_div10
256,256,340.09026904,2.70021864853e-05,-24265.6549461,Nes200_dDFE.Exponential_div10
257,257,346.114849644,2.41033720715e-05,-24265.5144881,Nes200_dDFE.Exponential_div10
258,258,332.658925751,2.30166751872e-05,-24247.9692199,Nes200_dDFE.Exponential_div10
259,259,361.672287539,2.51058195598e-05,-24296.7689266,Nes200_dDFE.Exponential_div10
260,260,346.601325867,2.66251008695e-05,-24284.4565078,Nes200_dDFE.Exponential_div10
261,261,323.32835849,2.79378912863e-05,-24206.4407236,Nes200_dDFE.Exponential_div10
262,262,331.329106496,2.49019125015e-05,-24322.2582025,Nes200_dDFE.Exponential_div10
263,263,380.212052926,2.41279550712e-05,-24278.1268464,Nes200_dDFE.Exponential_div10
264,264,419.117268983,2.01190740701e-05,-24330.5996158,Nes200_dDFE.Exponential_div10
265,265,379.038936442,2.36209432622e-05,-24289.767279,Nes200_dDFE.Exponential_div10
266,266,352.696892273,2.29911971105e-05,-24274.1581958,Nes200_dDFE.Exponential_div10
267,267,372.552107703,2.23424918829e-05,-24262.568149,Nes200_dDFE.Exponential_div10
268,268,367.157728342,2.2645052952e-05,-24206.1317428,Nes200_dDFE.Exponential_div10
269,269,356.926576483,2.50574163024e-05,-24257.4320586,Nes200_dDFE.Exponential_div10
270,270,363.310856462,2.11151126087e-05,-24254.6824201,Nes200_dDFE.Exponential_div10
271,271,388.041076688,2.45601526132e-05,-24214.6190298,Nes200_dDFE.Exponential_div10
272,272,388.739442927,2.10518866146e-05,-24290.7370546,Nes200_dDFE.Exponential_div10
273,273,337.867191497,2.64066153097e-05,-24316.823411,Nes200_dDFE.Exponential_div10
274,274,370.846394089,2.12798411979e-05,-24264.5479047,Nes200_dDFE.Exponential_div10
275,275,405.675701009,1.81801229886e-05,-24265.29853,Nes200_dDFE.Exponential_div10
276,276,312.787007531,2.80868944161e-05,-24256.1593205,Nes200_dDFE.Exponential_div10
277,277,384.972853233,2.26284880874e-05,-24295.3038613,Nes200_dDFE.Exponential_div10
278,278,461.835591233,1.85512240142e-05,-24173.7957639,Nes200_dDFE.Exponential_div10
279,279,413.284702384,2.08186241729e-05,-24240.0713752,Nes200_dDFE.Exponential_div10
280,280,329.742425304,2.72729550228e-05,-24296.0667876,Nes200_dDFE.Exponential_div10
281,281,351.200245924,2.2939384104e-05,-24270.4505016,Nes200_dDFE.Exponential_div10
282,282,378.986742122,2.35065408614e-05,-24297.4525144,Nes200_dDFE.Exponential_div10
283,283,385.530956442,2.07286270419e-05,-24284.5053409,Nes200_dDFE.Exponential_div10
284,284,320.419067919,2.56032671759e-05,-24262.5071207,Nes200_dDFE.Exponential_div10
285,285,339.413075143,2.82614575053e-05,-24307.5227847,Nes200_dDFE.Exponential_div10
286,286,352.863325965,2.33504096122e-05,-24296.8468085,Nes200_dDFE.Exponential_div10
287,287,400.032047577,1.83092852239e-05,-24191.2518571,Nes200_dDFE.Exponential_div10
288,288,400.469966056,2.14853472025e-05,-24259.1722632,Nes200_dDFE.Exponential_div10
289,289,391.178076119,2.08567999063e-05,-24206.8672275,Nes200_dDFE.Exponential_div10
290,290,327.505789488,2.79300851302e-05,-24274.4168407,Nes200_dDFE.Exponential_div10
291,291,400.512433749,1.71986438132e-05,-24200.7425802,Nes200_dDFE.Exponential_div10
292,292,365.685542717,2.29665947459e-05,-24295.3665535,Nes200_dDFE.Exponential_div10
293,293,354.707998705,2.29186963537e-05,-24260.5052169,Nes200_dDFE.Exponential_div10
294,294,402.221828902,2.10617174914e-05,-24263.6060879,Nes200_dDFE.Exponential_div10
295,295,414.567980917,1.88648993524e-05,-24289.8521199,Nes200_dDFE.Exponential_div10
296,296,347.327494387,2.46747980316e-05,-24296.0237783,Nes200_dDFE.Exponential_div10
297,297,379.265819903,2.3668869635e-05,-24347.55151,Nes200_dDFE.Exponential_div10
298,298,446.565687002,1.80993148208e-05,-24270.2386962,Nes200_dDFE.Exponential_div10
299,299,412.445623081,2.54313754375e-05,-24326.2817019,Nes200_dDFE.Exponential_div10
300,300,369.544111711,2.12774160301e-05,-24292.6196584,Nes200_dDFE.Exponential_div10
301,301,304.898130012,2.74486949846e-05,-24201.458823,Nes200_dDFE.Exponential_div10
302,302,389.585004666,1.9822886712e-05,-24155.5103001,Nes200_dDFE.Exponential_div10
303,303,293.729950607,3.16297524259e-05,-24238.9021404,Nes200_dDFE.Exponential_div10
304,304,399.674270238,2.17388609471e-05,-24253.0693884,Nes200_dDFE.Exponential_div10
305,305,319.831225444,2.94789089063e-05,-24276.2136546,Nes200_dDFE.Exponential_div10
306,306,367.71710225,2.20773338069e-05,-24237.3764699,Nes200_dDFE.Exponential_div10
307,307,411.575990638,2.09990706462e-05,-24219.3523856,Nes200_dDFE.Exponential_div10
308,308,355.866564013,2.33662602099e-05,-24250.8610143,Nes200_dDFE.Exponential_div10
309,309,347.354896892,2.91620136281e-05,-24220.468635,Nes200_dDFE.Exponential_div10
310,310,373.237964995,2.58316804115e-05,-24251.931653,Nes200_dDFE.Exponential_div10
311,311,342.302381372,2.54241346621e-05,-24385.6352643,Nes200_dDFE.Exponential_div10
312,312,300.827612439,2.96508243687e-05,-24204.2524764,Nes200_dDFE.Exponential_div10
313,313,300.425068461,3.15373243063e-05,-24274.0644389,Nes200_dDFE.Exponential_div10
314,314,413.128705694,2.02266086192e-05,-24266.8357223,Nes200_dDFE.Exponential_div10
315,315,395.698531287,2.12236378851e-05,-24342.1253607,Nes200_dDFE.Exponential_div10
316,316,398.283441614,2.40143782881e-05,-24186.9816576,Nes200_dDFE.Exponential_div10
317,317,353.568388792,2.39551750764e-05,-24304.779079,Nes200_dDFE.Exponential_div10
318,318,308.266614192,3.15663548214e-05,-24258.4074921,Nes200_dDFE.Exponential_div10
319,319,376.75852439,2.35356660085e-05,-24308.6305876,Nes200_dDFE.Exponential_div10
320,320,364.005370753,2.14981156882e-05,-24256.102158,Nes200_dDFE.Exponential_div10
321,321,342.253344009,2.54010396495e-05,-24179.1073857,Nes200_dDFE.Exponential_div10
322,322,451.513587571,1.61093296435e-05,-24197.1789923,Nes200_dDFE.Exponential_div10
323,323,363.315985595,2.62963817128e-05,-24290.2984012,Nes200_dDFE.Exponential_div10
324,324,392.671530157,2.09833872408e-05,-24341.7884221,Nes200_dDFE.Exponential_div10
325,325,380.315529324,2.3568830769e-05,-24192.8141498,Nes200_dDFE.Exponential_div10
326,326,334.320533235,2.43621948198e-05,-24241.4883775,Nes200_dDFE.Exponential_div10
327,327,397.179886615,2.04240676827e-05,-24256.8599095,Nes200_dDFE.Exponential_div10
328,328,411.539816425,2.02093030699e-05,-24198.882812,Nes200_dDFE.Exponential_div10
329,329,433.34350406,1.79102766534e-05,-24265.457145,Nes200_dDFE.Exponential_div10
330,330,317.455202765,2.79095072228e-05,-24216.7392075,Nes200_dDFE.Exponential_div10
331,331,349.504595626,2.12081797586e-05,-24233.4336029,Nes200_dDFE.Exponential_div10
332,332,386.086056214,2.27014634696e-05,-24247.3222295,Nes200_dDFE.Exponential_div10
333,333,351.400732499,2.75645637467e-05,-24194.9166976,Nes200_dDFE.Exponential_div10
334,334,351.620361774,2.46033275816e-05,-24300.3427711,Nes200_dDFE.Exponential_div10
335,335,356.875726908,2.4827367346e-05,-24278.140637,Nes200_dDFE.Exponential_div10
336,336,409.19482238,1.97799070705e-05,-24266.8036009,Nes200_dDFE.Exponential_div10
337,337,399.209583854,2.09657780204e-05,-24321.6063954,Nes200_dDFE.Exponential_div10
338,338,317.236783803,2.27968700861e-05,-24289.9712818,Nes200_dDFE.Exponential_div10
339,339,393.733141422,2.38291263956e-05,-24324.7383281,Nes200_dDFE.Exponential_div10
340,340,396.034767127,2.00116324884e-05,-24278.5567145,Nes200_dDFE.Exponential_div10
341,341,349.474979794,2.45426844579e-05,-24304.5736066,Nes200_dDFE.Exponential_div10
342,342,351.016390097,2.25660600394e-05,-24249.859652,Nes200_dDFE.Exponential_div10
343,343,388.226313998,2.57392220404e-05,-24306.4217796,Nes200_dDFE.Exponential_div10
344,344,396.039237284,1.98922857477e-05,-24292.0734386,Nes200_dDFE.Exponential_div10
345,345,446.567242092,1.83334664775e-05,-24194.8427678,Nes200_dDFE.Exponential_div10
346,346,388.734720854,2.21120969336e-05,-24271.3514262,Nes200_dDFE.Exponential_div10
347,347,394.502407955,2.12752032767e-05,-24317.786111,Nes200_dDFE.Exponential_div10
348,348,429.374673342,2.03842236168e-05,-24332.6667372,Nes200_dDFE.Exponential_div10
349,349,343.261618746,2.6722347348e-05,-24300.7688479,Nes200_dDFE.Exponential_div10
350,350,289.130606304,3.17271616816e-05,-24177.9182284,Nes200_dDFE.Exponential_div10
351,351,317.141534065,2.7748221633e-05,-24291.6152781,Nes200_dDFE.Exponential_div10
352,352,395.418727672,2.063634071e-05,-24274.2671894,Nes200_dDFE.Exponential_div10
353,353,361.640667078,2.40242696998e-05,-24242.3767095,Nes200_dDFE.Exponential_div10
354,354,403.541003895,2.14621222833e-05,-24204.6758944,Nes200_dDFE.Exponential_div10
355,355,411.182024156,2.29317213925e-05,-24337.614995,Nes200_dDFE.Exponential_div10
356,356,337.945008988,2.59435030838e-05,-24290.5274955,Nes200_dDFE.Exponential_div10
357,357,378.410918382,2.3487219756e-05,-24202.1456334,Nes200_dDFE.Exponential_div10
358,358,391.688470632,2.17303646682e-05,-24196.9475092,Nes200_dDFE.Exponential_div10
359,359,364.776751861,2.26058198371e-05,-24197.2621352,Nes200_dDFE.Exponential_div10
360,360,387.50842255,1.94829494009e-05,-24366.8876514,Nes200_dDFE.Exponential_div10
361,361,436.056718217,2.05145918064e-05,-24308.282305,Nes200_dDFE.Exponential_div10
362,362,333.439568375,2.70876650086e-05,-24327.5114642,Nes200_dDFE.Exponential_div10
363,363,355.976614891,2.19957345023e-05,-24252.1190034,Nes200_dDFE.Exponential_div10
364,364,307.303018949,2.9670655102e-05,-24220.8234229,Nes200_dDFE.Exponential_div10
365,365,355.901168201,2.92657719002e-05,-24283.2263864,Nes200_dDFE.Exponential_div10
366,366,387.060862858,2.00902624493e-05,-24246.4273107,Nes200_dDFE.Exponential_div10
367,367,320.41915775,3.12655288121e-05,-24285.5146622,Nes200_dDFE.Exponential_div10
368,368,325.806955241,2.48317696647e-05,-24278.7742999,Nes200_dDFE.Exponential_div10
369,369,369.921440035,2.33652270632e-05,-24327.8742478,Nes200_dDFE.Exponential_div10
370,370,444.448577571,1.83956764114e-05,-24186.7469359,Nes200_dDFE.Exponential_div10
371,371,430.417826793,1.81155557092e-05,-24192.5592377,Nes200_dDFE.Exponential_div10
372,372,443.671408859,2.04755207423e-05,-24356.7023384,Nes200_dDFE.Exponential_div10
373,373,474.668669657,1.86038841578e-05,-24227.9108541,Nes200_dDFE.Exponential_div10
374,374,410.028621888,1.86505637146e-05,-24202.4636831,Nes200_dDFE.Exponential_div10
375,375,357.424673238,2.37404506665e-05,-24288.9336613,Nes200_dDFE.Exponential_div10
376,376,361.821105624,1.85504118344e-05,-24171.3832009,Nes200_dDFE.Exponential_div10
377,377,403.547503051,1.95895894276e-05,-24229.6000649,Nes200_dDFE.Exponential_div10
378,378,384.892577594,2.43192104334e-05,-24296.0764162,Nes200_dDFE.Exponential_div10
379,379,345.235255716,2.7177145827e-05,-24223.9730304,Nes200_dDFE.Exponential_div10
380,380,393.761396701,2.02612898032e-05,-24278.2311889,Nes200_dDFE.Exponential_div10
381,381,380.404664133,2.19282657487e-05,-24281.2229266,Nes200_dDFE.Exponential_div10
382,382,386.213889439,2.12921019082e-05,-24273.5551183,Nes200_dDFE.Exponential_div10
383,383,317.776325495,2.60298584397e-05,-24140.5835308,Nes200_dDFE.Exponential_div10
384,384,422.416428826,1.97679854428e-05,-24192.1145446,Nes200_dDFE.Exponential_div10
385,385,366.656539248,2.12521594436e-05,-24262.2095175,Nes200_dDFE.Exponential_div10
386,386,406.054295789,2.14209390461e-05,-24239.8242712,Nes200_dDFE.Exponential_div10
387,387,357.620255147,2.49371554672e-05,-24192.1558655,Nes200_dDFE.Exponential_div10
388,388,411.316322758,1.81637006227e-05,-24235.7807847,Nes200_dDFE.Exponential_div10
389,389,343.52070357,2.70749302202e-05,-24286.3525046,Nes200_dDFE.Exponential_div10
390,390,354.639318931,2.52060269985e-05,-24259.5358204,Nes200_dDFE.Exponential_div10
391,391,416.686879174,2.19874331351e-05,-24280.3231501,Nes200_dDFE.Exponential_div10
392,392,360.674062309,2.28463632139e-05,-24226.5392391,Nes200_dDFE.Exponential_div10
393,393,414.055423465,2.12430022802e-05,-24221.2992001,Nes200_dDFE.Exponential_div10
394,394,340.568194753,2.36924089909e-05,-24193.281413,Nes200_dDFE.Exponential_div10
395,395,369.512392981,2.21712549495e-05,-24243.8856648,Nes200_dDFE.Exponential_div10
396,396,368.25981259,2.18617307884e-05,-24298.1285724,Nes200_dDFE.Exponential_div10
397,397,394.264900914,2.20366570689e-05,-24275.0804354,Nes200_dDFE.Exponential_div10
398,398,362.938056843,2.18655650656e-05,-24315.2426837,Nes200_dDFE.Exponential_div10
399,399,362.573898098,2.2712788694e-05,-24290.2288199,Nes200_dDFE.Exponential_div10
400,400,349.540103566,2.39917102716e-05,-24226.7258087,Nes200_dDFE.Exponential_div10
401,401,393.326652445,2.23839659249e-05,-24267.3170114,Nes200_dDFE.Exponential_div10
402,402,341.997324585,2.28678412321e-05,-24230.9336063,Nes200_dDFE.Exponential_div10
403,403,334.218095111,2.58151640896e-05,-24283.9577161,Nes200_dDFE.Exponential_div10
404,404,383.18035045,2.42182229886e-05,-24260.7264319,Nes200_dDFE.Exponential_div10
405,405,367.704521267,2.41150937085e-05,-24259.1981537,Nes200_dDFE.Exponential_div10
406,406,372.901389206,2.28891173356e-05,-24245.5949392,Nes200_dDFE.Exponential_div10
407,407,409.323624198,1.98973247355e-05,-24344.5040538,Nes200_dDFE.Exponential_div10
408,408,398.275609659,1.83571247993e-05,-24229.4959366,Nes200_dDFE.Exponential_div10
409,409,465.05403416,1.57544591315e-05,-24258.0978208,Nes200_dDFE.Exponential_div10
410,410,371.422594598,2.12088588892e-05,-24276.5406946,Nes200_dDFE.Exponential_div10
411,411,375.220432729,2.5394420773e-05,-24310.5088907,Nes200_dDFE.Exponential_div10
412,412,349.647698052,2.4928828933e-05,-24291.7758183,Nes200_dDFE.Exponential_div10
413,413,366.230251942,2.08981350243e-05,-24278.5350882,Nes200_dDFE.Exponential_div10
414,414,399.579220288,1.99587670502e-05,-24161.423961,Nes200_dDFE.Exponential_div10
415,415,412.113014486,1.87828655319e-05,-24268.5926256,Nes200_dDFE.Exponential_div10
416,416,402.463745553,1.95853387762e-05,-24223.907428,Nes200_dDFE.Exponential_div10
417,417,403.991001434,2.02358130327e-05,-24279.7679612,Nes200_dDFE.Exponential_div10
418,418,309.169643095,3.05572441498e-05,-24240.5770882,Nes200_dDFE.Exponential_div10
419,419,363.658957599,2.21626991392e-05,-24321.241617,Nes200_dDFE.Exponential_div10
420,420,344.713146456,2.63401568856e-05,-24229.4057203,Nes200_dDFE.Exponential_div10
421,421,313.805799425,2.88477886576e-05,-24240.706464,Nes200_dDFE.Exponential_div10
422,422,403.67208936,2.19471779132e-05,-24306.201157,Nes200_dDFE.Exponential_div10
423,423,400.251559359,1.97156243283e-05,-24270.1547462,Nes200_dDFE.Exponential_div10
424,424,349.576127958,2.82522752169e-05,-24275.2583033,Nes200_dDFE.Exponential_div10
425,425,363.256703578,2.23350186562e-05,-24221.663189,Nes200_dDFE.Exponential_div10
426,426,372.77525062,2.2877723139e-05,-24202.5126849,Nes200_dDFE.Exponential_div10
427,427,350.316380103,2.57446420303e-05,-24227.8285032,Nes200_dDFE.Exponential_div10
428,428,408.574111488,1.86498895529e-05,-24243.4158536,Nes200_dDFE.Exponential_div10
429,429,323.184182478,2.8775686951e-05,-24242.6791515,Nes200_dDFE.Exponential_div10
430,430,419.808459099,1.93493640552e-05,-24266.639625,Nes200_dDFE.Exponential_div10
431,431,320.001192637,2.76799689927e-05,-24222.0699387,Nes200_dDFE.Exponential_div10
432,432,398.485557188,2.11728041612e-05,-24319.8125784,Nes200_dDFE.Exponential_div10
433,433,318.418159438,3.07047345554e-05,-24277.8358409,Nes200_dDFE.Exponential_div10
434,434,401.319610145,1.54205760438e-05,-24193.7493305,Nes200_dDFE.Exponential_div10
435,435,414.916426191,1.90531163892e-05,-24254.1504794,Nes200_dDFE.Exponential_div10
436,436,371.391072502,2.28616568941e-05,-24131.8798586,Nes200_dDFE.Exponential_div10
437,437,375.282534583,2.31684904067e-05,-24326.914312,Nes200_dDFE.Exponential_div10
438,438,323.484438987,2.67405774229e-05,-24325.6983611,Nes200_dDFE.Exponential_div10
439,439,374.370344903,2.19118192474e-05,-24299.885215,Nes200_dDFE.Exponential_div10
440,440,413.441685268,1.64983322372e-05,-24243.9661568,Nes200_dDFE.Exponential_div10
441,441,352.366533302,2.54058129975e-05,-24264.9324775,Nes200_dDFE.Exponential_div10
442,442,383.521220945,2.14573312729e-05,-24228.3804565,Nes200_dDFE.Exponential_div10
443,443,402.795006123,1.77598886046e-05,-24229.0203498,Nes200_dDFE.Exponential_div10
444,444,332.090985548,2.46394468809e-05,-24234.6009787,Nes200_dDFE.Exponential_div10
445,445,359.794774864,2.2986836576e-05,-24230.7484155,Nes200_dDFE.Exponential_div10
446,446,400.715056336,2.08978567574e-05,-24178.5133117,Nes200_dDFE.Exponential_div10
447,447,383.25053232,2.50108007986e-05,-24267.5172161,Nes200_dDFE.Exponential_div10
448,448,1.01680181325,0.00840735074468,-24333.3660139,Nes200_dDFE.Exponential_div10
449,449,359.456296588,2.71541806064e-05,-24193.823542,Nes200_dDFE.Exponential_div10
450,450,386.327884589,1.94882616898e-05,-24214.7586826,Nes200_dDFE.Exponential_div10
451,451,326.174299146,2.90485973111e-05,-24271.5633609,Nes200_dDFE.Exponential_div10
452,452,347.604591478,2.39046379074e-05,-24248.9234284,Nes200_dDFE.Exponential_div10
453,453,386.026240657,2.31113301787e-05,-24284.0470585,Nes200_dDFE.Exponential_div10
454,454,379.814553579,1.73256453203e-05,-24255.8255331,Nes200_dDFE.Exponential_div10
455,455,325.398864097,2.98826702755e-05,-24310.2960716,Nes200_dDFE.Exponential_div10
456,456,362.564158453,2.29448251314e-05,-24225.1215763,Nes200_dDFE.Exponential_div10
457,457,356.63109242,2.41403043085e-05,-24238.8384273,Nes200_dDFE.Exponential_div10
458,458,452.395351418,1.58171035939e-05,-24233.8544309,Nes200_dDFE.Exponential_div10
459,459,375.928571962,2.06435751854e-05,-24291.2759782,Nes200_dDFE.Exponential_div10
460,460,380.751074325,2.53833628195e-05,-24247.8624789,Nes200_dDFE.Exponential_div10
461,461,360.022298094,2.35380830994e-05,-24217.1469722,Nes200_dDFE.Exponential_div10
462,462,426.559086027,1.77749018394e-05,-24275.4142203,Nes200_dDFE.Exponential_div10
463,463,406.73073396,2.02204973593e-05,-24255.5928465,Nes200_dDFE.Exponential_div10
464,464,373.557319009,2.13720027115e-05,-24313.7311015,Nes200_dDFE.Exponential_div10
465,465,393.520584137,1.92517279272e-05,-24302.0434039,Nes200_dDFE.Exponential_div10
466,466,357.733525534,2.64995864003e-05,-24257.0693989,Nes200_dDFE.Exponential_div10
467,467,391.650691474,2.1454134553e-05,-24298.6503628,Nes200_dDFE.Exponential_div10
468,468,435.407104574,1.96150405635e-05,-24235.2484288,Nes200_dDFE.Exponential_div10
469,469,389.547444788,2.36331129347e-05,-24319.4789387,Nes200_dDFE.Exponential_div10
470,470,410.667325352,2.22621220338e-05,-24281.4329184,Nes200_dDFE.Exponential_div10
471,471,331.731032668,2.31815558898e-05,-24256.7138733,Nes200_dDFE.Exponential_div10
472,472,351.754592217,2.56792749188e-05,-24303.0046509,Nes200_dDFE.Exponential_div10
473,473,396.114935823,2.14878965108e-05,-24262.6814732,Nes200_dDFE.Exponential_div10
474,474,405.570194459,1.86042415441e-05,-24250.9568742,Nes200_dDFE.Exponential_div10
475,475,310.529677278,3.05273988341e-05,-24178.5733235,Nes200_dDFE.Exponential_div10
476,476,383.082165648,2.40848842405e-05,-24279.7055707,Nes200_dDFE.Exponential_div10
477,477,387.892138132,2.19288013529e-05,-24264.9076399,Nes200_dDFE.Exponential_div10
478,478,312.421274075,2.46836505803e-05,-24335.7612752,Nes200_dDFE.Exponential_div10
479,479,374.43636506,2.23283040737e-05,-24274.495157,Nes200_dDFE.Exponential_div10
480,480,357.738114007,2.34043993918e-05,-24238.8467693,Nes200_dDFE.Exponential_div10
481,481,358.929796409,2.23847087346e-05,-24250.6474379,Nes200_dDFE.Exponential_div10
482,482,379.261908051,2.02306487502e-05,-24259.2885656,Nes200_dDFE.Exponential_div10
483,483,381.030281373,2.06682481911e-05,-24259.6357373,Nes200_dDFE.Exponential_div10
484,484,398.341140552,2.08826191073e-05,-24332.6105167,Nes200_dDFE.Exponential_div10
485,485,393.101823708,2.12571958926e-05,-24271.1478749,Nes200_dDFE.Exponential_div10
486,486,387.719824589,2.24828924953e-05,-24320.6155603,Nes200_dDFE.Exponential_div10
487,487,360.125191564,2.37719547793e-05,-24222.3773601,Nes200_dDFE.Exponential_div10
488,488,423.555807796,1.78631483699e-05,-24165.9603137,Nes200_dDFE.Exponential_div10
489,489,416.68656939,1.87885211763e-05,-24249.3140341,Nes200_dDFE.Exponential_div10
490,490,355.199600734,2.38742484919e-05,-24231.9037383,Nes200_dDFE.Exponential_div10
491,491,409.725925606,1.8410877066e-05,-24238.4277074,Nes200_dDFE.Exponential_div10
492,492,336.768459964,2.51008592514e-05,-24226.733042,Nes200_dDFE.Exponential_div10
493,493,283.780588754,2.88055803507e-05,-24159.9511807,Nes200_dDFE.Exponential_div10
494,494,407.758255105,1.90561023045e-05,-24229.5754488,Nes200_dDFE.Exponential_div10
495,495,442.826480719,1.75687445216e-05,-24314.5537126,Nes200_dDFE.Exponential_div10
496,496,364.717535833,2.35278548312e-05,-24297.0134377,Nes200_dDFE.Exponential_div10
497,497,362.704010277,2.34740929947e-05,-24232.0210969,Nes200_dDFE.Exponential_div10
498,498,472.374496513,1.84556432981e-05,-24234.0614217,Nes200_dDFE.Exponential_div10
499,499,450.930444095,1.54138596558e-05,-24226.2810447,Nes200_dDFE.Exponential_div10
500,500,412.801795744,1.86513578563e-05,-24255.0344832,Nes200_dDFE.Exponential_div10
501,501,396.239223992,2.16692627217e-05,-24305.3236315,Nes200_dDFE.Exponential_div10
502,502,346.368540554,2.20946241292e-05,-24180.7084442,Nes200_dDFE.Exponential_div10
503,503,359.716833349,2.13752226231e-05,-24241.7506186,Nes200_dDFE.Exponential_div10
504,504,365.057780806,2.2341267838e-05,-24269.9721629,Nes200_dDFE.Exponential_div10
505,505,434.485630879,1.92779252102e-05,-24280.8520768,Nes200_dDFE.Exponential_div10
506,506,465.195224781,1.91351588011e-05,-24263.0294785,Nes200_dDFE.Exponential_div10
507,507,290.40998118,3.22646973664e-05,-24292.4452772,Nes200_dDFE.Exponential_div10
508,508,377.514533394,2.48894786284e-05,-24150.3568877,Nes200_dDFE.Exponential_div10
509,509,345.402205305,2.5082276465e-05,-24209.2214503,Nes200_dDFE.Exponential_div10
510,510,383.499687301,2.08707310817e-05,-24261.4037382,Nes200_dDFE.Exponential_div10
511,511,421.283954022,1.70341131454e-05,-24311.629257,Nes200_dDFE.Exponential_div10
512,512,368.536431609,2.65075176425e-05,-24262.0802759,Nes200_dDFE.Exponential_div10
513,513,329.509301316,2.27130151963e-05,-24173.9645938,Nes200_dDFE.Exponential_div10
514,514,347.385655298,2.45308997355e-05,-24310.1972175,Nes200_dDFE.Exponential_div10
515,515,351.911085234,2.71663473141e-05,-24294.3530111,Nes200_dDFE.Exponential_div10
516,516,375.419178462,2.30668652769e-05,-24238.486021,Nes200_dDFE.Exponential_div10
517,517,316.321061346,2.93532927605e-05,-24209.2136771,Nes200_dDFE.Exponential_div10
518,518,354.662186846,2.46704412597e-05,-24259.8084865,Nes200_dDFE.Exponential_div10
519,519,404.127870552,2.01223750066e-05,-24329.2069632,Nes200_dDFE.Exponential_div10
520,520,342.52396134,2.46269063555e-05,-24183.9235763,Nes200_dDFE.Exponential_div10
521,521,419.861882899,2.20557686289e-05,-24262.001175,Nes200_dDFE.Exponential_div10
522,522,386.163646106,1.89591740963e-05,-24260.6343504,Nes200_dDFE.Exponential_div10
523,523,340.156670283,2.6881375515e-05,-24347.2467539,Nes200_dDFE.Exponential_div10
524,524,388.949101538,2.11593326229e-05,-24228.1445196,Nes200_dDFE.Exponential_div10
525,525,333.259355807,2.59337767587e-05,-24256.0241451,Nes200_dDFE.Exponential_div10
526,526,349.634208334,2.57803823551e-05,-24238.9689155,Nes200_dDFE.Exponential_div10
527,527,381.565200154,2.1075549866e-05,-24314.7159002,Nes200_dDFE.Exponential_div10
528,528,389.652247139,2.1701397379e-05,-24340.5588987,Nes200_dDFE.Exponential_div10
529,529,386.597899214,2.28191012124e-05,-24309.3378822,Nes200_dDFE.Exponential_div10
530,530,417.041248098,2.0163732237e-05,-24302.010376,Nes200_dDFE.Exponential_div10
531,531,339.794641761,2.89486067715e-05,-24285.1213731,Nes200_dDFE.Exponential_div10
532,532,402.080918654,2.11144392975e-05,-24309.9439346,Nes200_dDFE.Exponential_div10
533,533,381.942780633,2.14135502564e-05,-24309.8293971,Nes200_dDFE.Exponential_div10
534,534,380.411935776,2.07940825234e-05,-24320.1902807,Nes200_dDFE.Exponential_div10
535,535,336.077204151,2.52142336497e-05,-24328.1458249,Nes200_dDFE.Exponential_div10
536,536,359.772468572,2.47386662024e-05,-24283.4002717,Nes200_dDFE.Exponential_div10
537,537,359.416028499,2.121110386e-05,-24265.51227,Nes200_dDFE.Exponential_div10
538,538,335.36492903,2.69437849412e-05,-24266.1807788,Nes200_dDFE.Exponential_div10
539,539,345.811556098,2.4475721924e-05,-24273.6511648,Nes200_dDFE.Exponential_div10
540,540,419.268888836,1.97604943983e-05,-24290.5062271,Nes200_dDFE.Exponential_div10
541,541,397.752529825,2.23488232606e-05,-24300.5589145,Nes200_dDFE.Exponential_div10
542,542,360.874032207,2.68777098327e-05,-24300.447181,Nes200_dDFE.Exponential_div10
543,543,410.881981224,2.03530625324e-05,-24274.110845,Nes200_dDFE.Exponential_div10
544,544,395.783328382,2.11319098271e-05,-24277.5945515,Nes200_dDFE.Exponential_div10
545,545,420.344363518,2.33073320217e-05,-24254.8013632,Nes200_dDFE.Exponential_div10
546,546,420.702514141,1.78619582376e-05,-24252.1489096,Nes200_dDFE.Exponential_div10
547,547,367.866859446,2.42832257153e-05,-24253.7857026,Nes200_dDFE.Exponential_div10
548,548,421.823798088,2.29532145947e-05,-24176.6951379,Nes200_dDFE.Exponential_div10
549,549,377.717518451,2.16815547058e-05,-24277.350144,Nes200_dDFE.Exponential_div10
550,550,339.380300577,2.52908793992e-05,-24195.0945662,Nes200_dDFE.Exponential_div10
551,551,383.152627867,2.04166420096e-05,-24223.4681617,Nes200_dDFE.Exponential_div10
552,552,383.757196996,2.2289518088e-05,-24194.8035965,Nes200_dDFE.Exponential_div10
553,553,391.376347945,2.13338619623e-05,-24179.627125,Nes200_dDFE.Exponential_div10
554,554,421.479396312,1.9205197588e-05,-24271.3969987,Nes200_dDFE.Exponential_div10
555,555,396.617413754,2.34641164865e-05,-24300.0415355,Nes200_dDFE.Exponential_div10
556,556,361.762173462,2.43540681513e-05,-24240.8398749,Nes200_dDFE.Exponential_div10
557,557,324.39157058,2.69873059422e-05,-24321.9761242,Nes200_dDFE.Exponential_div10
558,558,400.560880954,2.07718543396e-05,-24302.1297127,Nes200_dDFE.Exponential_div10
559,559,395.833987718,2.2823249701e-05,-24234.1917687,Nes200_dDFE.Exponential_div10
560,560,423.450216212,1.91779620777e-05,-24218.115753,Nes200_dDFE.Exponential_div10
561,561,356.895996762,2.24595848711e-05,-24318.7083681,Nes200_dDFE.Exponential_div10
562,562,330.102132328,2.41776446084e-05,-24309.5578626,Nes200_dDFE.Exponential_div10
563,563,408.798568471,2.31756759031e-05,-24291.4775045,Nes200_dDFE.Exponential_div10
564,564,363.485406606,2.32574116826e-05,-24225.8252688,Nes200_dDFE.Exponential_div10
565,565,367.183347606,2.22741446458e-05,-24271.2661487,Nes200_dDFE.Exponential_div10
566,566,368.54778251,2.05378133457e-05,-24251.5150143,Nes200_dDFE.Exponential_div10
567,567,443.44057395,1.81857951649e-05,-24255.4296441,Nes200_dDFE.Exponential_div10
568,568,335.671875893,2.93244757802e-05,-24254.2970906,Nes200_dDFE.Exponential_div10
569,569,331.521138522,2.59923383303e-05,-24327.1411968,Nes200_dDFE.Exponential_div10
570,570,339.778967989,2.50085321484e-05,-24230.3203927,Nes200_dDFE.Exponential_div10
571,571,380.203297932,2.72456543173e-05,-24289.8049578,Nes200_dDFE.Exponential_div10
572,572,360.647412865,2.40881853698e-05,-24228.6109053,Nes200_dDFE.Exponential_div10
573,573,407.746796503,2.050104703e-05,-24228.1211155,Nes200_dDFE.Exponential_div10
574,574,401.29108135,1.9832169882e-05,-24239.3611872,Nes200_dDFE.Exponential_div10
575,575,378.068466284,2.22954340881e-05,-24275.0613421,Nes200_dDFE.Exponential_div10
576,576,419.744089596,2.09712659447e-05,-24248.3071474,Nes200_dDFE.Exponential_div10
577,577,436.01061271,1.90831167808e-05,-24213.0632215,Nes200_dDFE.Exponential_div10
578,578,395.05152708,1.97332954424e-05,-24280.0064093,Nes200_dDFE.Exponential_div10
579,579,390.417412305,1.85038955446e-05,-24246.1090494,Nes200_dDFE.Exponential_div10
580,580,381.597426959,2.17863951278e-05,-24339.5720141,Nes200_dDFE.Exponential_div10
581,581,413.74814133,2.02197800912e-05,-24230.1876263,Nes200_dDFE.Exponential_div10
582,582,360.723800786,2.33477823842e-05,-24274.2317889,Nes200_dDFE.Exponential_div10
583,583,404.844747154,2.33769953645e-05,-24265.2266383,Nes200_dDFE.Exponential_div10
584,584,348.999611918,2.33723663125e-05,-24261.572489,Nes200_dDFE.Exponential_div10
585,585,387.86833754,2.28820555321e-05,-24317.6322406,Nes200_dDFE.Exponential_div10
586,586,355.527155579,2.30084989511e-05,-24299.8421834,Nes200_dDFE.Exponential_div10
587,587,422.594924335,1.92205529121e-05,-24252.670673,Nes200_dDFE.Exponential_div10
588,588,349.578425529,2.14145597239e-05,-24289.7274727,Nes200_dDFE.Exponential_div10
589,589,398.674443883,2.27084649511e-05,-24217.3540708,Nes200_dDFE.Exponential_div10
590,590,360.601728413,2.11567757342e-05,-24307.0240866,Nes200_dDFE.Exponential_div10
591,591,374.654792556,2.4989095204e-05,-24294.7350161,Nes200_dDFE.Exponential_div10
592,592,382.764721395,1.95530545281e-05,-24239.4356818,Nes200_dDFE.Exponential_div10
593,593,366.072634333,2.38365615099e-05,-24209.7345854,Nes200_dDFE.Exponential_div10
594,594,362.405576425,2.41940012038e-05,-24320.8790534,Nes200_dDFE.Exponential_div10
595,595,381.590299307,2.46569676215e-05,-24317.0403442,Nes200_dDFE.Exponential_div10
596,596,318.74471108,2.83172116447e-05,-24240.3273442,Nes200_dDFE.Exponential_div10
597,597,378.20630277,2.35272458433e-05,-24298.461776,Nes200_dDFE.Exponential_div10
598,598,337.114304922,2.66284581839e-05,-24320.0963889,Nes200_dDFE.Exponential_div10
599,599,379.932751307,2.30863640507e-05,-24343.3585781,Nes200_dDFE.Exponential_div10
600,600,335.091005038,2.70493216993e-05,-24257.0122874,Nes200_dDFE.Exponential_div10
601,601,328.861406124,2.70969009447e-05,-24272.3811973,Nes200_dDFE.Exponential_div10
602,602,412.965571828,1.96931348982e-05,-24316.2343228,Nes200_dDFE.Exponential_div10
603,603,392.183046027,2.17702969865e-05,-24248.8612695,Nes200_dDFE.Exponential_div10
604,604,384.925351275,1.94380647635e-05,-24238.1607041,Nes200_dDFE.Exponential_div10
605,605,367.788310002,2.52004138826e-05,-24210.4117807,Nes200_dDFE.Exponential_div10
606,606,375.377798487,2.17711498217e-05,-24302.8593577,Nes200_dDFE.Exponential_div10
607,607,371.031224852,2.46326776579e-05,-24263.3810206,Nes200_dDFE.Exponential_div10
608,608,362.725069167,2.04347377128e-05,-24312.144931,Nes200_dDFE.Exponential_div10
609,609,411.616790985,2.05733600885e-05,-24289.2463391,Nes200_dDFE.Exponential_div10
610,610,381.058102826,2.19341560371e-05,-24275.2428573,Nes200_dDFE.Exponential_div10
611,611,446.24480633,1.8100082444e-05,-24247.144086,Nes200_dDFE.Exponential_div10
612,612,366.4808997,2.48179218393e-05,-24321.8220568,Nes200_dDFE.Exponential_div10
613,613,410.578970058,2.13308145626e-05,-24346.8869685,Nes200_dDFE.Exponential_div10
614,614,326.940450334,2.40681678615e-05,-24270.4678722,Nes200_dDFE.Exponential_div10
615,615,380.229921239,2.22219847343e-05,-24242.9745129,Nes200_dDFE.Exponential_div10
616,616,299.22811125,3.02606864402e-05,-24282.0096595,Nes200_dDFE.Exponential_div10
617,617,338.464221797,2.51381796807e-05,-24218.5868183,Nes200_dDFE.Exponential_div10
618,618,401.262645732,2.33885804986e-05,-24241.2182088,Nes200_dDFE.Exponential_div10
619,619,436.636730883,2.28542439182e-05,-24212.3728548,Nes200_dDFE.Exponential_div10
620,620,357.167023163,2.29725500547e-05,-24187.6759142,Nes200_dDFE.Exponential_div10
621,621,391.343849674,2.1525451517e-05,-24224.7379292,Nes200_dDFE.Exponential_div10
622,622,324.957839425,2.63462349862e-05,-24219.505872,Nes200_dDFE.Exponential_div10
623,623,368.28423603,2.16822264115e-05,-24303.6851658,Nes200_dDFE.Exponential_div10
624,624,358.523675996,2.49785850782e-05,-24211.5923475,Nes200_dDFE.Exponential_div10
625,625,358.246197691,2.56692155883e-05,-24273.3347483,Nes200_dDFE.Exponential_div10
626,626,332.763903636,2.05034249875e-05,-24192.4063322,Nes200_dDFE.Exponential_div10
627,627,370.159048892,2.4524704983e-05,-24297.9437296,Nes200_dDFE.Exponential_div10
628,628,369.005578588,2.49074112513e-05,-24257.1142535,Nes200_dDFE.Exponential_div10
629,629,438.685834599,1.62186646878e-05,-24273.8783264,Nes200_dDFE.Exponential_div10
630,630,437.184301152,1.61120918192e-05,-24295.347715,Nes200_dDFE.Exponential_div10
631,631,444.521214684,2.16298721898e-05,-24341.0839096,Nes200_dDFE.Exponential_div10
632,632,432.413393538,1.75857182065e-05,-24170.1721797,Nes200_dDFE.Exponential_div10
633,633,376.374798492,2.31209660051e-05,-24276.4914961,Nes200_dDFE.Exponential_div10
634,634,332.410933228,2.35527557169e-05,-24271.0835161,Nes200_dDFE.Exponential_div10
635,635,384.923190911,2.33026003946e-05,-24253.9939246,Nes200_dDFE.Exponential_div10
636,636,361.720500139,2.39300219764e-05,-24247.7717787,Nes200_dDFE.Exponential_div10
637,637,405.311940093,1.87197216795e-05,-24226.9215509,Nes200_dDFE.Exponential_div10
638,638,413.125690558,2.11461887509e-05,-24328.1621192,Nes200_dDFE.Exponential_div10
639,639,361.155912448,2.37437762834e-05,-24304.9614465,Nes200_dDFE.Exponential_div10
640,640,387.494776165,2.13057456613e-05,-24267.4114211,Nes200_dDFE.Exponential_div10
641,641,368.366732685,2.32824233449e-05,-24198.575891,Nes200_dDFE.Exponential_div10
642,642,394.003069603,2.05747395824e-05,-24268.2178329,Nes200_dDFE.Exponential_div10
643,643,380.12529948,2.56121752025e-05,-24239.4082912,Nes200_dDFE.Exponential_div10
644,644,466.713520974,1.90434786924e-05,-24285.0177986,Nes200_dDFE.Exponential_div10
645,645,344.832206827,2.46408777096e-05,-24275.494328,Nes200_dDFE.Exponential_div10
646,646,331.161624573,2.72068292017e-05,-24234.4280632,Nes200_dDFE.Exponential_div10
647,647,336.815631169,2.72557933545e-05,-24244.0183459,Nes200_dDFE.Exponential_div10
648,648,342.383241151,2.23306150867e-05,-24226.4917255,Nes200_dDFE.Exponential_div10
649,649,412.236329343,1.94241401669e-05,-24284.9662134,Nes200_dDFE.Exponential_div10
650,650,400.181202219,2.14742220133e-05,-24156.5481674,Nes200_dDFE.Exponential_div10
651,651,362.193630803,2.50923166737e-05,-24268.4035518,Nes200_dDFE.Exponential_div10
652,652,344.457756717,2.40931780531e-05,-24252.3696125,Nes200_dDFE.Exponential_div10
653,653,454.025321559,1.98743111285e-05,-24220.7008961,Nes200_dDFE.Exponential_div10
654,654,346.470250039,2.41586028653e-05,-24210.624275,Nes200_dDFE.Exponential_div10
655,655,381.771429926,2.07122938435e-05,-24243.4453334,Nes200_dDFE.Exponential_div10
656,656,377.163961488,1.98442942397e-05,-24290.7804291,Nes200_dDFE.Exponential_div10
657,657,387.93959447,1.99069701536e-05,-24284.0455518,Nes200_dDFE.Exponential_div10
658,658,328.061249438,2.60582506949e-05,-24246.9023542,Nes200_dDFE.Exponential_div10
659,659,359.215416054,2.07449925969e-05,-24182.9692165,Nes200_dDFE.Exponential_div10
660,660,371.471045108,2.00095375097e-05,-24244.2111238,Nes200_dDFE.Exponential_div10
661,661,353.167850755,2.51167278599e-05,-24213.4612884,Nes200_dDFE.Exponential_div10
662,662,348.633905137,2.50526361364e-05,-24227.4192773,Nes200_dDFE.Exponential_div10
663,663,344.383479821,2.48699738742e-05,-24147.6803548,Nes200_dDFE.Exponential_div10
664,664,370.710920185,2.56681399541e-05,-24252.5595511,Nes200_dDFE.Exponential_div10
665,665,324.483715965,2.57305689155e-05,-24243.3087071,Nes200_dDFE.Exponential_div10
666,666,406.164799052,1.81674136507e-05,-24206.4116885,Nes200_dDFE.Exponential_div10
667,667,316.694211479,2.66699072109e-05,-24201.696596,Nes200_dDFE.Exponential_div10
668,668,377.41203996,2.08623704024e-05,-24305.7688122,Nes200_dDFE.Exponential_div10
669,669,409.087069312,1.88260593983e-05,-24272.9107232,Nes200_dDFE.Exponential_div10
670,670,352.026544721,2.3589599969e-05,-24308.2796992,Nes200_dDFE.Exponential_div10
671,671,338.052972611,2.64144021702e-05,-24242.4528893,Nes200_dDFE.Exponential_div10
672,672,336.408527148,2.50966033011e-05,-24217.5314454,Nes200_dDFE.Exponential_div10
673,673,416.24509438,2.151557672e-05,-24343.4940831,Nes200_dDFE.Exponential_div10
674,674,310.886722089,3.06271772967e-05,-24293.9805733,Nes200_dDFE.Exponential_div10
675,675,379.71903981,2.42677017864e-05,-24326.2895025,Nes200_dDFE.Exponential_div10
676,676,344.701217532,2.12668422018e-05,-24279.3249564,Nes200_dDFE.Exponential_div10
677,677,366.473700657,2.21512475241e-05,-24301.1495477,Nes200_dDFE.Exponential_div10
678,678,461.779232867,1.71566454757e-05,-24243.4999497,Nes200_dDFE.Exponential_div10
679,679,380.640426434,2.09105220779e-05,-24243.7949418,Nes200_dDFE.Exponential_div10
680,680,356.984324951,2.81620393717e-05,-24313.655824,Nes200_dDFE.Exponential_div10
681,681,339.613974918,2.50297701033e-05,-24226.4393139,Nes200_dDFE.Exponential_div10
682,682,367.410258362,2.14778473062e-05,-24259.294724,Nes200_dDFE.Exponential_div10
683,683,371.450945402,2.53340255045e-05,-24256.8414971,Nes200_dDFE.Exponential_div10
684,684,400.892617801,2.06532078282e-05,-24245.7750538,Nes200_dDFE.Exponential_div10
685,685,332.826986909,2.68477750137e-05,-24249.709884,Nes200_dDFE.Exponential_div10
686,686,320.972251035,2.84189474795e-05,-24235.2663994,Nes200_dDFE.Exponential_div10
687,687,335.553835739,2.74913324448e-05,-24342.2162663,Nes200_dDFE.Exponential_div10
688,688,326.861608755,2.5480448156e-05,-24289.151227,Nes200_dDFE.Exponential_div10
689,689,364.755308646,2.3072856887e-05,-24268.7281725,Nes200_dDFE.Exponential_div10
690,690,390.183078535,2.03033797708e-05,-24274.7822426,Nes200_dDFE.Exponential_div10
691,691,402.412251198,2.03550770516e-05,-24271.1901348,Nes200_dDFE.Exponential_div10
692,692,331.842361913,2.58003493508e-05,-24220.7077975,Nes200_dDFE.Exponential_div10
693,693,309.902972612,2.61422052847e-05,-24336.3274267,Nes200_dDFE.Exponential_div10
694,694,408.936114772,2.08210968075e-05,-24261.3406707,Nes200_dDFE.Exponential_div10
695,695,364.224837888,2.22878104549e-05,-24267.9799514,Nes200_dDFE.Exponential_div10
696,696,372.281185844,2.24919474853e-05,-24327.4267933,Nes200_dDFE.Exponential_div10
697,697,421.185124767,1.89540322837e-05,-24196.6598611,Nes200_dDFE.Exponential_div10
698,698,325.161969405,2.83874083895e-05,-24259.0780616,Nes200_dDFE.Exponential_div10
699,699,328.694799022,2.59107544028e-05,-24254.1846019,Nes200_dDFE.Exponential_div10
700,700,419.17311053,2.13341396983e-05,-24325.4257282,Nes200_dDFE.Exponential_div10
701,701,350.248383577,2.12666189988e-05,-24239.3504233,Nes200_dDFE.Exponential_div10
702,702,349.171134206,2.83578624096e-05,-24288.713116,Nes200_dDFE.Exponential_div10
703,703,387.197118776,2.03791591212e-05,-24209.988316,Nes200_dDFE.Exponential_div10
704,704,368.918304145,2.21231481922e-05,-24314.4569543,Nes200_dDFE.Exponential_div10
705,705,418.16308099,1.79711445381e-05,-24283.5273562,Nes200_dDFE.Exponential_div10
706,706,326.387894359,2.70636866251e-05,-24242.1367514,Nes200_dDFE.Exponential_div10
707,707,406.305231688,2.02150860362e-05,-24219.3684337,Nes200_dDFE.Exponential_div10
708,708,383.414950078,2.02804931736e-05,-24225.3544374,Nes200_dDFE.Exponential_div10
709,709,386.515826271,1.95905605234e-05,-24205.2044764,Nes200_dDFE.Exponential_div10
710,710,320.858306256,2.91565549231e-05,-24319.7546898,Nes200_dDFE.Exponential_div10
711,711,347.592231588,2.4196501955e-05,-24249.8388946,Nes200_dDFE.Exponential_div10
712,712,348.368144372,2.28003656995e-05,-24265.8078407,Nes200_dDFE.Exponential_div10
713,713,440.094014605,1.73897345416e-05,-24238.1206406,Nes200_dDFE.Exponential_div10
714,714,373.62095451,2.34875651621e-05,-24274.1254353,Nes200_dDFE.Exponential_div10
715,715,362.67670026,2.31914647156e-05,-24326.5821543,Nes200_dDFE.Exponential_div10
716,716,350.045356272,2.45272331187e-05,-24262.620696,Nes200_dDFE.Exponential_div10
717,717,366.461702015,2.1786138288e-05,-24296.5606839,Nes200_dDFE.Exponential_div10
718,718,329.793122601,2.2147139786e-05,-24230.1314983,Nes200_dDFE.Exponential_div10
719,719,407.880420322,2.11390415044e-05,-24333.2881422,Nes200_dDFE.Exponential_div10
720,720,370.630618619,2.39412094675e-05,-24238.8248499,Nes200_dDFE.Exponential_div10
721,721,325.010369642,2.8233168224e-05,-24261.2130407,Nes200_dDFE.Exponential_div10
722,722,379.54898451,2.1219981339e-05,-24301.1249925,Nes200_dDFE.Exponential_div10
723,723,364.375010689,2.32722728917e-05,-24236.7065835,Nes200_dDFE.Exponential_div10
724,724,391.521093659,2.028945945e-05,-24219.10209,Nes200_dDFE.Exponential_div10
725,725,342.361284873,2.57501664457e-05,-24236.4023364,Nes200_dDFE.Exponential_div10
726,726,357.886779739,2.3563190185e-05,-24257.4113472,Nes200_dDFE.Exponential_div10
727,727,418.478988581,2.03475442258e-05,-24268.922433,Nes200_dDFE.Exponential_div10
728,728,391.571421735,2.02464795003e-05,-24305.5116875,Nes200_dDFE.Exponential_div10
729,729,389.963061703,2.21120896872e-05,-24274.1076798,Nes200_dDFE.Exponential_div10
730,730,343.820810495,2.54788506425e-05,-24263.0048767,Nes200_dDFE.Exponential_div10
731,731,382.127699087,2.43628611227e-05,-24270.5112904,Nes200_dDFE.Exponential_div10
732,732,345.007975327,2.64872840167e-05,-24301.8281333,Nes200_dDFE.Exponential_div10
733,733,355.680407506,2.30870588734e-05,-24291.5165151,Nes200_dDFE.Exponential_div10
734,734,324.028423465,2.97751719192e-05,-24288.9361198,Nes200_dDFE.Exponential_div10
735,735,321.023173552,2.61449206252e-05,-24329.1684038,Nes200_dDFE.Exponential_div10
736,736,401.690230972,1.95937022352e-05,-24279.1210192,Nes200_dDFE.Exponential_div10
737,737,395.201823607,2.31740398411e-05,-24281.959046,Nes200_dDFE.Exponential_div10
738,738,393.426032293,2.22709576106e-05,-24303.705648,Nes200_dDFE.Exponential_div10
739,739,398.571259656,2.35675909623e-05,-24313.4667273,Nes200_dDFE.Exponential_div10
740,740,359.378112009,2.63942437918e-05,-24201.7136672,Nes200_dDFE.Exponential_div10
741,741,368.886600792,2.30711780443e-05,-24271.2527936,Nes200_dDFE.Exponential_div10
742,742,384.179473419,2.25107230909e-05,-24236.876495,Nes200_dDFE.Exponential_div10
743,743,330.57704716,2.83183413813e-05,-24248.9349073,Nes200_dDFE.Exponential_div10
744,744,343.68890109,2.49223275884e-05,-24343.0730266,Nes200_dDFE.Exponential_div10
745,745,446.800710805,1.9401109634e-05,-24297.54777,Nes200_dDFE.Exponential_div10
746,746,354.488635475,2.36053171913e-05,-24290.0560993,Nes200_dDFE.Exponential_div10
747,747,417.598866377,1.94281342186e-05,-24198.1744771,Nes200_dDFE.Exponential_div10
748,748,341.67313766,2.45333476822e-05,-24278.1348541,Nes200_dDFE.Exponential_div10
749,749,398.750335521,1.9174564097e-05,-24383.1632839,Nes200_dDFE.Exponential_div10
750,750,371.205944478,2.38553792822e-05,-24300.0396454,Nes200_dDFE.Exponential_div10
751,751,373.001326408,2.41495359611e-05,-24280.8000227,Nes200_dDFE.Exponential_div10
752,752,331.703088937,2.43989540286e-05,-24215.3913962,Nes200_dDFE.Exponential_div10
753,753,309.605656042,2.51248511943e-05,-24235.19641,Nes200_dDFE.Exponential_div10
754,754,361.297311358,2.18861099092e-05,-24348.0296731,Nes200_dDFE.Exponential_div10
755,755,444.960736609,1.8863182729e-05,-24334.3829796,Nes200_dDFE.Exponential_div10
756,756,391.368168179,2.04505394885e-05,-24247.4131164,Nes200_dDFE.Exponential_div10
757,757,384.680148399,2.17362424308e-05,-24192.7193211,Nes200_dDFE.Exponential_div10
758,758,382.819256442,2.09810648706e-05,-24246.0772243,Nes200_dDFE.Exponential_div10
759,759,325.57757183,2.75801802689e-05,-24247.3353783,Nes200_dDFE.Exponential_div10
760,760,347.44642847,2.47370542404e-05,-24233.0984152,Nes200_dDFE.Exponential_div10
761,761,318.563526483,2.70204643631e-05,-24208.1205688,Nes200_dDFE.Exponential_div10
762,762,376.099411931,2.42852938982e-05,-24317.0707523,Nes200_dDFE.Exponential_div10
763,763,375.718956096,2.14123738186e-05,-24235.5733746,Nes200_dDFE.Exponential_div10
764,764,342.694059268,2.30779938901e-05,-24267.500132,Nes200_dDFE.Exponential_div10
765,765,370.646495206,2.41537219165e-05,-24278.959668,Nes200_dDFE.Exponential_div10
766,766,361.277066168,2.47493126239e-05,-24271.5751056,Nes200_dDFE.Exponential_div10
767,767,312.948431017,2.76393308587e-05,-24340.2535281,Nes200_dDFE.Exponential_div10
768,768,387.683880724,2.01515772391e-05,-24207.6463274,Nes200_dDFE.Exponential_div10
769,769,345.282695976,2.80369943367e-05,-24227.8172165,Nes200_dDFE.Exponential_div10
770,770,352.768462734,2.03813947738e-05,-24214.2028185,Nes200_dDFE.Exponential_div10
771,771,408.196318555,1.98777876466e-05,-24254.290299,Nes200_dDFE.Exponential_div10
772,772,398.419463504,1.92284016035e-05,-24292.3864668,Nes200_dDFE.Exponential_div10
773,773,410.709170666,2.1086704317e-05,-24205.8930747,Nes200_dDFE.Exponential_div10
774,774,383.660998942,2.30853181873e-05,-24305.2204998,Nes200_dDFE.Exponential_div10
775,775,296.081901015,3.10870429892e-05,-24251.3957285,Nes200_dDFE.Exponential_div10
776,776,310.186094369,2.93022962617e-05,-24277.833978,Nes200_dDFE.Exponential_div10
777,777,419.322876611,1.7760354612e-05,-24273.0977541,Nes200_dDFE.Exponential_div10
778,778,369.634406577,2.64597917443e-05,-24307.82,Nes200_dDFE.Exponential_div10
779,779,371.506013708,2.31299970607e-05,-24245.5581299,Nes200_dDFE.Exponential_div10
780,780,390.078158986,2.1074909754e-05,-24299.1451725,Nes200_dDFE.Exponential_div10
781,781,371.735153652,2.34133828414e-05,-24260.2741801,Nes200_dDFE.Exponential_div10
782,782,397.310286718,2.17065941335e-05,-24295.1286876,Nes200_dDFE.Exponential_div10
783,783,369.681861728,2.27575886081e-05,-24257.5513119,Nes200_dDFE.Exponential_div10
784,784,393.367804776,2.07652321949e-05,-24230.0923358,Nes200_dDFE.Exponential_div10
785,785,384.725539642,2.43085679308e-05,-24310.1063784,Nes200_dDFE.Exponential_div10
786,786,350.019218818,2.36863058754e-05,-24288.0373076,Nes200_dDFE.Exponential_div10
787,787,414.752710175,2.02540737813e-05,-24325.2607726,Nes200_dDFE.Exponential_div10
788,788,377.437211342,2.18630348603e-05,-24246.4799691,Nes200_dDFE.Exponential_div10
789,789,418.943616359,1.79780955544e-05,-24285.1429591,Nes200_dDFE.Exponential_div10
790,790,356.411851851,2.15860770122e-05,-24287.3850308,Nes200_dDFE.Exponential_div10
791,791,392.513497098,2.23752173041e-05,-24353.1448454,Nes200_dDFE.Exponential_div10
792,792,358.879089285,2.58828830301e-05,-24304.1392776,Nes200_dDFE.Exponential_div10
793,793,327.61779879,2.37221973494e-05,-24196.895641,Nes200_dDFE.Exponential_div10
794,794,403.173250879,2.12174188696e-05,-24292.1707009,Nes200_dDFE.Exponential_div10
795,795,327.856218442,2.74917635067e-05,-24267.208409,Nes200_dDFE.Exponential_div10
796,796,353.608994938,2.65468746647e-05,-24279.2157212,Nes200_dDFE.Exponential_div10
797,797,407.674043244,1.70083607673e-05,-24223.4019099,Nes200_dDFE.Exponential_div10
798,798,357.66185516,2.58669968085e-05,-24318.5643248,Nes200_dDFE.Exponential_div10
799,799,378.323390311,2.43047696972e-05,-24345.1816686,Nes200_dDFE.Exponential_div10
800,800,373.638111735,2.35726443766e-05,-24292.8873522,Nes200_dDFE.Exponential_div10
801,801,344.766392634,2.71289280568e-05,-24230.1947799,Nes200_dDFE.Exponential_div10
802,802,420.021739622,1.92312214807e-05,-24227.6631597,Nes200_dDFE.Exponential_div10
803,803,395.628732525,2.04838125333e-05,-24297.611823,Nes200_dDFE.Exponential_div10
804,804,336.672178563,2.91636294003e-05,-24310.7497477,Nes200_dDFE.Exponential_div10
805,805,349.020950358,2.51008209821e-05,-24248.5952915,Nes200_dDFE.Exponential_div10
806,806,356.804494702,2.51044025501e-05,-24271.0088796,Nes200_dDFE.Exponential_div10
807,807,362.494148703,2.29262078236e-05,-24225.2912569,Nes200_dDFE.Exponential_div10
808,808,397.184109558,2.27320235395e-05,-24259.4440649,Nes200_dDFE.Exponential_div10
809,809,390.665415858,2.01866742804e-05,-24207.920407,Nes200_dDFE.Exponential_div10
810,810,351.510822735,2.45563257676e-05,-24222.0902624,Nes200_dDFE.Exponential_div10
811,811,401.820402146,2.08312245584e-05,-24326.139227,Nes200_dDFE.Exponential_div10
812,812,356.883158489,2.11756914217e-05,-24309.8449117,Nes200_dDFE.Exponential_div10
813,813,402.297759508,2.16919626524e-05,-24353.5405197,Nes200_dDFE.Exponential_div10
814,814,382.813213575,2.35958475943e-05,-24255.0805991,Nes200_dDFE.Exponential_div10
815,815,381.755350217,2.01173391128e-05,-24289.6960728,Nes200_dDFE.Exponential_div10
816,816,409.581344995,1.87122772795e-05,-24224.6899031,Nes200_dDFE.Exponential_div10
817,817,370.828139453,2.25060772169e-05,-24315.4386501,Nes200_dDFE.Exponential_div10
818,818,331.28202098,2.30510085818e-05,-24272.4322322,Nes200_dDFE.Exponential_div10
819,819,386.436529921,2.40955424047e-05,-24231.6692699,Nes200_dDFE.Exponential_div10
820,820,346.092535634,2.54743852659e-05,-24225.9158356,Nes200_dDFE.Exponential_div10
821,821,403.598111756,2.06829422248e-05,-24301.7765228,Nes200_dDFE.Exponential_div10
822,822,357.55603885,2.73525431633e-05,-24233.4691189,Nes200_dDFE.Exponential_div10
823,823,394.705156809,1.93385419488e-05,-24297.7621012,Nes200_dDFE.Exponential_div10
824,824,363.489027039,2.4177793179e-05,-24343.0299233,Nes200_dDFE.Exponential_div10
825,825,396.966379948,2.21320889081e-05,-24271.5682914,Nes200_dDFE.Exponential_div10
826,826,300.570753817,2.69385870237e-05,-24282.4447064,Nes200_dDFE.Exponential_div10
827,827,322.275653578,3.05248780356e-05,-24261.9373906,Nes200_dDFE.Exponential_div10
828,828,362.861932786,2.09334156163e-05,-24264.3105609,Nes200_dDFE.Exponential_div10
829,829,398.983268236,2.30448292705e-05,-24251.3688365,Nes200_dDFE.Exponential_div10
830,830,300.190411304,3.14572980277e-05,-24233.0503413,Nes200_dDFE.Exponential_div10
831,831,413.308315912,2.00741936632e-05,-24270.4388259,Nes200_dDFE.Exponential_div10
832,832,341.815402624,2.55966947624e-05,-24284.335967,Nes200_dDFE.Exponential_div10
833,833,332.914421584,2.22790268893e-05,-24192.4798383,Nes200_dDFE.Exponential_div10
834,834,339.828835623,2.42661063251e-05,-24319.5821285,Nes200_dDFE.Exponential_div10
835,835,316.763890206,2.80587817613e-05,-24348.8908172,Nes200_dDFE.Exponential_div10
836,836,355.725824732,2.22783843852e-05,-24290.9504863,Nes200_dDFE.Exponential_div10
837,837,376.029898838,2.11183422316e-05,-24211.2091336,Nes200_dDFE.Exponential_div10
838,838,368.053032469,2.62284703552e-05,-24309.2076682,Nes200_dDFE.Exponential_div10
839,839,428.783667344,2.00819115156e-05,-24284.9541271,Nes200_dDFE.Exponential_div10
840,840,350.963453381,2.62547844528e-05,-24285.0964062,Nes200_dDFE.Exponential_div10
841,841,350.001807529,2.61794797847e-05,-24312.5224307,Nes200_dDFE.Exponential_div10
842,842,380.415864926,2.00271137949e-05,-24217.5473465,Nes200_dDFE.Exponential_div10
843,843,420.10232293,2.01570973528e-05,-24236.4545015,Nes200_dDFE.Exponential_div10
844,844,325.775291105,2.55945536513e-05,-24262.1025275,Nes200_dDFE.Exponential_div10
845,845,364.058647329,2.45248293028e-05,-24234.5499854,Nes200_dDFE.Exponential_div10
846,846,302.553315226,2.68071239331e-05,-24280.8205208,Nes200_dDFE.Exponential_div10
847,847,436.942197194,1.90267081039e-05,-24238.7807735,Nes200_dDFE.Exponential_div10
848,848,324.105611786,2.76177326413e-05,-24245.2864655,Nes200_dDFE.Exponential_div10
849,849,394.17661238,2.21392940053e-05,-24211.6471173,Nes200_dDFE.Exponential_div10
850,850,390.94549902,2.23127238206e-05,-24311.9516144,Nes200_dDFE.Exponential_div10
851,851,316.835992931,2.44789705298e-05,-24224.3972738,Nes200_dDFE.Exponential_div10
852,852,375.375650284,2.5412038245e-05,-24249.939405,Nes200_dDFE.Exponential_div10
853,853,336.013047526,2.98977280631e-05,-24294.1032575,Nes200_dDFE.Exponential_div10
854,854,398.522083149,2.23811658555e-05,-24319.5474146,Nes200_dDFE.Exponential_div10
855,855,399.714889616,2.04861662899e-05,-24343.928599,Nes200_dDFE.Exponential_div10
856,856,359.767827166,2.73202084868e-05,-24242.1345722,Nes200_dDFE.Exponential_div10
857,857,384.570728007,1.94155680195e-05,-24311.9281074,Nes200_dDFE.Exponential_div10
858,858,377.740583709,2.27084851017e-05,-24232.1674076,Nes200_dDFE.Exponential_div10
859,859,377.202261102,2.13543138864e-05,-24229.0646969,Nes200_dDFE.Exponential_div10
860,860,354.300420674,2.44743828536e-05,-24265.4891532,Nes200_dDFE.Exponential_div10
861,861,325.517110591,2.46854435621e-05,-24219.3438309,Nes200_dDFE.Exponential_div10
862,862,313.507260586,2.74112652068e-05,-24246.9434393,Nes200_dDFE.Exponential_div10
863,863,338.840144642,2.55170347717e-05,-24279.2980625,Nes200_dDFE.Exponential_div10
864,864,295.177901522,3.35150084032e-05,-24284.3504218,Nes200_dDFE.Exponential_div10
865,865,329.162366381,2.6799951183e-05,-24283.5214107,Nes200_dDFE.Exponential_div10
866,866,334.003398111,2.83398191411e-05,-24244.6606048,Nes200_dDFE.Exponential_div10
867,867,385.462050209,2.2967550717e-05,-24202.9477833,Nes200_dDFE.Exponential_div10
868,868,412.879604988,2.03826595859e-05,-24295.885096,Nes200_dDFE.Exponential_div10
869,869,388.234432739,2.18416427405e-05,-24223.1207416,Nes200_dDFE.Exponential_div10
870,870,325.060357703,2.72478774875e-05,-24221.0957003,Nes200_dDFE.Exponential_div10
871,871,374.893607494,2.17978014298e-05,-24249.3284038,Nes200_dDFE.Exponential_div10
872,872,319.357524793,2.80745041217e-05,-24203.0448567,Nes200_dDFE.Exponential_div10
873,873,370.975761765,2.52960187071e-05,-24249.9361028,Nes200_dDFE.Exponential_div10
874,874,395.242985887,2.29919717753e-05,-24278.875727,Nes200_dDFE.Exponential_div10
875,875,307.887783365,2.97393473381e-05,-24288.3264895,Nes200_dDFE.Exponential_div10
876,876,373.964452076,2.51917938396e-05,-24313.2562571,Nes200_dDFE.Exponential_div10
877,877,293.831713639,2.97822429051e-05,-24282.7652167,Nes200_dDFE.Exponential_div10
878,878,424.063891005,2.02748727559e-05,-24302.6379795,Nes200_dDFE.Exponential_div10
879,879,296.860013449,3.06996713899e-05,-24410.2905899,Nes200_dDFE.Exponential_div10
880,880,337.846082244,2.44611485655e-05,-24267.6216709,Nes200_dDFE.Exponential_div10
881,881,404.29266781,1.97951232306e-05,-24277.4815003,Nes200_dDFE.Exponential_div10
882,882,378.010400428,2.31650683633e-05,-24287.2525053,Nes200_dDFE.Exponential_div10
883,883,323.101651148,2.74784995295e-05,-24234.2762825,Nes200_dDFE.Exponential_div10
884,884,351.420133711,2.39182841147e-05,-24246.6830088,Nes200_dDFE.Exponential_div10
885,885,333.471109359,2.53121982394e-05,-24180.0575471,Nes200_dDFE.Exponential_div10
886,886,357.427429329,2.51645170915e-05,-24217.2178282,Nes200_dDFE.Exponential_div10
887,887,338.807401646,2.86468677398e-05,-24263.7329895,Nes200_dDFE.Exponential_div10
888,888,425.538853917,1.69316520815e-05,-24222.5746384,Nes200_dDFE.Exponential_div10
889,889,305.479932804,2.88030072226e-05,-24228.6611096,Nes200_dDFE.Exponential_div10
890,890,399.230857704,2.26773432724e-05,-24262.2649466,Nes200_dDFE.Exponential_div10
891,891,379.544108392,2.33589316049e-05,-24191.2668559,Nes200_dDFE.Exponential_div10
892,892,402.786173119,2.07066907468e-05,-24227.5197015,Nes200_dDFE.Exponential_div10
893,893,376.430320718,2.34756714016e-05,-24186.2447209,Nes200_dDFE.Exponential_div10
894,894,382.09686496,2.1293430187e-05,-24275.0479565,Nes200_dDFE.Exponential_div10
895,895,321.505684911,2.66279602987e-05,-24254.8956805,Nes200_dDFE.Exponential_div10
896,896,375.773804157,2.73210102427e-05,-24343.8776415,Nes200_dDFE.Exponential_div10
897,897,381.608151267,2.02456802922e-05,-24287.1748308,Nes200_dDFE.Exponential_div10
898,898,395.985921901,2.02492601627e-05,-24272.8012799,Nes200_dDFE.Exponential_div10
899,899,384.221759964,2.15989169642e-05,-24226.1914384,Nes200_dDFE.Exponential_div10
900,900,329.587500009,2.60944273406e-05,-24308.8417826,Nes200_dDFE.Exponential_div10
901,901,356.790947184,2.4533021081e-05,-24274.3770445,Nes200_dDFE.Exponential_div10
902,902,376.752464103,2.23010413498e-05,-24282.0100016,Nes200_dDFE.Exponential_div10
903,903,398.254711534,1.92023308122e-05,-24264.9026344,Nes200_dDFE.Exponential_div10
904,904,401.265251762,1.90917002834e-05,-24300.6475006,Nes200_dDFE.Exponential_div10
905,905,351.508006243,2.06321117565e-05,-24167.4005386,Nes200_dDFE.Exponential_div10
906,906,335.277683902,2.75384661383e-05,-24198.7597714,Nes200_dDFE.Exponential_div10
907,907,394.436580874,2.14081693214e-05,-24274.5371508,Nes200_dDFE.Exponential_div10
908,908,370.109915388,2.11416294887e-05,-24288.9382395,Nes200_dDFE.Exponential_div10
909,909,433.021041039,1.98417388816e-05,-24203.2506247,Nes200_dDFE.Exponential_div10
910,910,310.921859634,2.53273326509e-05,-24291.2410886,Nes200_dDFE.Exponential_div10
911,911,376.334994862,2.14751244791e-05,-24269.5655517,Nes200_dDFE.Exponential_div10
912,912,389.795106581,2.10274812785e-05,-24284.1632644,Nes200_dDFE.Exponential_div10
913,913,381.107584004,2.36903874305e-05,-24191.6160369,Nes200_dDFE.Exponential_div10
914,914,378.641266969,2.35427857955e-05,-24267.0870962,Nes200_dDFE.Exponential_div10
915,915,377.066519058,2.42255831439e-05,-24298.7529885,Nes200_dDFE.Exponential_div10
916,916,344.659152826,2.51036215309e-05,-24298.3229284,Nes200_dDFE.Exponential_div10
917,917,360.893561929,2.20886405217e-05,-24327.0776774,Nes200_dDFE.Exponential_div10
918,918,379.252751755,2.2046682051e-05,-24249.2014709,Nes200_dDFE.Exponential_div10
919,919,348.19945019,2.05441019388e-05,-24197.5871511,Nes200_dDFE.Exponential_div10
920,920,419.241336188,2.02411491838e-05,-24191.0950172,Nes200_dDFE.Exponential_div10
921,921,326.986753571,2.5740794153e-05,-24272.933302,Nes200_dDFE.Exponential_div10
922,922,390.023384422,2.13119506312e-05,-24260.0548313,Nes200_dDFE.Exponential_div10
923,923,354.384203213,2.40606159044e-05,-24224.4096243,Nes200_dDFE.Exponential_div10
924,924,375.345045541,2.3318824205e-05,-24238.2913183,Nes200_dDFE.Exponential_div10
925,925,402.069831856,1.96806079381e-05,-24299.9006302,Nes200_dDFE.Exponential_div10
926,926,380.343419105,2.23770145542e-05,-24291.3707442,Nes200_dDFE.Exponential_div10
927,927,387.507881701,2.4998504808e-05,-24328.1776498,Nes200_dDFE.Exponential_div10
928,928,354.697739776,2.59353544165e-05,-24314.4683813,Nes200_dDFE.Exponential_div10
929,929,388.761205328,2.16194486192e-05,-24250.9047237,Nes200_dDFE.Exponential_div10
930,930,313.341048961,2.62148837061e-05,-24256.047705,Nes200_dDFE.Exponential_div10
931,931,347.822639715,2.33337296394e-05,-24201.5182053,Nes200_dDFE.Exponential_div10
932,932,399.750013507,2.13486932912e-05,-24293.5638186,Nes200_dDFE.Exponential_div10
933,933,338.065564066,2.35861088602e-05,-24331.0006448,Nes200_dDFE.Exponential_div10
934,934,351.079982982,2.41912778997e-05,-24202.1069907,Nes200_dDFE.Exponential_div10
935,935,369.483600706,2.16197847783e-05,-24259.6105831,Nes200_dDFE.Exponential_div10
936,936,319.160778285,2.75989624826e-05,-24239.6002687,Nes200_dDFE.Exponential_div10
937,937,455.595001474,1.69672285674e-05,-24269.14175,Nes200_dDFE.Exponential_div10
938,938,411.434188145,1.91313167827e-05,-24298.0718421,Nes200_dDFE.Exponential_div10
939,939,396.097541686,2.06142607871e-05,-24262.1006842,Nes200_dDFE.Exponential_div10
940,940,350.99189858,2.26046844234e-05,-24326.0472569,Nes200_dDFE.Exponential_div10
941,941,342.210463851,2.69243979142e-05,-24173.8437882,Nes200_dDFE.Exponential_div10
942,942,353.841657995,2.72591595517e-05,-24247.7214922,Nes200_dDFE.Exponential_div10
943,943,372.019150313,2.32889122613e-05,-24312.2266909,Nes200_dDFE.Exponential_div10
944,944,362.922828869,2.44800999155e-05,-24279.7606599,Nes200_dDFE.Exponential_div10
945,945,336.725729453,2.76725552464e-05,-24294.7783487,Nes200_dDFE.Exponential_div10
946,946,342.84172882,2.4053231771e-05,-24275.2965305,Nes200_dDFE.Exponential_div10
947,947,386.840081168,2.11047363395e-05,-24304.6945212,Nes200_dDFE.Exponential_div10
948,948,336.173322347,2.46892075958e-05,-24277.9112546,Nes200_dDFE.Exponential_div10
949,949,358.246726971,2.40240086876e-05,-24262.2486371,Nes200_dDFE.Exponential_div10
950,950,331.359375697,2.69920782591e-05,-24309.5336958,Nes200_dDFE.Exponential_div10
951,951,317.266410509,2.95584336198e-05,-24281.5811437,Nes200_dDFE.Exponential_div10
952,952,301.404132754,3.23184885122e-05,-24309.5296429,Nes200_dDFE.Exponential_div10
953,953,428.844584306,1.85020022587e-05,-24309.951615,Nes200_dDFE.Exponential_div10
954,954,357.49319754,2.54516203687e-05,-24346.6331762,Nes200_dDFE.Exponential_div10
955,955,345.329503056,2.46133606984e-05,-24282.4959314,Nes200_dDFE.Exponential_div10
956,956,427.464073103,1.9335876512e-05,-24185.3576696,Nes200_dDFE.Exponential_div10
957,957,430.344166069,1.9066750914e-05,-24318.3844247,Nes200_dDFE.Exponential_div10
958,958,361.386868804,2.54084329965e-05,-24209.4952566,Nes200_dDFE.Exponential_div10
959,959,412.671013234,2.16702653159e-05,-24280.3016795,Nes200_dDFE.Exponential_div10
960,960,384.719782005,2.20888622875e-05,-24244.2520183,Nes200_dDFE.Exponential_div10
961,961,394.445583716,2.25837799482e-05,-24257.9411925,Nes200_dDFE.Exponential_div10
962,962,386.439518522,1.77579867947e-05,-24295.4726686,Nes200_dDFE.Exponential_div10
963,963,309.974787676,2.87364045995e-05,-24198.5449653,Nes200_dDFE.Exponential_div10
964,964,499.152491135,1.69418910095e-05,-24278.1742677,Nes200_dDFE.Exponential_div10
965,965,407.891392548,1.98875304285e-05,-24217.0257441,Nes200_dDFE.Exponential_div10
966,966,376.72410975,2.29026061501e-05,-24272.852785,Nes200_dDFE.Exponential_div10
967,967,353.342323329,2.39404623124e-05,-24301.1245623,Nes200_dDFE.Exponential_div10
968,968,409.355216376,2.15954869247e-05,-24299.3166416,Nes200_dDFE.Exponential_div10
969,969,366.112415273,2.54520898099e-05,-24319.4543616,Nes200_dDFE.Exponential_div10
970,970,416.925926561,1.90630576606e-05,-24239.1833239,Nes200_dDFE.Exponential_div10
971,971,392.19392619,2.43443363811e-05,-24300.8987469,Nes200_dDFE.Exponential_div10
972,972,386.207101366,2.35723667351e-05,-24316.1715603,Nes200_dDFE.Exponential_div10
973,973,339.821315035,2.69987837863e-05,-24283.0898683,Nes200_dDFE.Exponential_div10
974,974,321.675984892,2.87659461684e-05,-24268.5573145,Nes200_dDFE.Exponential_div10
975,975,364.502087039,2.0472050839e-05,-24189.1820145,Nes200_dDFE.Exponential_div10
976,976,340.465770455,2.74872784214e-05,-24336.7938842,Nes200_dDFE.Exponential_div10
977,977,343.674224127,2.58039274588e-05,-24256.6196196,Nes200_dDFE.Exponential_div10
978,978,333.083533366,2.68994677351e-05,-24306.7695911,Nes200_dDFE.Exponential_div10
979,979,413.939130417,1.94582288541e-05,-24255.9393812,Nes200_dDFE.Exponential_div10
980,980,415.552609536,1.83046167538e-05,-24320.6373513,Nes200_dDFE.Exponential_div10
981,981,319.18444812,2.73361004541e-05,-24296.7298012,Nes200_dDFE.Exponential_div10
982,982,370.602505111,2.61076425693e-05,-24222.151029,Nes200_dDFE.Exponential_div10
983,983,368.451883034,2.0756056471e-05,-24288.8017983,Nes200_dDFE.Exponential_div10
984,984,408.269973201,1.93228711644e-05,-24269.5232496,Nes200_dDFE.Exponential_div10
985,985,340.656738758,2.67301061948e-05,-24263.7131183,Nes200_dDFE.Exponential_div10
986,986,345.787372826,2.62362882735e-05,-24294.8289327,Nes200_dDFE.Exponential_div10
987,987,379.375895271,2.3337493508e-05,-24238.1531758,Nes200_dDFE.Exponential_div10
988,988,379.813192613,2.1677099971e-05,-24268.5333061,Nes200_dDFE.Exponential_div10
989,989,364.104952996,2.32474117549e-05,-24305.9568112,Nes200_dDFE.Exponential_div10
990,990,407.016764296,2.32168230452e-05,-24252.3004469,Nes200_dDFE.Exponential_div10
991,991,347.212047137,2.34434611245e-05,-24307.2433217,Nes200_dDFE.Exponential_div10
992,992,306.994292169,2.86070037186e-05,-24324.2839605,Nes200_dDFE.Exponential_div10
993,993,365.884091218,2.32351052584e-05,-24241.1181519,Nes200_dDFE.Exponential_div10
994,994,373.353191973,2.80504442293e-05,-24371.8479601,Nes200_dDFE.Exponential_div10
995,995,342.449850773,2.6591385324e-05,-24320.5571932,Nes200_dDFE.Exponential_div10
996,996,341.808948286,2.48988533721e-05,-24270.6282085,Nes200_dDFE.Exponential_div10
997,997,329.919351479,2.44151043156e-05,-24265.481671,Nes200_dDFE.Exponential_div10
998,998,399.567293974,2.04762648956e-05,-24297.4838178,Nes200_dDFE.Exponential_div10
999,999,392.096451289,2.08926971648e-05,-24245.3224827,Nes200_dDFE.Exponential_div10
