,rep,NeSa1,pa1,NeSa2,pa2,AIC,identifier
0,0,608.246826742,0.000485499817029,80.0743416061,0.00125940252264,-27525.5077733,BimodalDFE
1,1,561.020477071,0.000570212508327,39.186591893,0.0018983681841,-27529.1630413,BimodalDFE
2,2,605.39406408,0.000490825759643,77.3372236653,0.00127309173286,-27500.7421915,BimodalDFE
3,3,611.821654049,0.000466262346036,150.693713522,0.00030976966446,-27347.3188213,BimodalDFE
4,4,609.760969297,0.000480443869277,106.792797694,0.000827908657078,-27470.1054691,BimodalDFE
5,5,916.922867839,0.0440458875844,4010.14700854,0.00021058970274,-3263.17903666,BimodalDFE
6,6,592.590805845,0.000511817891605,78.0403921482,0.00107526888949,-27531.3471471,BimodalDFE
7,7,597.62760458,0.000503564172647,78.685936957,0.000545832045321,-27368.7674497,BimodalDFE
8,8,603.066367663,0.000495965885329,84.1321140473,0.001063006917,-27493.4746058,BimodalDFE
9,9,244.0,0.948274089104,1.11022302473e-10,0.2,89575.9509998,BimodalDFE
10,10,606.298453361,0.000485349949187,1.04913049515,0.085897951928,-27530.1231617,BimodalDFE
11,11,564.165874565,0.000547236329083,203.896797135,0.00832763526319,-21073.190292,BimodalDFE
12,12,609.184650816,0.000485678253848,97.4192757392,0.000941736390371,-27525.2899386,BimodalDFE
13,13,597.986903057,0.00050344096866,1.06024033214,0.0858899852529,-27469.1210779,BimodalDFE
14,14,615.502413819,0.00047096159038,1.04357240777,0.0840642137326,-27524.6894936,BimodalDFE
15,15,603.680819445,0.000494526336137,81.957985092,0.00116900933421,-27456.4311046,BimodalDFE
16,16,264.294734837,0.000236732042706,605.904803393,0.000461712123529,-27435.6605968,BimodalDFE
17,17,0.0421787222926,0.800321052294,863.656373137,0.0383098067182,-3863.28281048,BimodalDFE
18,18,296.997549316,0.507778391309,0.368145068153,0.0193387239291,-5787.42832788,BimodalDFE
19,19,13.7463867645,2.64714363565e-05,583.551325921,0.000490903774289,-26712.9425641,BimodalDFE
20,20,597.024929378,0.000502681874982,1.05357042168,0.0798246265404,-27422.0793484,BimodalDFE
21,21,618.460914447,0.000469604689182,100.702529646,0.000954690310047,-27516.0400422,BimodalDFE
22,22,75.0480344029,0.00117328133684,595.94897234,0.000507369093155,-27454.6054887,BimodalDFE
23,23,124.195778088,0.000323934853146,670.410250609,0.000443579551381,-27136.7226276,BimodalDFE
24,24,108.996532249,0.626191465447,1.01496029697,0.2,-9283.20613012,BimodalDFE
25,25,15.401925021,0.918906325566,298.667123705,0.0102038306886,-11738.6968651,BimodalDFE
26,26,733.526610487,0.000336704364212,43.1849591741,0.0254767131801,-24821.8288755,BimodalDFE
27,27,166.225559934,5.16567792763e-07,372.603047519,0.00245599375761,-18203.6984099,BimodalDFE
28,28,14.1582019121,0.33802633154,766.60978376,0.0372226271295,-4384.74716295,BimodalDFE
29,29,1.14514534072,0.989001177184,617.422774889,0.000443775257573,-25493.0356052,BimodalDFE
30,30,5.19139457411,0.0955364094206,222.364159254,6.04699108807e-05,-18415.5737196,BimodalDFE
31,31,0.931214271194,0.413014307488,587.18670863,0.00203193584102,-6572.07238081,BimodalDFE
32,32,30.1491725893,0.00120216874445,635.026417429,0.0010724325657,-17013.9924235,BimodalDFE
33,33,588.807105958,7.54764273501e-05,178.022914752,0.00657898061154,-20130.478205,BimodalDFE
34,34,281.196901179,0.0166841123507,598.11438944,0.000499422533066,-26948.1563985,BimodalDFE
35,35,551.722315401,0.103534936338,1419.95242932,4.36157676848e-05,-4700.94854892,BimodalDFE
36,36,7.31623253258,0.0278515510634,828.650556553,0.0665206535581,-5769.48662653,BimodalDFE
37,37,597.599637297,0.000503643821686,78.5189802074,0.00113149798492,-27495.5734967,BimodalDFE
38,38,104.480824688,0.000898137258281,619.432930267,0.000467448620871,-27495.3139423,BimodalDFE
39,39,598.438046961,0.000503833453558,78.4360161969,0.0011514526888,-27408.4845829,BimodalDFE
40,40,617.26870723,0.000460465065031,53.8376461384,0.000651499501484,-27112.7667823,BimodalDFE
41,41,605.74535296,0.000487296459299,1.05396715244,0.0898044717591,-27501.8330383,BimodalDFE
42,42,244.301903064,0.00477513539974,567.771572605,0.000557416926965,-26978.466818,BimodalDFE
43,43,598.10251623,0.000505367769442,73.4196718596,0.00128314517705,-27544.3641345,BimodalDFE
44,44,609.657518196,0.00048282936646,91.8562184749,0.00101264729782,-27468.7682311,BimodalDFE
45,45,3.34155853959,0.321977870565,924.080223019,0.001346987799,-10679.3211497,BimodalDFE
46,46,609.971899302,0.000485777279795,88.1765869534,0.00103682677869,-27427.7773582,BimodalDFE
47,47,571.995511926,0.000648914471254,114.225103246,0.0311577833821,-15099.2669599,BimodalDFE
48,48,87.5593186034,0.00113070231983,611.777394286,0.000481255740365,-27512.7382686,BimodalDFE
49,49,0.294344716878,0.548685380302,713.450956364,0.0251746143628,-4814.03828673,BimodalDFE
50,50,84.2293541881,0.00109167228916,601.931829549,0.000497068689179,-27513.5518642,BimodalDFE
51,51,598.904016874,0.000502078019202,77.9842708853,0.00117507355857,-27433.3900165,BimodalDFE
52,52,911.248529816,0.000294506892775,120.077814085,0.155465212963,-18431.9482673,BimodalDFE
53,53,1.06879110467,0.0848925088347,588.850332634,0.00052128786203,-27401.9301626,BimodalDFE
54,54,618.560168195,0.000465027301319,103.101018415,0.0009345099339,-27435.8845682,BimodalDFE
55,55,161.455808611,0.277064046337,463.908269763,0.00869232657803,-7484.43357592,BimodalDFE
56,56,0.240858953338,0.0164442109485,779.396568993,0.0543320856751,-3950.51606768,BimodalDFE
57,57,605.291438093,0.000492549334815,1.06057265459,0.0947852924982,-27546.60985,BimodalDFE
58,58,35.2647702513,0.46366980816,808.176943232,0.00029527049337,-17330.1395678,BimodalDFE
59,59,20.6953356933,0.317506537665,735.713087116,0.0372919498848,-4542.90367756,BimodalDFE
60,60,70.9852538106,0.168577660256,757.580548768,0.024800922716,-4846.01673434,BimodalDFE
61,61,605.819904725,0.000488878977114,81.9229708602,0.00120841024075,-27550.8695327,BimodalDFE
62,62,151.20099574,8.49736717118e-05,585.698544762,0.126208058079,-21396.257658,BimodalDFE
63,63,255.516357126,0.0508921109859,396.641469118,0.00405687489815,-8185.73588282,BimodalDFE
64,64,864.203598946,0.00422151193408,746.368159095,0.0682312077087,-3857.60714264,BimodalDFE
65,65,80.7972166492,0.00117037252174,609.642280348,0.000487693669123,-27462.8938022,BimodalDFE
66,66,7.41658182196,0.816966181379,641.358320061,0.0208959703329,-5815.93275922,BimodalDFE
67,67,100.469319776,0.000912652257883,615.957227251,0.000474814316322,-27431.6503034,BimodalDFE
68,68,576.359296932,0.000403254935482,61.1973146444,0.0545638654177,-19169.2296746,BimodalDFE
69,69,302.176070261,0.945395623032,792.436048648,0.021347370279,-4408.12728927,BimodalDFE
70,70,0.0853636466513,0.6975835297,476.113862867,0.0451028247384,-6026.70286461,BimodalDFE
71,71,78.4233912261,0.00119791152723,603.709285429,0.000498769927299,-27476.8262066,BimodalDFE
72,72,585.18247577,0.000530531104102,70.3142164942,0.00174344350087,-27521.4573862,BimodalDFE
73,73,608.263111023,0.000491088420342,1.06159025681,0.0952570417162,-27625.7549178,BimodalDFE
74,74,88.6095562856,7.59605963185e-07,584.977773049,0.000535485248573,-27433.8639691,BimodalDFE
75,75,600.976734265,0.000501023540462,74.3008732985,0.0012814759468,-27438.9564899,BimodalDFE
76,76,3954.03405363,0.788298552566,604.508699706,0.0375472812674,-4730.65112818,BimodalDFE
77,77,603.147352851,0.000492912667188,1.05525193955,0.0883744387443,-27445.493332,BimodalDFE
78,78,574.545884506,0.00194818925774,872.89726725,0.000501727920495,-11112.0988487,BimodalDFE
79,79,91.319097571,0.00100917099892,611.133944056,0.000482614065814,-27493.5046489,BimodalDFE
80,80,1.01079215969,0.296250888237,76.5117990769,0.00122727734962,-27446.4458142,BimodalDFE
81,81,619.876347713,0.000467185348872,1.04835205283,0.0907640237857,-27587.0202733,BimodalDFE
82,82,1e-20,0.747459904679,690.000594073,0.2,89575.9509998,BimodalDFE
83,83,332.871734591,0.426295302878,672.330933466,0.00854356404118,-5451.78012197,BimodalDFE
84,84,4.97671398458,0.00200648954476,362.44039832,0.0012776440695,-25926.9374358,BimodalDFE
85,85,616.71910044,0.000469731168008,102.903785638,0.000935781876511,-27558.0805343,BimodalDFE
86,86,595.302531368,0.000508041986199,1.05826102309,0.0794087754513,-27538.4059047,BimodalDFE
87,87,71.4923869595,0.00142892098588,607.141596685,0.000493371343264,-27542.6888622,BimodalDFE
88,88,603.959314334,0.00049625518629,82.2402064172,0.0011121867338,-27434.1877788,BimodalDFE
89,89,19.1896931916,0.242569196835,1153.86742968,0.00895578922702,-4417.93676359,BimodalDFE
90,90,564.995747363,0.82268154981,1069.1361964,0.2,-3256.30192281,BimodalDFE
91,91,635.659696154,0.000494220711586,0.156124702777,0.106355682641,-22842.1603044,BimodalDFE
92,92,291.822992999,0.0017766078747,0.781598003652,0.0707880575296,-23246.1049959,BimodalDFE
93,93,618.763320284,0.000465887056734,115.851577563,0.000795978743971,-27448.9263606,BimodalDFE
94,94,704.335769024,0.00667038268411,1362.2697456,0.000768069538194,-6325.25069764,BimodalDFE
95,95,181.771791688,0.22367474418,794.252132603,0.00039415977184,-7932.29380946,BimodalDFE
96,96,29.8164678567,0.121666714966,444.82444783,0.00628141110551,-10274.3774486,BimodalDFE
97,97,449.501664216,0.00753221830675,231.757759176,0.0612786034754,-7804.65955916,BimodalDFE
98,98,600.429739796,0.000432230962884,463.408461706,1.24150130725e-05,-25922.5569232,BimodalDFE
99,99,6.11503728659,0.248193462954,152.854263031,0.00336841704733,-18199.3347403,BimodalDFE
100,100,102.924075256,0.000901945786089,624.223070446,0.000433767258543,-27229.7774331,BimodalDFE
101,101,711.97939188,0.963139295436,1392.8919215,0.2,-2657.08918815,BimodalDFE
102,102,611.845066472,0.00048381969421,82.3459026792,0.0011895774343,-27589.5713337,BimodalDFE
103,103,546.277898186,0.821393927786,573.569495464,0.0202182356608,-5615.21174727,BimodalDFE
104,104,614.712837236,0.000474446444743,102.181604056,0.000870793338542,-27507.4446533,BimodalDFE
105,105,49.2223085837,0.0040328996018,851.764139406,0.0293174354391,-4217.13897903,BimodalDFE
106,106,1207.16962035,0.257483148113,679.104253304,0.0223304090908,-4939.62580087,BimodalDFE
107,107,14854.0925967,0.985269740964,742.604976602,0.0202343402683,-3850.12869894,BimodalDFE
108,108,575.175644609,0.000550426390917,34.6666036723,0.00278272519929,-27447.2582721,BimodalDFE
109,109,615.796713817,0.000472977580013,1.04803152534,0.0909040465293,-27485.4992141,BimodalDFE
110,110,0.0489895948252,0.961561272383,388.304297947,0.0514252834698,-6471.64596522,BimodalDFE
111,111,2.07283695253,0.193090943586,830.671567419,0.00381374394056,-7682.04769483,BimodalDFE
112,112,606.887095661,0.000848183783172,248.520948188,0.00340671110234,-15149.8955895,BimodalDFE
113,113,590.160856348,0.000514972637753,1.06723199078,0.0865288827357,-27403.2954898,BimodalDFE
114,114,6.14574630609,0.00447999423476,265.954468767,0.0287953913587,-9520.14405663,BimodalDFE
115,115,84.1675291995,0.00109051296671,604.725188114,0.000494142881165,-27472.4474566,BimodalDFE
116,116,612.337967518,0.000480265297935,1.04966859793,0.0867732246368,-27422.26301,BimodalDFE
117,117,7.64751670879,0.332062853802,530.329658563,0.00309621622213,-11786.5904103,BimodalDFE
118,118,605.905903976,0.000490458650093,88.2785978027,0.00106449601048,-27542.8585378,BimodalDFE
119,119,620.799459548,0.000469104254029,1.05582877424,0.0979483845622,-27543.9440781,BimodalDFE
120,120,592.786338227,0.000512750773241,68.7363623229,0.00131722177459,-27559.703293,BimodalDFE
121,121,174.74224631,0.000307261271847,610.094815172,0.000412283849807,-26601.8508652,BimodalDFE
122,122,600.700499314,0.000500765777042,1.05871229383,0.0870712221192,-27564.6785724,BimodalDFE
123,123,613.647155912,0.000471465735286,115.431960698,0.000782245030938,-27627.3994713,BimodalDFE
124,124,38.0440054454,0.000231883904497,502.192171524,0.00097733552486,-23541.0168363,BimodalDFE
125,125,57.1071550498,0.007901933654,585.015913214,0.000531557903474,-27259.4194966,BimodalDFE
126,126,632.88736683,0.0107845850445,903.191101364,0.00148144667756,-6365.3090663,BimodalDFE
127,127,178.801576747,0.021693095043,191.221054006,0.040845998644,-10001.9583704,BimodalDFE
128,128,72.9430624745,0.00113694595414,595.114534223,0.000511561533817,-27431.6882357,BimodalDFE
129,129,507.474416273,0.00102544606088,94.9007186392,0.00449037843406,-20410.0002023,BimodalDFE
130,130,9.45238979744,0.894944980541,516.097452925,0.000662863940832,-23492.695235,BimodalDFE
131,131,82.3375263524,0.00112719188245,600.39947028,0.000498572339294,-27388.5870777,BimodalDFE
132,132,321.440716177,0.000798407347342,305.674704904,0.000143665247523,-21325.1741582,BimodalDFE
133,133,73.2305076656,0.295801126677,764.618451313,0.000336678234646,-15815.0293474,BimodalDFE
134,134,110.123955585,0.000916648373791,630.803870623,0.000448096572948,-27500.1258946,BimodalDFE
135,135,598.758431876,0.000503756189803,70.0676916818,0.00135974039255,-27406.4456009,BimodalDFE
136,136,4.73615305147,0.100992441428,806.652511105,0.000453315033534,-22814.3913519,BimodalDFE
137,137,622.615497383,0.000463205668862,1.04682535362,0.0907989569441,-27414.9039182,BimodalDFE
138,138,13.8204065785,0.97093825907,622.23142943,0.00277603468419,-10703.2056996,BimodalDFE
139,139,88.4019974476,0.000967864823305,603.793179036,0.000493886106518,-27483.5982767,BimodalDFE
140,140,304.029392449,0.567751016526,662.344287234,0.00486748951038,-5453.78669366,BimodalDFE
141,141,110.899418287,0.000819103894452,616.325819651,0.000471439076125,-27477.1901938,BimodalDFE
142,142,756.611689883,0.0403409437162,601.599492167,0.0133810472422,-4222.15236701,BimodalDFE
143,143,604.604150731,0.000493140685625,1.06072327555,0.0923425706204,-27463.9397952,BimodalDFE
144,144,1.55863555029,0.0929439116531,957.481241741,0.032436046245,-3692.94705193,BimodalDFE
145,145,37.1894288065,0.991321894299,435.845656784,0.150585180637,-5304.35640914,BimodalDFE
146,146,266.10293362,0.00686883718462,55.7095274069,0.00664914881415,-15073.0215662,BimodalDFE
147,147,1.05626628483,0.0852129180556,605.075510233,0.000492211613576,-27464.4906784,BimodalDFE
148,148,505.188115276,2.41342324128e-05,468.067836125,0.00132347320332,-20494.6769135,BimodalDFE
149,149,707.097913513,0.955197343217,709.832261522,0.00594975220272,-5807.39501195,BimodalDFE
150,150,601.405879957,0.000470065983114,513.395388104,0.000615854276433,-25942.6634761,BimodalDFE
151,151,606.992293985,0.000487798223014,84.7821855273,0.00114239531129,-27399.8740589,BimodalDFE
152,152,600.569828471,0.00049978771481,76.7362472264,0.0011767508736,-27510.2072801,BimodalDFE
153,153,609.782542404,0.000483604369837,91.8313184659,0.00097970850434,-27445.2107158,BimodalDFE
154,154,612.564990597,0.00048103035577,1.05329633615,0.0901895094195,-27481.5924318,BimodalDFE
155,155,630.399312575,0.000448446393067,118.176028245,0.000836979273471,-27481.8172822,BimodalDFE
156,156,612.345334062,0.000470632189367,167.915203387,0.0704182202054,-25166.7834755,BimodalDFE
157,157,67.7365929777,0.0596770680347,238.601345348,0.00930828511859,-13658.1533406,BimodalDFE
158,158,322.645886328,0.00151277642943,0.936116161199,0.0450044604988,-24798.2409238,BimodalDFE
159,159,3101.79272905,0.994110746766,716.790528047,0.000147009603223,-7129.084504,BimodalDFE
160,160,608.025624708,0.000486242394534,86.8942246759,0.00107242184348,-27509.3950621,BimodalDFE
161,161,1.05083794272,0.0843305345483,608.063318602,0.000485724974821,-27521.9519105,BimodalDFE
162,162,806.858374856,0.00237058113431,393.188987334,0.171936944149,-6267.1278561,BimodalDFE
163,163,612.98672115,0.000479414161059,1.05596154959,0.0907843399017,-27487.875205,BimodalDFE
164,164,108.517817645,0.0840606131117,760.923001551,0.0199136080014,-5098.31694667,BimodalDFE
165,165,598.295586863,0.000499811009565,81.781253554,0.00112040997014,-27524.9538731,BimodalDFE
166,166,793.403019868,0.00019512959886,1.01797906704,0.2,-27493.6806851,BimodalDFE
167,167,605.075723291,0.000491682758697,80.6512907904,0.00120765921967,-27420.5476636,BimodalDFE
168,168,0.430556428233,0.0992700862049,455.099909503,0.000470687569474,-24319.8021907,BimodalDFE
169,169,86.3558251736,0.00113458773416,613.984574816,0.000478630333761,-27457.5740332,BimodalDFE
170,170,481.33877886,0.399933159447,689.447905674,4.95970422124e-05,-5916.17987616,BimodalDFE
171,171,620.858748433,0.000469151890501,97.2642745726,0.00101448292213,-27532.2863366,BimodalDFE
172,172,86.0352748024,0.000959985604032,599.832518869,0.000501618473651,-27368.2681834,BimodalDFE
173,173,1578.03929488,0.342677067719,644.035550474,0.0079513846544,-5344.66862644,BimodalDFE
174,174,646.726738188,0.00440391915104,208.193076044,0.0856278075546,-7394.13694727,BimodalDFE
175,175,607.067193791,0.000490430264076,87.0889320089,0.00103500107185,-27443.2926558,BimodalDFE
176,176,0.734483340037,0.0427911807736,561.948866254,0.000255870502826,-10860.5306806,BimodalDFE
177,177,0.135433434578,0.929955097901,454.217010275,0.0798223624528,-5670.1328204,BimodalDFE
178,178,129.403428316,0.657748814943,419.057387231,0.00107285278946,-10644.6025754,BimodalDFE
179,179,612.464136831,0.000481554808858,87.6439666107,0.00110908529162,-27491.9463598,BimodalDFE
180,180,367.490440975,0.0250864418531,724.977982603,0.00380761197816,-6876.67916967,BimodalDFE
181,181,857.723385517,0.00511554149356,759.185595601,0.000145662481284,-8364.30929104,BimodalDFE
182,182,1.06454493221,0.0888128861338,600.566665381,0.00050225549189,-27464.8325943,BimodalDFE
183,183,53.2578678344,0.000250942724143,591.782489274,0.00051329827748,-27319.159051,BimodalDFE
184,184,614.264965291,0.000472842904511,111.703791394,0.000789643617806,-27448.3407672,BimodalDFE
185,185,25.9985720361,0.893260129305,795.354336208,0.0118864947891,-5634.14658665,BimodalDFE
186,186,39.9459186677,0.0682748653371,509.056404145,0.000600157396984,-26386.7791835,BimodalDFE
187,187,20.3887980452,0.00200849462966,331.97320372,0.0199194459868,-9006.45616373,BimodalDFE
188,188,362.360901222,0.645061107188,219.981585692,0.00153282516502,-13522.6891861,BimodalDFE
189,189,129.431991019,0.00626833514104,592.153997968,0.000515281358061,-27173.7683122,BimodalDFE
190,190,596.241819903,0.000504311297714,81.835935564,0.00110679478808,-27513.3635005,BimodalDFE
191,191,595.419099669,0.000496648693477,57.5923182423,0.000477601339544,-27229.6514475,BimodalDFE
192,192,90.604609616,0.00108716838074,615.041776633,0.000476701633887,-27506.4677942,BimodalDFE
193,193,299.428427159,0.00210882839874,0.0010680141771,0.000650566011075,-23478.6229551,BimodalDFE
194,194,604.430883881,0.00049449240286,1.05625668306,0.0867319028173,-27463.0982495,BimodalDFE
195,195,544.976719472,0.000323801386746,648.499891234,0.000256837968063,-26955.9464449,BimodalDFE
196,196,597.332296676,0.000504465457052,84.6721396451,0.000995264881129,-27531.8981936,BimodalDFE
197,197,340.139762952,0.00168799507821,273.197500099,0.000551396562018,-21917.0986295,BimodalDFE
198,198,558.954730437,0.000583221636434,26.5204775761,0.153633938755,-27332.2087118,BimodalDFE
199,199,596.999849357,0.000508124902216,71.6398067887,0.00128189506149,-27506.0341303,BimodalDFE
200,200,560.827604769,0.000581596340606,23.835114356,0.00034901899274,-27509.1436833,BimodalDFE
201,201,719.536174237,0.18068235917,543.927087626,0.0114577662963,-7021.6443984,BimodalDFE
202,202,44.9859533328,0.221317313815,498.638930372,0.0037741538162,-10951.4374695,BimodalDFE
203,203,608.895347314,0.000484354667218,93.0386543939,0.000995969027427,-27466.1677793,BimodalDFE
204,204,591.57993848,0.000517717028949,76.643612007,0.00107456488883,-27465.3319664,BimodalDFE
205,205,395.896516603,0.976103841057,712.575281294,0.0182525065911,-4424.96147404,BimodalDFE
206,206,2.29438679777,0.0802736836729,950.922989715,0.00953363915813,-5142.33359351,BimodalDFE
207,207,24.1254624396,0.0175338079721,500.711124585,0.00106015879402,-21822.6783688,BimodalDFE
208,208,95.3438104166,0.00168125509658,699.561267803,0.0125068147384,-6161.80692785,BimodalDFE
209,209,260.675812477,0.00501497559695,607.238281233,0.000472869417886,-26356.318939,BimodalDFE
210,210,534.274486431,0.000607078357055,16.7883389262,0.1761077627,-26938.5242028,BimodalDFE
211,211,602.6002281,0.000492483307265,1.05414816315,0.0856576904801,-27498.2390363,BimodalDFE
212,212,608.859355603,0.000481496794462,99.9922611854,0.000874268869266,-27445.738512,BimodalDFE
213,213,607.702479698,0.000486750621342,1.0543437744,0.0898177867389,-27527.9313099,BimodalDFE
214,214,24.2317852185,0.367794816169,612.80875975,0.0652775741049,-4712.52412154,BimodalDFE
215,215,4.92437541255,5.36805247024e-05,921.075043192,0.00676980392811,-5871.71566564,BimodalDFE
216,216,329.79044945,0.00141233214288,1.15255344219,0.00710604978598,-25325.777702,BimodalDFE
217,217,75.4276644117,0.00119905546479,600.529738199,0.000504031429941,-27543.6270474,BimodalDFE
218,218,204.389217113,0.000903641551592,1.00864631652,0.196836163246,-27385.7910386,BimodalDFE
219,219,604.783002511,0.000492611636691,86.5231942849,0.00107483515105,-27431.3144007,BimodalDFE
220,220,591.968670763,0.000514051924874,74.1398889573,0.00120437523186,-27570.5472727,BimodalDFE
221,221,610.756237361,0.000483776735462,1.05947277518,0.0926798546004,-27435.9523939,BimodalDFE
222,222,245.120411631,0.00321610777805,650.14740932,0.000824690823043,-14926.6738487,BimodalDFE
223,223,610.125560456,0.000476949241091,114.751338815,0.000770388721522,-27427.7604093,BimodalDFE
224,224,79.3895835356,0.00118474598548,606.44480323,0.000492769495471,-27562.3247913,BimodalDFE
225,225,74.3850443374,0.00122773768469,599.299187229,0.000501493960096,-27453.8547666,BimodalDFE
226,226,115.86972429,0.0756055180216,666.959110614,0.000929293200292,-11580.0589612,BimodalDFE
227,227,554.137485576,0.000590351076159,70.9412756083,0.120928178026,-27310.045442,BimodalDFE
228,228,608.841307545,0.000480401868173,1.04843495363,0.0883360151498,-27567.0458577,BimodalDFE
229,229,599.964407416,0.000501431294731,1.06191805088,0.0857653973001,-27449.4948887,BimodalDFE
230,230,80.8315010689,0.00112627508267,601.016077744,0.000498663779363,-27547.6050501,BimodalDFE
231,231,132.490949085,0.967502724616,462.251594785,0.000275127067484,-15419.5505658,BimodalDFE
232,232,563.803149634,0.000575200357616,15.7524454175,0.0271717842326,-27352.8291252,BimodalDFE
233,233,16.3066804077,0.963857188097,908.502388128,0.0414500502334,-3654.88755461,BimodalDFE
234,234,80.2875319744,0.00110169822917,600.244794402,0.000499896884871,-27483.7830269,BimodalDFE
235,235,607.107281874,0.000488012183229,1.05749408025,0.0915315329029,-27463.521712,BimodalDFE
236,236,597.766457377,0.000504156044716,76.5941808928,0.00120694464508,-27474.3866584,BimodalDFE
237,237,595.265141139,0.000511785345313,76.3919565254,0.00110115007037,-27530.3691638,BimodalDFE
238,238,813.640949615,0.0153433736755,674.4991705,0.0151383651859,-4664.76825855,BimodalDFE
239,239,592.195548038,0.000508576262126,1.06325120053,0.0877077085461,-27456.3175507,BimodalDFE
240,240,1.00959177035,0.997401141864,1090.00086237,2.9293313913e-06,-13226.6467656,BimodalDFE
241,241,585.605423681,0.000528965457599,84.3262986677,0.00477214906494,-27239.9645842,BimodalDFE
242,242,86.2672638638,0.00103871889542,608.77212176,0.00048922950137,-27510.7863041,BimodalDFE
243,243,608.589732491,0.000489516095948,79.3430968768,0.00123286684448,-27530.7932246,BimodalDFE
244,244,608.597274828,0.000492254725071,61.1231006097,0.000754421733851,-27449.0146516,BimodalDFE
245,245,438.429826781,0.00441684731696,814.153676266,0.000468408091824,-10615.4348177,BimodalDFE
246,246,80.4713729488,0.0011855449973,607.20908581,0.000490219230157,-27542.8574206,BimodalDFE
247,247,486.156207171,0.00026714499504,368.792512357,0.00228206064488,-17443.5510915,BimodalDFE
248,248,602.678475427,0.00049566754793,86.8010568941,0.00101791814085,-27460.8338308,BimodalDFE
249,249,611.832621533,0.000482031587356,88.4815247711,0.00104156809667,-27423.0603639,BimodalDFE
250,250,119.298761518,0.000769315822045,617.47528405,0.000466783645483,-27510.2812131,BimodalDFE
251,251,599.185241853,0.000501560117082,76.8665788486,0.00120430059341,-27428.2678455,BimodalDFE
252,252,312.735899406,0.00138966690425,521.852144416,0.00428101330987,-10161.0040371,BimodalDFE
253,253,612.898517319,0.000485955496836,1.05705954284,0.0863976513218,-27529.8862851,BimodalDFE
254,254,84.3050498217,0.0011092002582,605.534961155,0.000491185115354,-27481.7659871,BimodalDFE
255,255,0.574335627224,0.167923281985,739.861615472,0.0150690042852,-5471.54692803,BimodalDFE
256,256,601.634487612,0.000494650406086,1.05466429556,0.0864429450009,-27382.9308977,BimodalDFE
257,257,605.141910209,0.000496521042402,1.06418538948,0.0892472207506,-27486.2681211,BimodalDFE
258,258,70.1661084157,0.00132336338089,598.027527343,0.0005061056396,-27608.788922,BimodalDFE
259,259,48.2245886907,0.0746944941129,613.100284865,0.000476384555119,-19849.5706435,BimodalDFE
260,260,607.151402636,0.000489254573644,91.0572526097,0.00097192360602,-27459.7533877,BimodalDFE
261,261,605.058205372,0.000493266546712,87.8920121969,0.00101234059267,-27457.0186297,BimodalDFE
262,262,603.880766749,0.000490719844306,96.3419069958,0.000898242718857,-27523.4594815,BimodalDFE
263,263,603.598837729,0.000495698071957,1.05722613014,0.0827838380666,-27420.0216165,BimodalDFE
264,264,335.657373772,0.000132566231376,669.528581687,0.000487322103312,-25645.5714094,BimodalDFE
265,265,600.023271592,0.00050232476307,82.0086297664,0.00104787261358,-27504.3777917,BimodalDFE
266,266,374.787165585,0.0217882697616,465.554082154,0.00522554649082,-7577.62102701,BimodalDFE
267,267,84.1536572066,0.00114443945673,606.319723,0.000488463865778,-27431.1897306,BimodalDFE
268,268,618.558843872,0.000468898205314,107.36133139,0.000860363542514,-27540.7018585,BimodalDFE
269,269,111.327999741,4.87226129913e-05,206.27007907,0.00962673861035,-16378.870714,BimodalDFE
270,270,606.713370991,0.000488712780816,85.504018037,0.00108257673143,-27476.9073172,BimodalDFE
271,271,1.01078304537,0.295732172954,87.9492744338,0.00102040102036,-27518.1755349,BimodalDFE
272,272,765.988025576,0.212808755489,0.609764737758,0.2,-3105.33722794,BimodalDFE
273,273,603.709417846,0.000487561989261,61.2368955292,0.000875980020793,-27457.2128735,BimodalDFE
274,274,601.660211177,0.000498905062274,78.1564143079,0.00115440609784,-27518.5765129,BimodalDFE
275,275,622.987170235,0.000454239730975,134.17589563,0.000676124109383,-27458.8164727,BimodalDFE
276,276,413.546922086,0.0044362891669,261.419919818,0.0409081646679,-8292.38367662,BimodalDFE
277,277,598.395127566,0.000506545528062,74.1277250885,0.00123040345438,-27518.0588466,BimodalDFE
278,278,599.272241949,0.000502137809532,1.06466775246,0.0915146674081,-27582.9200695,BimodalDFE
279,279,307.581003925,0.246395051777,674.319988505,0.00146839336832,-7458.89584189,BimodalDFE
280,280,1590.08109724,0.000172877546568,56.7213143106,0.0045666544985,-19620.6617551,BimodalDFE
281,281,100.112282705,0.0029635969454,599.455538872,0.00050587168798,-27181.6453169,BimodalDFE
282,282,601.582679467,0.00049824384155,86.2480430017,0.00105682105034,-27447.6455556,BimodalDFE
283,283,117.536100581,0.00690141455839,567.971718465,0.000705989907262,-19790.9014697,BimodalDFE
284,284,29.3666821348,0.122334783344,706.027192826,0.0648055289825,-4176.25448399,BimodalDFE
285,285,0.699648855074,0.275805433154,531.621038177,0.00540236381474,-7148.57530786,BimodalDFE
286,286,587.200286245,0.000522372105156,1.06839324759,0.0830924563005,-27434.6011981,BimodalDFE
287,287,1533.61068783,0.0162595401345,6929.10668776,0.000149595238518,-2573.13705,BimodalDFE
288,288,300.953899503,0.515640333459,467.589628049,0.000547854314985,-13594.4044205,BimodalDFE
289,289,617.338608282,0.000472149399358,95.5693750934,0.00099033694191,-27483.763554,BimodalDFE
290,290,462.221087373,0.000866427458123,433.225344668,0.000133909830409,-25329.0979382,BimodalDFE
291,291,598.448343424,0.000500176567053,85.0911552722,0.0010706208846,-27489.3630761,BimodalDFE
292,292,1316.45596608,0.85273446518,337.063229669,0.000451892642566,-11382.7055352,BimodalDFE
293,293,936.984789213,0.758189392155,5628.18083099,0.2,-2201.95791967,BimodalDFE
294,294,798.222617178,0.360911867437,250.304893336,0.0206209405581,-2764.91985937,BimodalDFE
295,295,0.890572388668,0.194488427367,763.744626485,0.0100981669609,-4372.62733779,BimodalDFE
296,296,595.511148152,0.00051030784056,79.8098751867,0.0103420777403,-27239.5415211,BimodalDFE
297,297,615.684441305,0.00047039688795,102.854565379,0.000951123107276,-27455.6088505,BimodalDFE
298,298,343.679301584,0.987741625769,560.097586014,0.000580117089536,-25556.1788486,BimodalDFE
299,299,603.24827686,0.000494126916041,1.06149090351,0.0921656481035,-27441.8621876,BimodalDFE
300,300,91.2059264281,0.0330184813707,0.0627437987677,0.158650494322,-16647.0995474,BimodalDFE
301,301,616.043323559,0.000474432056555,1.05422758556,0.0939297013998,-27513.166213,BimodalDFE
302,302,600.365678282,0.000496897057701,98.2743788119,0.000839330318122,-27445.1636427,BimodalDFE
303,303,94.3593494581,0.000980451872301,611.266664606,0.000481516512873,-27487.4831944,BimodalDFE
304,304,605.30249607,0.000493479568575,1.06031501979,0.0891241823513,-27609.743139,BimodalDFE
305,305,321.540930147,0.62595503501,608.874112163,0.0374396356326,-5021.93790598,BimodalDFE
306,306,79.064405282,0.00121140430164,605.363363019,0.000494221537027,-27515.5964711,BimodalDFE
307,307,559.431871787,0.00442586080111,325.83489173,0.00709822292888,-8732.56173853,BimodalDFE
308,308,623.736313159,0.000457532113843,119.883901505,0.000781975363,-27434.9932478,BimodalDFE
309,309,0.227022644017,0.000769030016535,534.216267505,0.000606067448185,-21411.6448146,BimodalDFE
310,310,696.273768513,0.000743823756904,0.498915630975,0.16107031456,-14213.0847891,BimodalDFE
311,311,596.553705566,0.000507430145541,83.2291775894,0.0010273725278,-27541.439203,BimodalDFE
312,312,72.7143484973,0.00128188781521,598.832229255,0.000503393179079,-27492.1398763,BimodalDFE
313,313,611.930337897,0.000487227232175,1.06078654089,0.0875990620357,-27520.4498522,BimodalDFE
314,314,81.0805056342,0.00100876101938,590.164688043,0.000514912298543,-27518.6700987,BimodalDFE
315,315,558.254708469,0.134012996933,637.567262527,0.000397285353327,-6041.26957284,BimodalDFE
316,316,1.04699192599,0.0911845184058,618.799806872,0.00046666029563,-27473.4653751,BimodalDFE
317,317,90.9563999225,0.00106563063626,611.762913878,0.000478549236868,-27505.8461263,BimodalDFE
318,318,556.193109114,0.000589996215705,16.6440725297,0.0363474854481,-27326.4091022,BimodalDFE
319,319,622.678571218,0.00046503747954,92.3933296925,0.00108548226191,-27536.9678715,BimodalDFE
320,320,622.680136355,0.000462142657885,101.435007988,0.000962221152988,-27523.074686,BimodalDFE
321,321,599.539326573,0.00050011080849,76.3766823376,0.0012416725243,-27476.1125527,BimodalDFE
322,322,603.085759922,0.000493733604179,89.0341014974,0.00100573753964,-27546.8918737,BimodalDFE
323,323,610.791232796,0.000486210058187,85.2978145494,0.00106819068316,-27540.4050568,BimodalDFE
324,324,76.6972252578,0.00121499743383,601.443745283,0.000501177299975,-27478.894634,BimodalDFE
325,325,532.140706743,0.000515964744036,0.00435012154076,0.00103759515411,-26203.1007563,BimodalDFE
326,326,5.36130708595,0.746780142959,113.836026816,0.0440217611494,-15219.3885782,BimodalDFE
327,327,4.12486711454e-06,0.0130141634565,666.835439857,0.00166080398958,-5464.57046058,BimodalDFE
328,328,120.690706863,0.000808321353834,623.267541729,0.000455795896358,-27501.280847,BimodalDFE
329,329,823.789835726,0.000290334047088,161.575247728,0.0011412972899,-26887.2316529,BimodalDFE
330,330,604.742816601,0.000499715814791,66.6216708325,0.00147390562866,-27566.9670102,BimodalDFE
331,331,655.677722734,0.00040947848854,94.741194326,0.198391238139,-22312.9029951,BimodalDFE
332,332,126.770541438,0.00152467378418,563.907013654,0.000380704752787,-25427.2668906,BimodalDFE
333,333,239.190598865,0.0133248077683,206.491611771,0.114905005145,-8118.13313902,BimodalDFE
334,334,602.888426125,0.000496442908509,81.244176836,0.00114111059672,-27421.2421,BimodalDFE
335,335,438.616597412,0.00353838818977,3118.3304297,6.17405728161e-05,-10767.9183742,BimodalDFE
336,336,45.608407595,0.256548828506,858.787240634,0.000946413437048,-12104.2358379,BimodalDFE
337,337,556.208770401,0.000792818586216,0.0360818053768,0.0737890453791,-10870.3815511,BimodalDFE
338,338,20.1376263617,0.000890330511343,515.435377084,0.0239004863595,-6567.69208681,BimodalDFE
339,339,597.231340405,0.000508764130203,65.5735159321,0.00142574522212,-27467.8678307,BimodalDFE
340,340,534.359347959,0.0012242332468,261.36542097,1.81709985125e-05,-18798.5692088,BimodalDFE
341,341,1e-20,0.489147714639,137.000269867,0.180398216531,89575.9509998,BimodalDFE
342,342,18.4746708844,0.580761458532,549.119259239,0.000386595178528,-23272.240898,BimodalDFE
343,343,593.118616226,0.00051010453803,76.6966350946,0.00116589215726,-27480.8790678,BimodalDFE
344,344,600.046178263,0.00050213686448,80.7449145055,0.00111017096033,-27527.6419126,BimodalDFE
345,345,1.92314855257,0.537256089525,852.760313679,0.00245317972576,-8839.33572104,BimodalDFE
346,346,94.8320005499,0.00102327965659,616.250952648,0.000473203844327,-27499.4701772,BimodalDFE
347,347,807.617192003,0.000265822613762,117.264495969,0.185545647715,-26471.6732007,BimodalDFE
348,348,101.742806054,0.916139050728,546.788761328,0.000583257588057,-26054.2479276,BimodalDFE
349,349,584.592180458,0.000522724648658,290.36065704,0.00105106890789,-26428.8137486,BimodalDFE
350,350,303.27880319,0.00286724315954,113.240892105,0.00184802369902,-19514.6070496,BimodalDFE
351,351,599.437432759,0.000499354837951,1.0546006004,0.08835347683,-27507.3392666,BimodalDFE
352,352,43.506407561,0.152493361266,753.201805447,0.000609586895631,-16132.383962,BimodalDFE
353,353,598.560175061,0.000505840949694,71.5445123408,0.001287404976,-27512.2929087,BimodalDFE
354,354,610.843577789,0.00048139709014,1.05090526015,0.088682605754,-27488.8119187,BimodalDFE
355,355,98.2630751051,0.000972792556229,620.202690034,0.000469587597986,-27563.3732021,BimodalDFE
356,356,82.3443056094,0.00115240476298,609.952340391,0.000486667787771,-27469.4402341,BimodalDFE
357,357,19.9433135807,0.645944458403,247.063874413,0.00327083661405,-18461.7435614,BimodalDFE
358,358,7.98093608029,0.982131521665,153.407606912,0.104405002005,-10238.2416889,BimodalDFE
359,359,610.584836264,0.000479636371216,1.04921980459,0.0884775272302,-27475.3185688,BimodalDFE
360,360,613.300744743,0.000471048272044,1.04609970653,0.0917551998692,-27472.0489678,BimodalDFE
361,361,143.811529141,0.00297630118204,1.0106306334,0.197241194726,-25341.8671288,BimodalDFE
362,362,23.5496691716,0.354909703399,530.968422957,0.0237444970042,-6454.13693959,BimodalDFE
363,363,1.05077337365,0.080302667928,605.679564196,0.000491771194335,-27445.855331,BimodalDFE
364,364,0.351614666494,0.581832059,242.403948351,0.00251110910747,-17051.6658606,BimodalDFE
365,365,594.078446655,0.000512373520278,1.06637351605,0.0843490614379,-27537.0129309,BimodalDFE
366,366,2.03181416375,0.0151033530274,781.310366519,0.00209052096373,-10152.4268374,BimodalDFE
367,367,73.6268487305,0.0952801554782,776.574669035,7.62963245243e-06,-15328.4662906,BimodalDFE
368,368,595.246637462,0.000507411667994,1.0612496345,0.081745545963,-27460.3078979,BimodalDFE
369,369,17586.4786239,0.0486444119893,1077.01465693,0.00222202024949,-8320.92123697,BimodalDFE
370,370,611.977584133,0.000481647701574,92.0903988297,0.00100346816992,-27506.2875159,BimodalDFE
371,371,603.549145489,0.000497251105334,88.1589896998,0.000961552358872,-27550.2939406,BimodalDFE
372,372,603.565848253,0.000495733810489,1.0574750951,0.0850192030876,-27567.9947467,BimodalDFE
373,373,622.078499246,0.000457162963759,0.508365663732,0.000289816936658,-27286.7973489,BimodalDFE
374,374,846.498866485,0.00269187699172,1.26179709281,0.150284550756,-8604.92063849,BimodalDFE
375,375,0.542463654329,0.0526250831872,564.871185572,0.000573905014972,-27363.4032639,BimodalDFE
376,376,1e-20,0.643998186222,93.0002229441,0.2,89575.9509998,BimodalDFE
377,377,71.0407546243,0.341440863019,460.509529451,0.000527066907102,-20297.791988,BimodalDFE
378,378,805.981739407,0.00138551607582,1600.93120808,0.00132320568827,-6074.51318675,BimodalDFE
379,379,81.5487880306,0.00109716670563,601.996963217,0.000498283905182,-27488.4020119,BimodalDFE
380,380,1.05180592558,0.0932429672264,613.836906736,0.000475390342752,-27514.5815108,BimodalDFE
381,381,1.04850839661,0.0873014231958,618.297419277,0.000471146060634,-27497.0654263,BimodalDFE
382,382,378.846592955,1.44189946099e-05,673.143283036,0.000445885462473,-27024.6911708,BimodalDFE
383,383,607.037760948,0.00048814132598,84.1052682772,0.00112738718092,-27513.4199362,BimodalDFE
384,384,607.89997602,0.000487334453646,88.0390652972,0.00104318661267,-27474.2973497,BimodalDFE
385,385,280.524029108,0.291944821474,520.753461679,0.0164609651684,-5900.22653727,BimodalDFE
386,386,9.87740363739,0.717687715548,586.49022174,0.0727042090358,-4800.9071603,BimodalDFE
387,387,54.4211716112,0.0495549911969,459.188837779,0.0015557042716,-16629.8128954,BimodalDFE
388,388,0.685480203155,0.546560538305,422.885694669,0.0816505649046,-5956.98655594,BimodalDFE
389,389,620.446892188,0.000469222457529,96.1484435774,0.00100939449302,-27588.254491,BimodalDFE
390,390,600.314718723,0.000470014275262,81.1378239046,9.04059681968e-05,-26774.6930341,BimodalDFE
391,391,612.420240948,0.000478181661484,98.5049500892,0.000997693927887,-27473.9207668,BimodalDFE
392,392,606.063106552,0.000492959435904,1.05595971567,0.0846374652282,-27494.6158731,BimodalDFE
393,393,1.06878161743,0.0901842596871,597.58667569,0.000506946922763,-27505.3931382,BimodalDFE
394,394,165.61016709,0.0012451902488,583.495961939,0.000531483127161,-27378.7698976,BimodalDFE
395,395,48.1582596678,0.384503672253,849.027848597,0.00538512173766,-6655.9517319,BimodalDFE
396,396,11.8470882828,0.00500809801731,322.187886322,0.00042068781729,-16118.4308788,BimodalDFE
397,397,597.917489289,0.000506402758104,72.0310391396,0.00130172185441,-27531.5550707,BimodalDFE
398,398,273.752954254,0.00176803404951,0.997439922656,0.0348927895828,-24245.0437269,BimodalDFE
399,399,76.8604222234,0.000137422096329,326.98650536,0.00920232697967,-11455.4154698,BimodalDFE
400,400,605.501987028,0.000414846639954,583.00062788,1.91977790002e-05,-25945.1108288,BimodalDFE
401,401,225.849871534,0.0213613252487,386.303384177,0.000927904748029,-25653.8777527,BimodalDFE
402,402,610.38982488,0.00048528789805,79.335548709,0.00126780714552,-27450.0349066,BimodalDFE
403,403,7.07093272823e-05,0.998635193824,601.77561314,0.0135703907507,-4526.51461279,BimodalDFE
404,404,613.489682926,0.000473790989026,108.065180136,0.000859117097746,-27367.3234437,BimodalDFE
405,405,1.01279277503,0.715192044708,134.621953546,0.0105962926967,-17848.5065,BimodalDFE
406,406,5.78659989564,0.137300195652,745.019928712,0.0271507006372,-4844.44897981,BimodalDFE
407,407,81.9624361899,0.00113957930531,604.575853435,0.000495208778325,-27631.6148469,BimodalDFE
408,408,600.019121761,0.000500196168132,77.0107202016,0.00122943686306,-27556.6302805,BimodalDFE
409,409,618.090934261,0.000472527788267,101.170856362,0.000910547135743,-27475.9430164,BimodalDFE
410,410,15.6759823072,0.557468242418,536.971788308,0.033841623084,-5962.23320875,BimodalDFE
411,411,606.129053787,0.000488112873233,94.4810475704,0.00095457255992,-27537.2106459,BimodalDFE
412,412,799.250505067,0.000223570966483,225.411901981,0.00792720822405,-15969.5307616,BimodalDFE
413,413,94.5115189193,0.000968555175823,611.041967221,0.000483009182515,-27599.9195389,BimodalDFE
414,414,624.691115141,0.000459563474187,1.04813185292,0.0945494093877,-27539.2275407,BimodalDFE
415,415,606.181789808,0.000493510455211,81.0873310004,0.0011426334246,-27495.9058578,BimodalDFE
416,416,35.7069361064,0.201463768933,846.962742076,0.0476641370662,-3793.93304195,BimodalDFE
417,417,88.1262468668,0.000990410955379,604.153259019,0.000494111088322,-27457.2569219,BimodalDFE
418,418,601.661343399,0.000491325340775,85.4005005475,0.00110948957831,-27446.1449051,BimodalDFE
419,419,611.691567537,0.000481393316148,1.05483043356,0.0905896724577,-27480.2539461,BimodalDFE
420,420,167.433847479,0.412705745976,379.278628323,0.00186762794023,-11764.1667179,BimodalDFE
421,421,599.864182252,0.000504170858196,73.6014582477,0.00127653235524,-27504.4935268,BimodalDFE
422,422,902.494709414,0.000207983758947,636.176950982,0.000319170330337,-22551.3547475,BimodalDFE
423,423,655.404184522,0.000374192127958,10.5514533599,0.00023677460592,-27080.0767411,BimodalDFE
424,424,619.080125816,0.000469322520639,86.8186017187,0.00120299051765,-27435.8010038,BimodalDFE
425,425,5.55567305238,0.0192042979834,601.229178434,0.00152101044745,-14783.7415182,BimodalDFE
426,426,727.610622393,0.000421804562226,73.9335779779,0.000769302242589,-26386.6951659,BimodalDFE
427,427,100.834125184,0.000955192562661,617.422868759,0.000471848295873,-27498.2710566,BimodalDFE
428,428,556.08369854,0.000584534850827,28.9668251879,0.000867584237368,-27505.2978124,BimodalDFE
429,429,596.811359867,0.000512487884744,55.3274431132,0.0123395163067,-27250.0337186,BimodalDFE
430,430,479.939898972,0.303073389817,544.692394413,0.000552799348623,-26787.8940862,BimodalDFE
431,431,76.4018681039,0.00115381789857,595.882267918,0.000507334137598,-27515.1614091,BimodalDFE
432,432,282.262594797,0.99224201835,637.334410341,0.0175187139085,-5085.24707881,BimodalDFE
433,433,0.029568577975,0.591784503506,639.833061094,0.0240480800473,-5534.88241085,BimodalDFE
434,434,3.07215571177,0.395177100676,877.782787212,0.0145196343777,-4932.68123223,BimodalDFE
435,435,590.992063419,0.000518226405446,65.2186761456,0.00139708604091,-27587.5744709,BimodalDFE
436,436,0.894618140512,0.0243241349772,453.433008154,0.00890112874559,-8866.37818631,BimodalDFE
437,437,279.092758126,0.000565597387417,1.00919140206,0.199324475629,-27488.7012123,BimodalDFE
438,438,601.38972705,0.000500066781534,74.3575276692,0.00164671069095,-27439.5891967,BimodalDFE
439,439,79.409061902,0.646673713705,752.397578664,5.3054701077e-09,-18283.4307139,BimodalDFE
440,440,553.244416926,0.000519223142172,19.7092418743,0.183217612465,-25356.8696378,BimodalDFE
441,441,79.2493844892,0.00118858455126,602.400021094,0.000496201197121,-27494.8023249,BimodalDFE
442,442,596.161747836,0.000504567364439,1.06168881725,0.0853383999467,-27411.4084988,BimodalDFE
443,443,199.908824348,0.516313650284,0.834682165718,0.142875205457,-7019.19764955,BimodalDFE
444,444,607.109557714,0.000487592054732,91.4074977366,0.000983901034485,-27510.948453,BimodalDFE
445,445,607.494126066,0.000487802640548,1.05418505997,0.0884358660855,-27567.4678553,BimodalDFE
446,446,527.379386408,0.0449528476615,1376.1790128,0.00379922354846,-5279.27393495,BimodalDFE
447,447,611.47034961,0.000482867058219,88.3452934098,0.00107702483793,-27472.6657269,BimodalDFE
448,448,65.1720883008,0.000491737073083,286.7446758,0.0137257413626,-11093.2242731,BimodalDFE
449,449,93.0591180799,0.000948721441879,610.459610982,0.000482489671217,-27464.3039453,BimodalDFE
450,450,171.42420102,0.0431132904181,253.173591359,0.00753154295049,-10510.8930289,BimodalDFE
451,451,591.7913395,0.000515818399809,1.07028827812,0.0873643235829,-27491.1194337,BimodalDFE
452,452,86.6853674677,0.00374241139351,581.51456368,0.000537468376645,-27271.4238643,BimodalDFE
453,453,607.828916354,0.000486301927065,1.05496929836,0.0891748046075,-27488.3153167,BimodalDFE
454,454,540.986166666,0.98193094139,0.769704530335,0.2,-3304.61534447,BimodalDFE
455,455,71.7667002993,0.52284560701,944.22011951,6.65390115061e-05,-14889.5866676,BimodalDFE
456,456,218.489983476,0.00481147044543,581.806616313,0.000563019752376,-16686.4547283,BimodalDFE
457,457,605.566098727,0.000493389043057,1.05864032052,0.0855836135653,-27443.0015212,BimodalDFE
458,458,3049.37495333,0.964390764384,599.492125756,0.000722576439807,-5832.96646672,BimodalDFE
459,459,566.835947398,0.00056960806323,130.958831963,0.0346240307161,-26989.7293164,BimodalDFE
460,460,601.860818883,0.00049468629079,84.3659834909,0.00110459999259,-27546.4101436,BimodalDFE
461,461,0.105030279807,0.027846342054,640.810835103,0.0894117065713,-4209.06137132,BimodalDFE
462,462,604.662020455,0.00049496274601,79.9767102155,0.00116102144519,-27523.274663,BimodalDFE
463,463,423.793908825,0.229167148677,505.695329883,0.00967286689527,-5872.62660838,BimodalDFE
464,464,16.4129900249,0.0810790903761,584.125438313,0.000657194713674,-24436.499339,BimodalDFE
465,465,858.982698749,0.973064579049,528.750707823,0.2,-2296.93001997,BimodalDFE
466,466,0.533725661778,0.00484786701094,874.465207226,0.0513296952152,-3583.50094611,BimodalDFE
467,467,218.200637015,0.370635723407,395.748709615,0.0344306902899,-6407.41229768,BimodalDFE
468,468,604.392871885,0.00049132120021,1.06216295775,0.095892953665,-27435.8455909,BimodalDFE
469,469,612.040999257,0.000480844588864,87.1970958873,0.00113782561741,-27449.0095925,BimodalDFE
470,470,404.447834082,0.00102202677881,0.833013804713,0.0279665396144,-26367.8673065,BimodalDFE
471,471,617.351408828,0.000468713370408,39.0577524531,0.00066385298713,-27080.4471061,BimodalDFE
472,472,607.948478,0.00048748687791,92.7932913831,0.000984938525967,-27459.8702454,BimodalDFE
473,473,554.918348594,0.000589881809036,18.6779126093,0.0774002856598,-27432.6681567,BimodalDFE
474,474,131.115146173,0.00397088547924,608.036838581,0.000481475192839,-27150.396422,BimodalDFE
475,475,366.996047965,0.827303219774,2279.69828501,0.0189379482002,-4756.49317966,BimodalDFE
476,476,88.4057252387,0.000988290309984,606.45666749,0.000491128339857,-27534.2852489,BimodalDFE
477,477,605.943580044,0.000494128826425,77.6714661386,0.00123237220259,-27588.3776578,BimodalDFE
478,478,607.416479105,0.000491823811636,85.4157676516,0.00106744688733,-27562.4573784,BimodalDFE
479,479,145.530486257,0.338733262684,439.515739442,0.0161209183606,-8444.81671964,BimodalDFE
480,480,606.553465088,0.000491988394072,78.247600795,0.00114959935708,-27481.6593099,BimodalDFE
481,481,94.8748107542,0.000989725935531,613.919754345,0.000476651455518,-27518.1198136,BimodalDFE
482,482,85.8451534267,0.00101504976054,601.345171242,0.000497830274555,-27459.6256165,BimodalDFE
483,483,613.902917213,0.000473861039509,98.4718865056,0.000962255590037,-27424.803484,BimodalDFE
484,484,594.382843137,0.000823259989461,72.8695034521,0.0118281826821,-19195.6949787,BimodalDFE
485,485,505.093937809,0.000680936180818,0.0339249366377,0.0602336875942,-27048.3541101,BimodalDFE
486,486,587.437027347,0.000539218440588,3.37089439867,0.0194754768725,-27328.7779427,BimodalDFE
487,487,596.245962398,0.000509030300658,73.3907141476,0.00120904503758,-27590.7625683,BimodalDFE
488,488,1115.1312659,0.995277400343,503.123256036,0.0205500863497,-6521.0073386,BimodalDFE
489,489,142.649272705,0.093063660756,507.171401852,0.000527930794996,-10740.8943354,BimodalDFE
490,490,306.074971194,0.0243693313755,898.941332361,0.00134722022031,-7813.76154783,BimodalDFE
491,491,1.96597356661,0.139606301533,473.814413407,0.00112282841874,-22857.3163962,BimodalDFE
492,492,619.519049854,0.000466802407075,103.763237574,0.00091494709671,-27465.0350362,BimodalDFE
493,493,0.107421833095,0.00822623788863,551.587181253,0.0236657021762,-6121.12834214,BimodalDFE
494,494,368.790223287,0.0118124694648,411.143566093,0.00737276764312,-8607.02622714,BimodalDFE
495,495,0.00318585524628,0.114539101376,463.71700905,0.000999666799412,-11212.0532349,BimodalDFE
496,496,307.008811102,0.00199060720208,234.673240112,0.000499632973203,-22492.6581138,BimodalDFE
497,497,849.96217381,0.84548485129,0.202486712675,0.2,-2349.00324933,BimodalDFE
498,498,113.787361849,0.000822381806617,617.601110323,0.000467264103616,-27591.8796234,BimodalDFE
499,499,410.069103177,0.341354800008,591.504931507,0.0373131486788,-5349.48297839,BimodalDFE
500,500,511.264369696,0.000268753445362,304.101537479,0.00101548573746,-26032.9346304,BimodalDFE
501,501,745.699867877,0.000194806936659,96.0770226696,0.000330839465602,-20200.2978631,BimodalDFE
502,502,598.489202867,0.000503169853625,1.05968092562,0.0839977002759,-27526.9414676,BimodalDFE
503,503,6.01421007829,0.731782125429,296.593426566,0.00406916472054,-17246.7040933,BimodalDFE
504,504,80.2901554832,0.0010865164864,594.107024392,0.000505977613083,-27478.4136739,BimodalDFE
505,505,290.363331433,0.00330075642557,358.274257811,0.0225167131539,-8211.39162382,BimodalDFE
506,506,1.04832192671,0.0797878045669,609.870754786,0.000484533886262,-27413.000345,BimodalDFE
507,507,590.196825283,0.000514604888232,73.2515751807,0.00123870129716,-27421.2235188,BimodalDFE
508,508,620.987207674,0.62610233551,0.842797511058,0.2,-3136.6779592,BimodalDFE
509,509,666.861041583,0.588438030828,0.545015351183,0.2,-2985.8662328,BimodalDFE
510,510,76.0929846613,0.00121487087683,597.41714743,0.000504938711471,-27473.0914884,BimodalDFE
511,511,177.602940296,0.000528205950336,488.42299555,0.000425745975352,-23232.0714626,BimodalDFE
512,512,241.963163467,0.0206319167439,225.464954976,0.00645364334106,-10919.1327173,BimodalDFE
513,513,41.8211309946,0.0379102074594,655.003436178,0.0853831376693,-4225.1593831,BimodalDFE
514,514,86.8333647696,0.428225246353,572.597005773,0.00967668741107,-7299.13432192,BimodalDFE
515,515,307.566681364,0.87604054877,716.84407379,0.0221761464416,-6311.23985901,BimodalDFE
516,516,559.438150345,0.00302269474796,595.105206145,0.000722498914807,-10381.2238294,BimodalDFE
517,517,603.947141198,0.00049733433015,96.0083119962,0.000914031894864,-27507.1016911,BimodalDFE
518,518,87.4625598715,0.00112003615747,611.211352576,0.000482272377613,-27517.9365548,BimodalDFE
519,519,26.1107361209,0.341973317639,640.314583724,0.00556804894308,-8203.31827997,BimodalDFE
520,520,583.681185995,0.000529327786127,62.6758346308,0.000898421687366,-27474.9413696,BimodalDFE
521,521,609.241008787,0.000488523146352,1.05484157381,0.0879141862195,-27540.5131488,BimodalDFE
522,522,1057.77226944,0.0352833758741,613.420524833,0.0499517092437,-4664.36100352,BimodalDFE
523,523,100.913951484,0.12503397681,927.776194939,0.00286985553067,-17423.5905397,BimodalDFE
524,524,201.836587611,0.0249456515227,526.337111812,0.000557655913633,-25843.8513881,BimodalDFE
525,525,607.905787145,0.00048353562872,111.33636707,0.000731952588352,-27512.3150121,BimodalDFE
526,526,78.7992583694,0.190193071818,699.313256156,0.000365342077538,-20968.8026594,BimodalDFE
527,527,288.143432707,0.00246381356275,76.8514198306,0.0134302338819,-19488.451953,BimodalDFE
528,528,36.7546347483,0.687536992148,329.399424858,7.31577445615e-05,-14190.3429816,BimodalDFE
529,529,80.4745674538,0.0011332748973,602.610661803,0.000499142561026,-27470.9644303,BimodalDFE
530,530,627.638579711,0.000440279918066,150.091507577,0.000646500802114,-27414.9978278,BimodalDFE
531,531,608.183969032,0.00048750444581,86.2650761442,0.00111063553551,-27514.8747438,BimodalDFE
532,532,1875.77528344,1.63974042369e-05,742.968527095,0.0192176099242,-20637.6339714,BimodalDFE
533,533,598.443628614,0.00050358290556,77.3334082133,0.00118343097106,-27496.4992093,BimodalDFE
534,534,72.042595913,0.990617030328,695.33086636,0.000682017466321,-10655.3399781,BimodalDFE
535,535,603.678093,0.000496949674688,60.5385550913,0.00167570986228,-27513.5635989,BimodalDFE
536,536,608.170469273,0.000489446102173,82.4710497901,0.00115767554991,-27523.9106848,BimodalDFE
537,537,78.7329815156,0.00117092944131,596.962138126,0.000505177983697,-27543.4587572,BimodalDFE
538,538,153.753679366,0.000405734376336,580.757832647,0.000539191893682,-27441.2159553,BimodalDFE
539,539,613.239840853,0.000475905114671,94.5641374493,0.0010395116257,-27486.8992936,BimodalDFE
540,540,609.672267421,0.000486580627639,1.06063391087,0.0918712534809,-27543.0939673,BimodalDFE
541,541,0.818459008622,0.992525743738,675.657451908,0.00866173925227,-4731.31883796,BimodalDFE
542,542,71.8051028986,0.952224037803,710.520198383,0.000897099083362,-19112.0009128,BimodalDFE
543,543,0.000893935148127,0.849622994848,750.121893622,0.0858215152214,-3739.5097078,BimodalDFE
544,544,117.322966352,0.000831835366095,631.778750282,0.00044761530269,-27437.5080038,BimodalDFE
545,545,607.672106192,0.000489895186171,1.05674917061,0.0885813903864,-27494.2482406,BimodalDFE
546,546,0.442329601003,0.0142782709218,672.322447457,0.0381830701753,-4446.49405887,BimodalDFE
547,547,530.08145977,1.37904357156e-07,433.138441608,0.000103069540923,-13380.9471817,BimodalDFE
548,548,0.344163562038,0.457251214821,250.740995234,0.0345029942304,-9027.99138166,BimodalDFE
549,549,604.061577565,0.000491732319769,86.9763575216,0.00108133171082,-27602.6527272,BimodalDFE
550,550,521.039840472,0.000660864179446,1.07232985663,0.0751138373436,-27489.0001828,BimodalDFE
551,551,1339.08832528,0.659537513612,604.397133146,0.000506162463245,-24852.1940139,BimodalDFE
552,552,908.993758399,0.574280246624,1195.16858702,0.2,-2350.59411906,BimodalDFE
553,553,611.595521323,0.000480160499154,96.7073484672,0.000950254523246,-27447.8805444,BimodalDFE
554,554,1.06425335433,0.0843770014116,601.420965432,0.000503081019664,-27464.4136043,BimodalDFE
555,555,602.891502773,0.000500103223548,69.9293538384,0.00138043380036,-27515.1415657,BimodalDFE
556,556,561.065803094,0.00057186027914,62.9169433672,0.0169200891066,-27229.9366069,BimodalDFE
557,557,600.344523841,0.00049871469387,1.05928374527,0.0864474538958,-27464.9571086,BimodalDFE
558,558,443.20764752,0.0092803326935,358.58314772,0.188033359428,-7146.58056469,BimodalDFE
559,559,343.456252694,0.0633129740596,831.452087666,0.0132516628356,-5021.39199258,BimodalDFE
560,560,604.56631612,0.000489420211551,99.0041366947,0.000853311843206,-27531.7439549,BimodalDFE
561,561,607.619164798,0.00048521963601,94.8108309525,0.000962340533362,-27482.232933,BimodalDFE
562,562,649.204847383,0.000415174653091,152.420081949,0.000697070366203,-27461.6672263,BimodalDFE
563,563,598.548399029,0.00050378411565,75.6032764764,0.0012225494059,-27569.5402791,BimodalDFE
564,564,13.1119838461,0.0544223595429,191.651590889,0.0461884245332,-10576.2942136,BimodalDFE
565,565,597.02878733,0.000507434651361,1.06430735869,0.0882477869286,-27489.0312575,BimodalDFE
566,566,629.373097555,0.000446749733609,1.04111567589,0.0933945576152,-27484.6925617,BimodalDFE
567,567,24.9064619269,0.9423763257,428.861761355,0.146589779176,-19647.2533899,BimodalDFE
568,568,727.47293211,0.0121467202922,1300.28359757,1.52312004268e-05,-6011.91041758,BimodalDFE
569,569,16.7789293751,0.438849831712,779.743004768,0.000245042404681,-21579.8791995,BimodalDFE
570,570,80.8015966022,0.0010853378169,607.402820814,0.000493082116955,-27360.2899878,BimodalDFE
571,571,602.66747145,0.000496308088453,1.05754138269,0.0808897369495,-27448.1447801,BimodalDFE
572,572,607.76362188,0.000487262344077,85.0682981672,0.00110479348439,-27483.9536241,BimodalDFE
573,573,606.10046854,0.000488410693193,90.6216023602,0.00102599406148,-27547.8377896,BimodalDFE
574,574,545.199008103,0.000529954711686,171.011602109,0.081663916799,-25753.9104281,BimodalDFE
575,575,224.766007165,0.00117958634832,591.247630457,0.000510727359101,-26792.5382682,BimodalDFE
576,576,343.995515292,0.000302419481125,1514.36566588,3.42611011605e-05,-21721.6115017,BimodalDFE
577,577,607.463010145,0.000491042835691,82.964670795,0.00108782911908,-27437.4697033,BimodalDFE
578,578,600.389145378,0.000499797096003,73.3771666807,0.00127787163531,-27438.2666788,BimodalDFE
579,579,602.809179575,0.000497316655382,1.05555990337,0.081148768774,-27547.9276814,BimodalDFE
580,580,15.8271489281,0.335633650475,608.484418582,0.000818003914996,-19395.8520084,BimodalDFE
581,581,598.858230509,0.000503446471142,1.06313184361,0.089449010865,-27514.0409804,BimodalDFE
582,582,792.265405212,0.372767363314,1708.55596069,0.000674471130498,-2738.09093139,BimodalDFE
583,583,95.8978102917,4.32868636968e-05,578.975039462,0.000414344723876,-26002.9875732,BimodalDFE
584,584,609.304124286,0.000487445102883,90.5923606389,0.000991240884703,-27602.3747721,BimodalDFE
585,585,67.747833541,0.00565537709412,524.794116587,0.000628926999935,-25863.80301,BimodalDFE
586,586,592.664658683,0.00052634136053,18.6527787541,0.155868442166,-27044.0498267,BimodalDFE
587,587,0.212295735935,0.00717088943028,225.8773731,0.00351514318816,-21330.1400413,BimodalDFE
588,588,77.7641991995,0.0011647192757,596.507694636,0.0005053520446,-27515.4355959,BimodalDFE
589,589,309.302336663,0.958733509246,662.562881015,0.00607637467258,-6250.23181234,BimodalDFE
590,590,31.0538677051,0.152888332165,618.351530538,0.0238027221354,-5793.58036655,BimodalDFE
591,591,613.727568862,0.000477661636169,1.05344350904,0.0911178846878,-27467.8426874,BimodalDFE
592,592,604.758696104,0.000488486353824,1.05128213967,0.0857625127852,-27397.9140393,BimodalDFE
593,593,76.7151208753,0.00122055972246,594.778553923,0.000506642143656,-27472.69857,BimodalDFE
594,594,836.998777937,0.012125816438,2506.6359199,0.000205814242688,-8375.01386636,BimodalDFE
595,595,10.0774950075,0.391925981859,468.435125911,0.0458948453788,-6152.20951284,BimodalDFE
596,596,384.192355459,0.0230040060195,533.703292713,0.0198928926902,-6229.17403354,BimodalDFE
597,597,614.979251468,0.000468966202164,116.460929985,0.000761460765538,-27504.9073889,BimodalDFE
598,598,107.638516819,0.000862214448442,618.605671867,0.000466220044734,-27491.1776057,BimodalDFE
599,599,600.093194337,0.000502140838701,72.440594852,0.00126430255603,-27489.9876116,BimodalDFE
600,600,608.841626954,0.000485513141958,94.5014188204,0.000965472251535,-27541.9591545,BimodalDFE
601,601,65.5268759475,0.00147131264419,594.549962125,0.000509966621644,-27443.602076,BimodalDFE
602,602,130.364082038,0.000593765857829,615.494005129,0.000478349264553,-27547.8650717,BimodalDFE
603,603,870.324229692,0.000500492731146,40.8300523542,0.000547521750992,-19546.6600875,BimodalDFE
604,604,598.058168661,0.000677445834623,317.588868115,0.0365768458068,-14237.343374,BimodalDFE
605,605,66.7011883719,0.0139483252521,749.234061259,0.045479535325,-4269.38965115,BimodalDFE
606,606,563.610548441,0.0016936799271,725.048779636,0.0052853690575,-7292.75610801,BimodalDFE
607,607,119.403350996,0.0162214469468,958.037141546,7.37681663331e-05,-18961.3621125,BimodalDFE
608,608,0.887311721043,0.000274019092873,224.997173641,0.120942431583,-7388.57077694,BimodalDFE
609,609,1621.35597325,0.00185837014359,641.690611343,0.019634427722,-10069.1979091,BimodalDFE
610,610,512.954381265,0.729618584079,0.455641530173,0.2,-3622.98434105,BimodalDFE
611,611,101.096769417,0.000886322435808,614.002264193,0.000477739313718,-27562.8957778,BimodalDFE
612,612,74.5343661949,0.0449780588265,400.280742432,0.0321931532312,-7238.79184549,BimodalDFE
613,613,0.552382508068,0.861264337355,352.027756537,0.0393166214442,-7163.02112897,BimodalDFE
614,614,930.969574642,0.00076190666277,448.571057682,9.30136944302e-05,-13880.6647265,BimodalDFE
615,615,512.827946544,0.914823536266,793.103530682,0.0491557321097,-3858.504262,BimodalDFE
616,616,607.611519063,0.000489845678334,91.2870564131,0.000959299407793,-27502.5903653,BimodalDFE
617,617,595.430861086,0.000509432121951,1.06106556874,0.0808295437623,-27502.9901217,BimodalDFE
618,618,603.291485552,0.00049762866777,1.0593845674,0.0859334119921,-27412.8233353,BimodalDFE
619,619,605.501268222,0.000493569585103,1.06036795861,0.0894108770132,-27498.8596465,BimodalDFE
620,620,0.643510029485,0.0190777718203,353.58742087,0.00666381892404,-11959.4233245,BimodalDFE
621,621,582.483872785,0.000543622425878,214.182460417,0.198833093075,-15235.6839077,BimodalDFE
622,622,611.587433632,0.000482964693439,91.5712113953,0.00100477631454,-27504.3791403,BimodalDFE
623,623,743.175743453,0.0309198681601,1414.38633644,0.00115190322614,-4382.09191263,BimodalDFE
624,624,82.732300947,0.00121813699929,614.908912791,0.000478718234291,-27628.0083497,BimodalDFE
625,625,84.898893087,0.00110350331057,613.07517126,0.000482732337088,-27505.0116704,BimodalDFE
626,626,78.1318202487,0.00124032100084,613.02435296,0.000484417269187,-27522.9565064,BimodalDFE
627,627,624.971382133,0.000456104487176,116.500701992,0.000837108885641,-27483.9747123,BimodalDFE
628,628,614.240400607,0.000474693592677,95.4108148126,0.00103490017887,-27539.551677,BimodalDFE
629,629,349.996123262,0.853832157716,0.397711310773,0.2,-4902.99521152,BimodalDFE
630,630,598.245670053,0.000507739329116,72.2300828427,0.00122970278298,-27414.7717323,BimodalDFE
631,631,1.05167128317,0.0845537672398,602.649192543,0.000495238545144,-27569.6029032,BimodalDFE
632,632,557.408241028,0.000584602303057,13.8877292877,0.0850766118088,-27373.0144672,BimodalDFE
633,633,607.284462195,0.000487287626027,83.5489652142,0.00117564526977,-27458.6767214,BimodalDFE
634,634,35.124410751,0.536110725621,3.14324521578,0.0846076364564,-14098.7816851,BimodalDFE
635,635,765.818113274,0.864434797353,754.973417577,0.00037743627671,-6222.03850522,BimodalDFE
636,636,82.8547443312,0.00111399125176,604.649554679,0.00049495855598,-27418.2331136,BimodalDFE
637,637,584.714696241,0.000531432599552,235.13263561,0.0164773684583,-26008.392373,BimodalDFE
638,638,22.637162734,0.986651878307,606.664434161,0.000249384876784,-17594.5361872,BimodalDFE
639,639,473.979967329,0.666277557921,266.989832235,0.2,-3951.77620457,BimodalDFE
640,640,0.147965958208,0.936836372199,415.148705703,0.00128199044379,-12574.7507576,BimodalDFE
641,641,602.125393544,0.000514127030608,0.633724077437,0.19999770995,-27311.2572118,BimodalDFE
642,642,603.820057665,0.000497670906325,1.06439763042,0.0886107660474,-27424.2271613,BimodalDFE
643,643,145.806028874,0.0249165672743,432.410332498,0.00046980025619,-17680.8289245,BimodalDFE
644,644,956.128573872,0.96553358768,0.0506496805608,0.2,-2101.70893145,BimodalDFE
645,645,604.200179032,0.000489085577874,1.04798766637,0.0820974794528,-27455.1797517,BimodalDFE
646,646,148.715930601,0.0140604003567,46.3377437124,0.0310488553003,-17038.4453523,BimodalDFE
647,647,119.697128496,0.000730354281522,614.531067373,0.000468800516975,-27386.0376795,BimodalDFE
648,648,264.566631537,0.240660338476,245.076577408,0.00461141318288,-10177.7160452,BimodalDFE
649,649,527.080560685,0.0404044140879,613.42517952,1.17064688066e-07,-5821.02652828,BimodalDFE
650,650,181.581426806,0.0148753002732,754.977045764,0.000212830083699,-14510.3750601,BimodalDFE
651,651,0.90696863625,0.00233674498119,452.797785775,0.000826914753993,-26296.8034015,BimodalDFE
652,652,598.411922408,0.000505061067337,69.7444337222,0.0014234771012,-27466.6526401,BimodalDFE
653,653,1.97152287262,0.966926489781,604.027625706,0.0984476171736,-4411.60243585,BimodalDFE
654,654,6.37156529709,0.695846828049,645.967383465,0.0024451490742,-13081.8620419,BimodalDFE
655,655,657.04547036,2.21386404795e-05,375.991274282,0.00341214460827,-15109.5281495,BimodalDFE
656,656,2302.51282972,0.0807840876657,602.503755419,0.00731041052382,-6616.23014346,BimodalDFE
657,657,318.560600721,0.000171462058671,574.093776661,0.000513954445966,-27366.460465,BimodalDFE
658,658,610.983122661,0.000478943000241,105.341668873,0.000876763926689,-27469.8107687,BimodalDFE
659,659,312.027228032,0.00113063676956,519.678778667,0.00446417387352,-10106.0416833,BimodalDFE
660,660,378.286672074,0.244134786058,364.040082605,0.00376001015985,-10235.030683,BimodalDFE
661,661,607.448185858,0.00048595018545,94.9277139416,0.00096783646358,-27488.1809639,BimodalDFE
662,662,1.33012951281,0.0055767016051,514.460691095,0.000645646488715,-27220.5059685,BimodalDFE
663,663,314.612731885,0.00285579037573,494.003425776,0.00720611477774,-8844.61135928,BimodalDFE
664,664,604.63383942,0.000490833670752,83.3020056686,0.00112346365114,-27499.6927974,BimodalDFE
665,665,86.0957747902,0.00103814187931,606.779156814,0.000493058054887,-27541.7335212,BimodalDFE
666,666,605.020221984,0.000497722892446,76.9230596805,0.00118599515736,-27452.4679088,BimodalDFE
667,667,102.545179072,0.000962605310841,620.496357476,0.000464418404675,-27483.2110326,BimodalDFE
668,668,7.48470783751,0.969059638808,165.612051683,0.00222770161239,-17801.9478316,BimodalDFE
669,669,660.771547413,0.458467416192,644.284150454,0.0746243120017,-4327.37710864,BimodalDFE
670,670,98.8654928594,0.00105624936229,625.336120993,0.000459221657423,-27579.5889023,BimodalDFE
671,671,38.9694932644,0.0677455231323,669.334741761,0.0330885059266,-5072.60954828,BimodalDFE
672,672,21.1005455405,0.0786120983958,360.445686327,0.00121947245725,-23567.6263695,BimodalDFE
673,673,595.845958401,0.000505593009101,1.05976820336,0.0854707525873,-27456.0315652,BimodalDFE
674,674,609.93684214,0.000481775239992,90.125616467,0.00106078894716,-27512.4795267,BimodalDFE
675,675,64.7182134846,0.431822238663,521.730501532,0.0058971753174,-8899.12985299,BimodalDFE
676,676,745.590244633,0.50541341691,646.425921528,7.44188837024e-05,-5447.14880829,BimodalDFE
677,677,586.490112209,0.000660009899157,32907.1371685,8.28183549123e-06,-8665.21547642,BimodalDFE
678,678,1485.08080137,0.889708145515,687.266904368,0.000208561501609,-9736.96562758,BimodalDFE
679,679,602.183008712,0.000496402783773,85.6415935001,0.00100991402908,-27507.6374056,BimodalDFE
680,680,619.439644197,0.000466767517416,1.04763822917,0.0940534412517,-27443.2758113,BimodalDFE
681,681,617.295178159,0.000469057707857,106.715232511,0.000890778546542,-27510.1990775,BimodalDFE
682,682,696.428650892,0.000368614635777,211.017613507,0.0342824554998,-23028.7301866,BimodalDFE
683,683,728.318657912,0.000807777132154,496.88721434,0.187147173671,-6557.84706839,BimodalDFE
684,684,610.255860117,0.000478230869246,1.04634334253,0.0829065411937,-27397.7340292,BimodalDFE
685,685,348.007115323,0.00028508594866,0.156951105612,0.140207491874,-20781.7730483,BimodalDFE
686,686,2.88424624545,0.0387512293811,588.964699168,0.0744595959617,-4745.13101724,BimodalDFE
687,687,600.805994118,0.000495829937363,85.4489782097,0.00107177884804,-27545.6989477,BimodalDFE
688,688,7.27223306163,0.855334669859,796.258293932,0.00672111367843,-6613.13402986,BimodalDFE
689,689,605.617639974,0.000491566138773,81.9928765423,0.00107423645246,-27424.6750711,BimodalDFE
690,690,29.9935660428,0.484394808386,386.392775854,0.00543260130059,-11783.1027491,BimodalDFE
691,691,616.694822105,0.000470106200513,97.364063599,0.00102119704592,-27492.6991366,BimodalDFE
692,692,0.199518235655,0.305378641837,428.744627006,6.93287607107e-05,-8917.14093503,BimodalDFE
693,693,612.120621069,0.000481017188213,89.2807786905,0.00109964668156,-27479.2634241,BimodalDFE
694,694,632.232632909,0.57080288751,532.961035299,3.56158842551e-05,-6476.48407306,BimodalDFE
695,695,0.990746292229,0.0524125947546,585.979908007,0.000528628026286,-27309.6151217,BimodalDFE
696,696,665.090158333,0.000358043937625,379.610319402,0.00172977401024,-26588.4352045,BimodalDFE
697,697,607.688635864,0.000484248639018,100.6248841,0.00090766208095,-27427.9031646,BimodalDFE
698,698,584.664655667,0.000527752045487,72.6185212857,0.00339219219653,-27407.8828124,BimodalDFE
699,699,597.469036479,0.000508262440018,71.9287848019,0.00127162201868,-27583.4301459,BimodalDFE
700,700,552.756085561,0.000589090532475,0.00499311947344,0.194629506519,-27381.1474642,BimodalDFE
701,701,558.426627271,0.000571812139132,79.825932298,0.179340581385,-27286.183937,BimodalDFE
702,702,215.463097546,0.00056183157476,645.349525718,0.000385338523511,-27437.6758338,BimodalDFE
703,703,611.878379209,0.000476921258753,97.79928778,0.000987455165487,-27526.3029159,BimodalDFE
704,704,617.943873794,0.000470016933635,101.664012293,0.000908448278314,-27427.5508894,BimodalDFE
705,705,605.406557363,0.000490095283298,82.5265284638,0.00111229964653,-27490.8585426,BimodalDFE
706,706,589.121341021,0.000386709087186,567.034684763,0.00804889310645,-7963.98601918,BimodalDFE
707,707,0.750401890237,0.047275725583,439.512151138,0.00237852136035,-10564.0364292,BimodalDFE
708,708,0.0311027075206,0.300817710706,623.017412844,0.0629941627162,-5909.84609626,BimodalDFE
709,709,9.65284796067,0.565988352771,981.867454375,0.00429368383993,-6438.42809241,BimodalDFE
710,710,595.947052597,0.000507401608964,1.06342921108,0.0846982382279,-27483.1577841,BimodalDFE
711,711,85.9858494395,0.000989626478701,601.863233557,0.000499130758146,-27570.1752841,BimodalDFE
712,712,6.94059733558,0.00141823903691,69.0056256792,0.0100858574807,-14979.4428858,BimodalDFE
713,713,28.945147075,0.0168692351853,547.410072508,5.13974314065e-05,-17602.4784345,BimodalDFE
714,714,605.582720834,0.00049019738335,90.9840470255,0.00100100877895,-27489.4432987,BimodalDFE
715,715,254.475798335,0.172654079101,451.804817557,0.00976812714986,-6731.95938764,BimodalDFE
716,716,125.93036423,0.9957182231,1105.28011263,0.000426530544553,-7731.46574814,BimodalDFE
717,717,616.309557751,0.000475550862321,1.05521513732,0.0958911579374,-27414.891596,BimodalDFE
718,718,167.13286658,0.000574878665329,602.896025065,0.000496598280462,-27316.9340816,BimodalDFE
719,719,613.732205063,0.000476118734767,1.05046263449,0.0888240509935,-27558.4320827,BimodalDFE
720,720,84.9423850837,0.0010702306822,601.050694267,0.000498658524381,-27482.8199406,BimodalDFE
721,721,638.250895816,0.000430228000104,148.894134083,0.000672356050138,-27517.7706022,BimodalDFE
722,722,816.846031575,0.972471492962,519.232336638,0.000654058132298,-27116.8807909,BimodalDFE
723,723,1.00056365981,0.990978637118,235.154527052,0.00283581740913,-17433.674326,BimodalDFE
724,724,0.107512791281,0.823007502691,578.249377771,0.00439705790846,-5855.29209266,BimodalDFE
725,725,448.139838798,0.000783163742926,0.99634607037,0.0105245402303,-26381.1820142,BimodalDFE
726,726,605.077189704,0.000494689564604,81.0154947847,0.00111113649331,-27486.004004,BimodalDFE
727,727,605.757285446,0.000495573773038,77.3279329536,0.00118668929913,-27454.7835944,BimodalDFE
728,728,605.573048893,0.000493841916867,85.3052066608,0.00102967967735,-27537.4534602,BimodalDFE
729,729,139.949008027,0.660488723035,723.587931923,0.00212801878934,-7398.1448095,BimodalDFE
730,730,611.732437629,0.000480576635166,96.3855687658,0.000927219585226,-27541.3255343,BimodalDFE
731,731,986.22852075,0.783285529554,0.0312783916545,0.2,-2108.65747199,BimodalDFE
732,732,73.5892215519,0.00119090541253,590.479579792,0.000514864854464,-27520.201888,BimodalDFE
733,733,803.354339846,0.000190447057715,157.397985944,0.000783234638143,-24804.4658547,BimodalDFE
734,734,550.74767228,0.000589071572091,72.0512280981,0.0272644528313,-27312.223019,BimodalDFE
735,735,597.301755343,0.000504815073547,1.06268281164,0.0848224143853,-27455.4774276,BimodalDFE
736,736,879.985711395,0.651804575373,2906.46516164,0.174080796336,-2367.500049,BimodalDFE
737,737,1.05228527703,0.091493897333,616.065904888,0.000476322522416,-27431.6445609,BimodalDFE
738,738,497.457054183,0.00195289468423,0.0369332520123,0.184477081644,-8366.42142775,BimodalDFE
739,739,79.5989555106,0.0011813375488,599.268062384,0.000500993272637,-27541.8694971,BimodalDFE
740,740,0.0409772261678,0.845056677564,651.011634661,0.00116820448238,-9781.31018881,BimodalDFE
741,741,589.747004767,0.000519198353948,73.139582904,0.00117903751318,-27482.1624626,BimodalDFE
742,742,1.59560067159,0.0265204432245,349.122396715,3.4481800562e-05,-12015.8470494,BimodalDFE
743,743,1.05601925926,0.091600810047,612.461904943,0.000481606895041,-27431.027625,BimodalDFE
744,744,576.304677676,0.000546304984,50.3065284526,0.00105960685116,-27462.8846806,BimodalDFE
745,745,253.615435453,0.905673181486,655.035852112,0.0103546871567,-5476.99882873,BimodalDFE
746,746,611.891297423,0.000478626359327,98.1402542237,0.00094620211055,-27479.2776506,BimodalDFE
747,747,180.217766982,0.0212802317424,181.303493009,0.00557217420048,-12869.7726089,BimodalDFE
748,748,0.078109061441,0.0139389141805,970.987130641,0.0463797933643,-2580.21113263,BimodalDFE
749,749,16.1403833302,0.026105388335,668.518772858,0.000138348070523,-16968.3613678,BimodalDFE
750,750,99.5699534837,0.000889646678169,612.665254994,0.000477397733172,-27529.2652259,BimodalDFE
751,751,622.22934487,0.000464000496898,3315.99687395,0.00207267696654,-24984.4984908,BimodalDFE
752,752,599.795497357,0.000503257725768,79.6455309309,0.00113195504708,-27545.003164,BimodalDFE
753,753,618.950258918,0.000469398767797,1.04867822481,0.0910761819796,-27512.14684,BimodalDFE
754,754,143.012198249,0.000731990908842,740.461363729,0.000281230386995,-27302.9427236,BimodalDFE
755,755,621.218356168,0.000465102869819,100.501146173,0.000944166081248,-27406.0721672,BimodalDFE
756,756,608.231775866,0.000490058902795,1.06164364833,0.0955027735544,-27455.6617162,BimodalDFE
757,757,0.48764450461,0.995766337865,646.249644173,0.000294296238794,-7178.49411413,BimodalDFE
758,758,3223.54514146,0.0642190379385,412.653154056,0.0146845403129,-7356.3208421,BimodalDFE
759,759,88.5066033794,0.0010476875663,609.422243224,0.000482758846234,-27454.1373299,BimodalDFE
760,760,312.665067672,0.000260989127051,581.83517601,0.00888114640148,-7677.09193501,BimodalDFE
761,761,1154.13823245,0.188321638057,367.08153021,0.150543109714,-5833.49095961,BimodalDFE
762,762,612.936749559,0.000478599171409,85.2814999819,0.00122310678051,-27435.3374618,BimodalDFE
763,763,94.4636567098,0.00093961316937,602.080853466,0.000492878288978,-27516.5733409,BimodalDFE
764,764,619.876128495,0.140660562382,703.860217634,0.00145849044942,-4021.14337338,BimodalDFE
765,765,565.053315169,0.000569856393216,0.221413772206,0.00186394324,-27364.6949218,BimodalDFE
766,766,97.4152850826,0.000978887520402,609.446390327,0.000481495361273,-27502.9952116,BimodalDFE
767,767,515.947893983,0.160201729997,608.142426366,0.0496796348498,-4220.4710403,BimodalDFE
768,768,302.589813994,0.131424965532,661.016347826,0.0072488641074,-6071.51774102,BimodalDFE
769,769,88.1645521196,0.00102178851245,604.315403547,0.000493718577537,-27493.8870021,BimodalDFE
770,770,746.453202066,0.707367973261,0.639627111443,0.2,-2663.59247269,BimodalDFE
771,771,36.3661243162,0.00532517208737,797.319175392,0.00465924534484,-7413.70275042,BimodalDFE
772,772,0.649843180045,0.25314614407,430.601963564,0.00094126977193,-24724.9246487,BimodalDFE
773,773,611.098167394,0.000481834212461,86.0298586301,0.00114495894728,-27535.2147616,BimodalDFE
774,774,627.274283708,0.000458127759086,1.05071470624,0.0963318519333,-27458.5292428,BimodalDFE
775,775,144.818354679,0.166393889296,288.727035051,0.00409364497366,-15240.9313015,BimodalDFE
776,776,34.0969832919,0.00187969614105,606.67191378,0.000486968098079,-27398.0690276,BimodalDFE
777,777,196.328786154,0.055061602188,632.674128698,0.00045107561588,-13065.7228677,BimodalDFE
778,778,627.815204313,0.000476287704911,0.50463372997,0.162619167408,-26453.1669855,BimodalDFE
779,779,599.291646958,0.000502352887813,1.06156645391,0.0846565615779,-27374.9938523,BimodalDFE
780,780,614.031117914,0.000475094768691,102.497082682,0.000864004715413,-27480.4352048,BimodalDFE
781,781,611.004768085,0.000481185356105,103.513262593,0.00086051176391,-27460.6303917,BimodalDFE
782,782,597.480968223,0.000505731263155,79.7087724054,0.00108131335145,-27426.7607852,BimodalDFE
783,783,790.341219957,0.618030509125,898.81914356,0.0934795426176,-3081.70317083,BimodalDFE
784,784,620.155767948,0.000467354259887,113.553209079,0.000746272183482,-27455.5510294,BimodalDFE
785,785,96.7048873147,0.000908555887661,612.151669163,0.000480581441064,-27559.0189976,BimodalDFE
786,786,353.227310754,0.011733931423,501.503992184,0.00112687948204,-9462.53649171,BimodalDFE
787,787,607.068045592,0.000488894228471,82.104065084,0.00117311559432,-27427.9552981,BimodalDFE
788,788,279.710877543,0.000564546932866,1.00922448426,0.19976340331,-27421.2603684,BimodalDFE
789,789,0.977785179157,0.247498964385,700.016024591,0.0233856294032,-4290.84012283,BimodalDFE
790,790,249.273528905,0.000504677026097,1.00977857159,0.198848571878,-27482.3735725,BimodalDFE
791,791,94.2585534533,0.00100033732945,610.378943701,0.000479506791796,-27502.4031953,BimodalDFE
792,792,66.0378926891,0.00151535251403,595.160790403,0.000511047783213,-27461.0365668,BimodalDFE
793,793,17.6762657094,0.298011389326,578.383282797,0.00194937999393,-13188.8831078,BimodalDFE
794,794,597.990898893,0.000500678959839,1.05546576507,0.0829528933836,-27493.4267727,BimodalDFE
795,795,697.972626382,0.00207426897403,273.858551928,0.0505060064277,-7561.584488,BimodalDFE
796,796,777.69626819,0.00255947502317,292.083271997,0.152145399016,-6310.85868706,BimodalDFE
797,797,1096.01273709,0.942083693861,1221.10503654,5.96976494791e-06,-9655.88938441,BimodalDFE
798,798,0.0393784836406,0.195416301949,626.566550274,0.123259518437,-3990.22958455,BimodalDFE
799,799,338.821397514,0.001449127641,798.972192051,0.00176745360379,-10105.1010059,BimodalDFE
800,800,4.45647544278,0.103010286201,787.850273617,0.0509515864909,-3990.09297322,BimodalDFE
801,801,99.8402641579,0.38394337329,973.231693037,0.0220197615253,-4009.62207144,BimodalDFE
802,802,595.395506793,0.000507949399537,1.05821883556,0.0823396664255,-27413.672635,BimodalDFE
803,803,0.534479247138,0.0111753122987,507.644383214,0.00355746789916,-7167.09039106,BimodalDFE
804,804,68.0078805994,0.00141453423971,230.233370764,0.147115589204,-16378.6513049,BimodalDFE
805,805,614.033944748,0.000475852878288,94.7448892473,0.00105300351835,-27496.3281711,BimodalDFE
806,806,16.3912219922,0.283229449991,470.69020026,0.00399927799742,-11651.5560255,BimodalDFE
807,807,602.102920761,0.000496184572991,1.05726911465,0.0861812722865,-27484.6522183,BimodalDFE
808,808,599.285053633,0.000505332967384,74.297259901,0.00121456831162,-27412.6817102,BimodalDFE
809,809,608.465772582,0.00048551242357,86.6907824219,0.00142916178595,-27451.0622437,BimodalDFE
810,810,604.552371,0.000493499309939,1.0567205937,0.0817321575798,-27545.6903059,BimodalDFE
811,811,0.0344974548927,0.594553359571,425.496317901,0.00099674058281,-20708.7438938,BimodalDFE
812,812,610.470212612,0.000480979305376,91.0139712431,0.00107458495245,-27449.5506884,BimodalDFE
813,813,0.588303527949,0.782258540098,537.836148028,0.00123692120147,-11070.6449254,BimodalDFE
814,814,599.392144059,0.00050239994993,84.0192529038,0.00107044361495,-27576.6557233,BimodalDFE
815,815,302.550529862,0.829954738946,685.387785909,0.0419013589123,-4869.05255338,BimodalDFE
816,816,7005.50428623,0.464778486631,207.999197771,0.198311662006,-8312.05417678,BimodalDFE
817,817,117.072218499,0.658333762358,890.868010854,0.0366198940905,-3834.95784063,BimodalDFE
818,818,616.775654883,0.247322107674,383.8516876,0.0170588116551,-5206.85351124,BimodalDFE
819,819,607.620847353,0.000487308766757,90.1799669052,0.000990229449124,-27455.4512491,BimodalDFE
820,820,267.244704844,0.609307777843,555.740157616,0.00309381315906,-8483.61048669,BimodalDFE
821,821,585.447408048,0.000532749408745,25.5163386673,0.001165816609,-27384.645478,BimodalDFE
822,822,599.272077646,0.000497201821966,82.2313489325,0.0011151962689,-27523.9112719,BimodalDFE
823,823,599.323869601,0.000501202209572,79.9823806705,0.00114487677466,-27575.2932366,BimodalDFE
824,824,35.9463323931,0.0163774830488,644.706517389,0.0121078756088,-6595.56348194,BimodalDFE
825,825,279.206763733,0.000555966289604,1.00920989843,0.199880672529,-27477.2151396,BimodalDFE
826,826,95.1490276455,0.00101448474043,609.751526675,0.000480738116851,-27399.3374023,BimodalDFE
827,827,603.241724785,0.000494779990081,82.3982436151,0.00113214101941,-27504.2187014,BimodalDFE
828,828,609.876803671,0.000487461781079,86.4270676328,0.00105689202183,-27476.3180629,BimodalDFE
829,829,0.0456964113216,0.676414381933,108.360076889,0.00908686933357,-15420.4759402,BimodalDFE
830,830,106.557479468,0.000910126464308,624.242929091,0.000463036157182,-27457.1538709,BimodalDFE
831,831,614.669214323,0.000480308171999,89.1867455659,0.00103076670275,-27525.2753024,BimodalDFE
832,832,284.555140863,0.635274463008,812.980712676,0.00618611197812,-5251.99713794,BimodalDFE
833,833,0.293369762372,0.0554023738566,566.517220629,0.000563171826577,-27322.8710564,BimodalDFE
834,834,288.104441532,0.00186896557265,2.04124921144,0.00351965108016,-24274.4312555,BimodalDFE
835,835,112.079583911,0.00078548735821,617.841760982,0.000469767950094,-27452.919227,BimodalDFE
836,836,579.324068237,0.000541686788178,74.50403405,0.0144050677318,-27368.5065364,BimodalDFE
837,837,614.888211183,0.000475205375271,99.0264356677,0.000966616188912,-27487.2687265,BimodalDFE
838,838,613.856496232,0.000473041237584,110.580055519,0.000799663559911,-27417.9017438,BimodalDFE
839,839,983.974236844,0.609652362101,9431.8156833,0.0125291328398,-2178.22559516,BimodalDFE
840,840,396.004247164,0.00106505661634,0.625799967346,0.00205551890239,-26391.968104,BimodalDFE
841,841,618.380360439,0.000467975753862,110.928112835,0.00082789621316,-27565.8640468,BimodalDFE
842,842,26.5090848425,0.117347683406,754.935531748,0.00732798034656,-6706.76461018,BimodalDFE
843,843,93.5093794143,0.00150825201606,590.512317187,0.00046897115586,-27258.4220942,BimodalDFE
844,844,605.645633852,0.000494161993609,84.6149105826,0.00107262079435,-27534.9555467,BimodalDFE
845,845,597.566151595,0.000508732109336,68.7274416433,0.00135411142633,-27530.7819444,BimodalDFE
846,846,612.92481099,0.000479982177066,87.5729250314,0.00110588507221,-27523.2722437,BimodalDFE
847,847,35.7882497586,0.346241513004,848.796396282,0.00381237762034,-7473.68690346,BimodalDFE
848,848,598.984036094,0.000497469255353,78.7801114386,0.00121992071228,-27478.7477187,BimodalDFE
849,849,609.735402163,0.000488765226339,1.06081237111,0.0910183848833,-27532.609481,BimodalDFE
850,850,10.9390709131,0.00942674223839,558.064468593,0.00611077938414,-8858.95536935,BimodalDFE
851,851,768.177120291,0.0023925009537,266.746639983,0.150995759868,-7609.38826201,BimodalDFE
852,852,86.7839763301,0.0010141035143,603.153822468,0.000496021434713,-27499.0223913,BimodalDFE
853,853,620.216221885,0.000466967691141,105.238246957,0.000880385670534,-27506.2839336,BimodalDFE
854,854,607.897666887,0.000487029339011,97.8618579643,0.000880316922748,-27459.8205744,BimodalDFE
855,855,510.614298544,0.327968854855,1165.08610779,8.41236439871e-05,-7347.89212379,BimodalDFE
856,856,926.988143439,0.00158976991505,782.364574385,0.000744267426167,-8768.30347664,BimodalDFE
857,857,615.247997447,0.000478277484482,86.1223840358,0.00117223068824,-27401.0127315,BimodalDFE
858,858,607.093291949,0.000482699396844,103.744114996,0.000883530808969,-27452.0420789,BimodalDFE
859,859,570.712072176,0.0005610510788,55.0971666934,0.00538053622132,-27459.1037251,BimodalDFE
860,860,613.518883984,0.0129488277458,0.548563416969,0.185828665943,-4632.5228074,BimodalDFE
861,861,802.185904575,0.000203038992081,333.019898341,0.00109632400362,-23730.2828738,BimodalDFE
862,862,74.6447276705,0.00123712839346,597.684498893,0.000504383606732,-27508.384902,BimodalDFE
863,863,623.628942174,0.000460543522378,1.04501816689,0.092444139496,-27450.0999784,BimodalDFE
864,864,79.1104559137,0.00122836195741,607.239540299,0.000487124165258,-27558.6582453,BimodalDFE
865,865,441.778804043,0.00162690446743,26.7727956486,0.00620184246375,-19253.8293846,BimodalDFE
866,866,907.687235112,0.000210323596981,176.591538316,0.134026129983,-19402.4727324,BimodalDFE
867,867,82.470915545,0.00112289034605,603.322392991,0.000496663402257,-27475.7899486,BimodalDFE
868,868,612.468686693,0.000468997956926,162.93296303,0.000397201165482,-27485.0184692,BimodalDFE
869,869,81.1350855293,0.00114102465079,598.736393598,0.000499330856701,-27440.1477371,BimodalDFE
870,870,614.185955803,0.000474898085472,89.7707225355,0.00110270456644,-27556.7705975,BimodalDFE
871,871,597.402988826,0.000505972204292,76.1720012896,0.00119620272476,-27410.2470899,BimodalDFE
872,872,1002.39436917,0.000149210167555,95.8557986636,0.0141862479747,-21594.0164379,BimodalDFE
873,873,364.785707488,0.000734859653856,110.1647966,0.00446601585144,-22706.9145526,BimodalDFE
874,874,415.334742913,0.0109153930839,574.571122959,1.86988469886e-05,-9140.87414677,BimodalDFE
875,875,50.3538082477,0.949293186236,990.676262901,0.00854493018563,-5113.26309231,BimodalDFE
876,876,37.0747679658,0.98944883293,529.829252792,0.0839573254286,-5052.60299343,BimodalDFE
877,877,96.1021332956,0.0726856100555,1451.4590155,0.00115574727148,-15682.4068263,BimodalDFE
878,878,589.603245597,0.000512077651766,79.7934149512,0.00106449169191,-27419.4243325,BimodalDFE
879,879,804.110513145,0.00022804858935,112.760717339,0.0144088075612,-19592.9001179,BimodalDFE
880,880,436.070647833,0.875918359649,279.780819363,0.0179666578731,-9001.40628867,BimodalDFE
881,881,258.3951688,0.936972068804,958.057209874,0.0528174786983,-3278.22302625,BimodalDFE
882,882,1.67685732871,0.00131995972998,387.251960533,0.000536619620577,-22261.2781963,BimodalDFE
883,883,85.461147011,0.00112248954607,608.947264625,0.000485773209347,-27515.3888393,BimodalDFE
884,884,570.762463137,0.000561088388553,14.969680432,0.149000712157,-26947.8475268,BimodalDFE
885,885,611.496955146,0.000477802822764,1.04758696734,0.0861463657471,-27446.5603246,BimodalDFE
886,886,770.065909512,0.0111713755474,2501.30528272,8.08221643834e-05,-5670.49291422,BimodalDFE
887,887,0.151173737584,0.982742006836,375.233566596,0.00088190752947,-14822.7746426,BimodalDFE
888,888,1.17756411672,0.284287422045,610.969384389,0.0181319549531,-6234.01841876,BimodalDFE
889,889,698.634667647,0.000159599978545,68.9660773749,0.0672212652261,-17476.1332944,BimodalDFE
890,890,1531.4730734,7.16323943278e-05,46.2959842603,0.070598536183,-20144.8493182,BimodalDFE
891,891,600.290541023,0.000499734386524,83.394808496,0.00107387230801,-27547.8526036,BimodalDFE
892,892,607.230643237,0.000486013097532,1.05238558573,0.0886286453787,-27530.8133568,BimodalDFE
893,893,620.865076064,0.000464883368158,113.49428089,0.000815195447526,-27528.4093871,BimodalDFE
894,894,867.399599001,1.24824603781e-05,517.187535168,0.00160557155314,-16487.8442779,BimodalDFE
895,895,607.132985783,0.000490990730167,86.0151571718,0.00104980730718,-27560.1524291,BimodalDFE
896,896,604.285098764,0.000494879622477,84.9158874774,0.00105783306086,-27479.1864148,BimodalDFE
897,897,17.4135707116,0.332547916045,634.536124926,0.052223060315,-4784.60839689,BimodalDFE
898,898,189.190275655,0.431247394935,509.721407168,0.0212993052019,-6251.0047889,BimodalDFE
899,899,609.342422963,0.000489261101584,1.05802974715,0.0872679323465,-27559.2774139,BimodalDFE
900,900,685.058369444,0.000327957688724,115.244580159,0.0197287359968,-17522.2703837,BimodalDFE
901,901,613.593572107,0.000480509856851,81.9728729323,0.00119221509024,-27456.5024896,BimodalDFE
902,902,117.83428196,0.971358401647,690.164700618,0.0065001312794,-6660.93343524,BimodalDFE
903,903,299.497122013,6.40524552664e-06,854.240833977,0.00168655701563,-10313.1620616,BimodalDFE
904,904,0.162967195572,0.0579041922622,577.276725222,0.0542591077095,-5052.34525023,BimodalDFE
905,905,75.7672027404,0.00124787374984,606.004568876,0.000493985185987,-27476.6148699,BimodalDFE
906,906,93.0294717906,0.000976926542267,605.468772428,0.000490126371851,-27506.0339076,BimodalDFE
907,907,388.110671687,0.126291327213,626.769940248,0.0323061994164,-4940.72976026,BimodalDFE
908,908,569.159121351,0.000561192806949,372.635228366,0.0233205298518,-27327.8145045,BimodalDFE
909,909,626.103141513,0.000480088644644,0.567542815189,0.170390792142,-27111.8908072,BimodalDFE
910,910,19.5045316674,0.435680290155,997.882528233,0.14070950762,-2672.52796974,BimodalDFE
911,911,453.629140402,0.000823686459882,0.980737415501,0.00573243695148,-27231.8451774,BimodalDFE
912,912,86.4898312545,0.00108435012266,608.871960226,0.000487531277115,-27542.4179256,BimodalDFE
913,913,23.5378980156,0.333725012444,226.072146883,0.0590901012872,-8963.38475799,BimodalDFE
914,914,1.06005881467,0.0826926264898,602.39000999,0.000499632905261,-27409.3712629,BimodalDFE
915,915,2.1636375499,0.000117948501403,569.749513639,2.39396942492e-08,-21340.8729523,BimodalDFE
916,916,439.28654881,0.0158337409981,426.291934571,0.145504471475,-5326.20572291,BimodalDFE
917,917,608.330826608,0.000487570310095,1.05371250153,0.0854027294202,-27408.7776155,BimodalDFE
918,918,86.1103250455,0.499699924961,538.956828056,0.000643028284454,-14858.1116515,BimodalDFE
919,919,0.597819539039,0.640010024988,604.800818209,0.0530083259015,-4800.63162704,BimodalDFE
920,920,0.0173991084318,0.295088730612,957.183598859,0.0463472078533,-3400.1842208,BimodalDFE
921,921,608.270477848,0.000489695744347,81.1708123357,0.00116033894496,-27551.199508,BimodalDFE
922,922,604.287898597,0.000496583698074,74.2284694845,0.00127692569932,-27568.9654448,BimodalDFE
923,923,599.935171116,0.000499521152188,78.9729747677,0.0011839786546,-27495.5399254,BimodalDFE
924,924,571.312150547,0.000551502709461,239.677944324,0.00220692156714,-26842.6412812,BimodalDFE
925,925,612.056429232,0.000478704041312,95.8532811507,0.000973127156552,-27501.5090656,BimodalDFE
926,926,1.05176514109,0.0933413724242,616.213067298,0.00047492000853,-27512.294334,BimodalDFE
927,927,608.900757685,0.000487915604885,86.5564851077,0.0010872554575,-27494.6703971,BimodalDFE
928,928,22.5393732383,0.019017026785,573.273945143,0.000129595513233,-15900.554299,BimodalDFE
929,929,218.450841039,0.821403520495,682.052720073,0.02143406693,-5165.12107708,BimodalDFE
930,930,425.375111321,0.000241341367851,1349.08306482,1.95184388466e-05,-17510.1861358,BimodalDFE
931,931,617.330184468,0.000473666805106,1.0549922414,0.0968263608568,-27473.1279456,BimodalDFE
932,932,173.890163409,0.77749430567,708.531681585,0.00154839036843,-6894.72359436,BimodalDFE
933,933,2527.4598604,0.669641327667,276.900485417,0.0110563457121,-7965.66435059,BimodalDFE
934,934,638.93257184,0.000475475203121,73.5056540666,0.0228123199145,-20435.8107627,BimodalDFE
935,935,6746.27923827,0.00165010005886,420.140106813,0.000745706172436,-24498.5480882,BimodalDFE
936,936,597.896806026,0.000504313730923,84.7758282905,0.00103069110432,-27516.0921724,BimodalDFE
937,937,39.6838754234,0.523308481631,915.634757234,0.00264375891855,-7909.76865797,BimodalDFE
938,938,1267.5217728,0.302302114031,678.610475878,0.0237465689282,-5010.09889783,BimodalDFE
939,939,620.013180471,0.000466587630117,112.064215726,0.000833824851691,-27501.8991227,BimodalDFE
940,940,0.0120578859675,0.799246745128,389.282476786,0.102065386127,-5909.05138908,BimodalDFE
941,941,531.431758882,0.000572067361819,45.5784027702,0.0240255775095,-26663.0850429,BimodalDFE
942,942,579.060707158,0.000498697887245,61.9216610272,0.000391421528154,-26840.489911,BimodalDFE
943,943,5.05839174825,0.698640720978,723.537351426,0.00303734061986,-9287.39569376,BimodalDFE
944,944,0.334773695876,0.802332030731,833.983136079,0.0439596938965,-3848.62609588,BimodalDFE
945,945,5672.80932655,0.581841733577,832.723917395,0.0407300623156,-3726.81384109,BimodalDFE
946,946,0.0784739613291,0.0627548483988,520.08647198,0.00119073056367,-14311.1798155,BimodalDFE
947,947,0.298958309441,0.00259352500315,346.995735559,0.0556732388881,-5924.71402765,BimodalDFE
948,948,6.78790990061,0.178309234966,722.379536243,9.10674624127e-05,-15502.147991,BimodalDFE
949,949,609.960164911,0.00048620825538,88.6757903062,0.00104825301858,-27495.3950693,BimodalDFE
950,950,95.4896264561,0.000985057379736,614.368682324,0.000476523979667,-27415.2307452,BimodalDFE
951,951,377.667840592,0.00231636553138,0.0726376139792,0.018089823794,-17124.9187506,BimodalDFE
952,952,650.985496028,0.203807747469,0.0164674169301,0.0227918269767,-3604.40563387,BimodalDFE
953,953,24.3890288491,0.447749596385,1063.46502327,0.000138572041296,-19461.9243137,BimodalDFE
954,954,266.151461134,0.951268610829,574.905149547,0.00106675848087,-9485.20285775,BimodalDFE
955,955,140.585356404,0.0101829866378,0.341915344981,0.186303768901,-17410.4759001,BimodalDFE
956,956,601.576954187,0.000497740516556,83.6745839872,0.00109599999553,-27463.7340669,BimodalDFE
957,957,580.488827717,0.000539302677849,61.2976949685,0.00604973268014,-27387.3110787,BimodalDFE
958,958,278.655478381,0.00370390216378,589.06707909,0.0064312873539,-8168.68126909,BimodalDFE
959,959,13335.5846664,0.976882587259,600.382100995,0.000537771462575,-20221.6885259,BimodalDFE
960,960,7190.70167426,0.727467097894,603.962904104,0.024519214591,-4781.92056356,BimodalDFE
961,961,510.997232719,0.797996063035,3224.51608552,0.2,-3598.88288403,BimodalDFE
962,962,6.7832316874,0.903465983728,170.149817002,0.145350997698,-8952.42959511,BimodalDFE
963,963,94.8752759071,0.000919368562072,605.631812706,0.000489191172426,-27572.7504332,BimodalDFE
964,964,220.528786003,0.00866800911719,995.402132207,0.0299807606707,-7735.25331331,BimodalDFE
965,965,575.888956966,0.000548736180945,57.710265311,0.000959576278052,-27513.9340353,BimodalDFE
966,966,244.948471866,0.848181122838,739.883509158,0.000283653343716,-10448.4601298,BimodalDFE
967,967,768.979292762,0.562170504015,331.851802811,0.2,-2671.96961936,BimodalDFE
968,968,19.6695420337,0.158287231234,1196.26928131,0.000528383727933,-13298.5925824,BimodalDFE
969,969,615.609078874,0.000494410556,14.2598432322,0.00480792253443,-27320.9669554,BimodalDFE
970,970,465.998555197,0.23364251154,421.541669041,0.00826005842084,-4723.92058343,BimodalDFE
971,971,596.876948457,0.000505966410208,1.06410564299,0.0875295679294,-27518.6295542,BimodalDFE
972,972,11.3540289792,0.168561595163,593.008647626,0.00880716364157,-7610.23524149,BimodalDFE
973,973,611.04375031,0.000480877337741,93.4548987027,0.00102084216821,-27525.8521511,BimodalDFE
974,974,717.505727446,0.999869677358,573.97211128,0.0138149257665,-6408.74986126,BimodalDFE
975,975,809.237542255,0.00458948766991,712.26315869,0.00132383001068,-6949.47647079,BimodalDFE
976,976,553.479798045,0.000590425780153,0.0909462995469,0.199916490514,-27400.2153035,BimodalDFE
977,977,609.185364289,0.000485523996266,84.3367873494,0.00117314517288,-27544.5885924,BimodalDFE
978,978,609.101490549,0.000477839586109,1.04174924115,0.0819802041536,-27413.2205563,BimodalDFE
979,979,106.1734655,0.921427013657,431.262647017,0.000488088678504,-11913.455965,BimodalDFE
980,980,75.2314551899,0.00122842269166,603.602298928,0.000496615847256,-27563.4136059,BimodalDFE
981,981,595.033148544,0.000511642599845,82.9580055236,0.000618234236777,-27485.8298689,BimodalDFE
982,982,598.156009385,0.000506723141003,67.5551209742,0.0014382196234,-27446.0057977,BimodalDFE
983,983,0.9458252479,0.0162115358035,257.302219559,0.00199867892375,-20642.1006702,BimodalDFE
984,984,103.599246642,0.000870809839839,611.039140126,0.000479763405843,-27364.8457704,BimodalDFE
985,985,37.9416475492,0.0075130748111,758.365364765,0.0211225209792,-5058.47793636,BimodalDFE
986,986,791.893442753,0.00737694249091,457.56672072,0.170909436418,-4698.34379679,BimodalDFE
987,987,32.1120401065,0.000264434037278,270.96524132,0.00472005883408,-17642.5847579,BimodalDFE
988,988,257.564654559,0.00276342497891,347.558605302,0.00426275673887,-13052.1660899,BimodalDFE
989,989,3728.4758842,0.000230525830214,572.872011625,0.000575059317292,-21640.5788863,BimodalDFE
990,990,511.68969695,0.000676313804668,0.985433431466,0.0515754247356,-27267.1637737,BimodalDFE
991,991,612.308723526,0.000482594885294,82.3699580044,0.00120366011847,-27501.4701065,BimodalDFE
992,992,67.9206356073,0.00142111743737,600.609595234,0.000503392331143,-27524.4151025,BimodalDFE
993,993,606.165834011,0.000495303405315,106.359967307,0.00013398619009,-27497.9166208,BimodalDFE
994,994,622.688816591,0.000461731002642,1.04488744512,0.0909976829193,-27441.1458408,BimodalDFE
995,995,604.602647153,0.000494107837654,1.06225017943,0.0918760453296,-27460.4277062,BimodalDFE
996,996,553.0,0.836825110532,1.11022302473e-10,0.2,89575.9509998,BimodalDFE
997,997,0.301325399577,0.919295455645,691.095379369,0.000244469789713,-7936.15233103,BimodalDFE
998,998,616.466269447,0.000474016055077,97.5702582266,0.000949041057613,-27458.1675549,BimodalDFE
999,999,24251.9638412,0.826103046398,234.572809084,0.00308337035549,-22206.4190404,BimodalDFE
