,rep,NeSa,pa,AIC,identifier
0,0,242.511094444,0.000184285367335,-23704.0031983,Nes10_dDFE.Exponential
1,1,225.114163635,0.000199173731892,-23695.1600708,Nes10_dDFE.Exponential
2,2,266.583613038,0.000159185380793,-23719.2976482,Nes10_dDFE.Exponential
3,3,256.231302027,0.000169956453449,-23689.6369761,Nes10_dDFE.Exponential
4,4,241.359135802,0.000182232707134,-23769.2045159,Nes10_dDFE.Exponential
5,5,241.529573555,0.000185269148789,-23730.8835241,Nes10_dDFE.Exponential
6,6,239.692163189,0.000184342463842,-23741.7595065,Nes10_dDFE.Exponential
7,7,248.279799992,0.000178410496664,-23740.6785344,Nes10_dDFE.Exponential
8,8,250.741317654,0.000177557986887,-23743.9096877,Nes10_dDFE.Exponential
9,9,224.924221317,0.000207547192363,-23663.2749233,Nes10_dDFE.Exponential
10,10,241.483493293,0.000185873021346,-23712.7603561,Nes10_dDFE.Exponential
11,11,246.392269352,0.000179319221111,-23746.7015735,Nes10_dDFE.Exponential
12,12,232.498102975,0.000193841834067,-23642.7811065,Nes10_dDFE.Exponential
13,13,230.840905972,0.000198167717583,-23741.9618201,Nes10_dDFE.Exponential
14,14,246.298094253,0.00017708471212,-23658.7260686,Nes10_dDFE.Exponential
15,15,228.801773622,0.000196521267246,-23770.219178,Nes10_dDFE.Exponential
16,16,256.99501706,0.000166988340103,-23806.5442087,Nes10_dDFE.Exponential
17,17,232.900041129,0.000193507572527,-23723.534524,Nes10_dDFE.Exponential
18,18,262.493532562,0.000162421601229,-23713.9088017,Nes10_dDFE.Exponential
19,19,222.657279398,0.000207640067649,-23759.6570011,Nes10_dDFE.Exponential
20,20,229.558109312,0.000192000573824,-23628.3673832,Nes10_dDFE.Exponential
21,21,235.324363922,0.000188465981389,-23682.2810791,Nes10_dDFE.Exponential
22,22,243.357255186,0.000184033077038,-23768.862964,Nes10_dDFE.Exponential
23,23,252.138822249,0.000170575240605,-23633.6746704,Nes10_dDFE.Exponential
24,24,250.48011474,0.00017759847514,-23675.4857261,Nes10_dDFE.Exponential
25,25,229.632225037,0.000198126801001,-23820.8004903,Nes10_dDFE.Exponential
26,26,243.79879089,0.000184655434679,-23742.8492124,Nes10_dDFE.Exponential
27,27,243.986101884,0.000182113529769,-23731.8566098,Nes10_dDFE.Exponential
28,28,249.634829481,0.000179477873256,-23680.8611147,Nes10_dDFE.Exponential
29,29,241.360574332,0.000184180541359,-23754.311046,Nes10_dDFE.Exponential
30,30,244.153294971,0.000177250930226,-23745.8184986,Nes10_dDFE.Exponential
31,31,241.007433517,0.000182671355856,-23646.9024497,Nes10_dDFE.Exponential
32,32,247.427232646,0.000177551572409,-23645.0008906,Nes10_dDFE.Exponential
33,33,236.31705931,0.000188760654659,-23696.7201421,Nes10_dDFE.Exponential
34,34,231.16822604,0.00019373671729,-23766.0845626,Nes10_dDFE.Exponential
35,35,223.011023691,0.000205530591881,-23741.8781676,Nes10_dDFE.Exponential
36,36,258.876379852,0.000170954901209,-23744.4523059,Nes10_dDFE.Exponential
37,37,244.780259694,0.000184475626879,-23790.6109606,Nes10_dDFE.Exponential
38,38,239.426399933,0.000186874217977,-23719.0108348,Nes10_dDFE.Exponential
39,39,244.695357593,0.000185536664986,-23661.6442651,Nes10_dDFE.Exponential
40,40,249.228870963,0.00017564115088,-23697.7711039,Nes10_dDFE.Exponential
41,41,248.988980949,0.000177410923149,-23803.6609522,Nes10_dDFE.Exponential
42,42,231.025706054,0.000198628710084,-23686.1597902,Nes10_dDFE.Exponential
43,43,235.475790357,0.000189626018506,-23705.9513204,Nes10_dDFE.Exponential
44,44,248.734978851,0.000179304037847,-23748.9143366,Nes10_dDFE.Exponential
45,45,236.026104809,0.000194550092027,-23767.9478096,Nes10_dDFE.Exponential
46,46,232.720413575,0.000193425627817,-23705.0207739,Nes10_dDFE.Exponential
47,47,249.801819676,0.000173909772763,-23776.2706006,Nes10_dDFE.Exponential
48,48,215.952412262,0.000214581372363,-23772.3193794,Nes10_dDFE.Exponential
49,49,245.303361167,0.00017797578406,-23730.0556445,Nes10_dDFE.Exponential
50,50,246.749009208,0.000177680895224,-23730.7597158,Nes10_dDFE.Exponential
51,51,240.669930424,0.000181518396282,-23757.9584657,Nes10_dDFE.Exponential
52,52,239.515896785,0.000185531519491,-23769.1320105,Nes10_dDFE.Exponential
53,53,245.57123126,0.000181528838459,-23708.9169828,Nes10_dDFE.Exponential
54,54,235.669927689,0.000191297610994,-23748.1747342,Nes10_dDFE.Exponential
55,55,243.80818834,0.000177105371733,-23695.1730252,Nes10_dDFE.Exponential
56,56,236.155960293,0.000192915558347,-23762.0325513,Nes10_dDFE.Exponential
57,57,224.901517581,0.000204223232943,-23829.7509142,Nes10_dDFE.Exponential
58,58,232.235138264,0.000192579990889,-23650.5751348,Nes10_dDFE.Exponential
59,59,221.294414818,0.000206876131295,-23705.979799,Nes10_dDFE.Exponential
60,60,241.43722271,0.00018580915762,-23724.7326121,Nes10_dDFE.Exponential
61,61,248.728845352,0.000176494259554,-23705.2502662,Nes10_dDFE.Exponential
62,62,235.358095123,0.00018823389419,-23754.0008583,Nes10_dDFE.Exponential
63,63,237.478523812,0.000187349556002,-23714.732228,Nes10_dDFE.Exponential
64,64,234.333903225,0.000195269548778,-23679.6185871,Nes10_dDFE.Exponential
65,65,231.952216024,0.000193498991772,-23706.5573025,Nes10_dDFE.Exponential
66,66,252.292301319,0.000172731472473,-23706.0371329,Nes10_dDFE.Exponential
67,67,234.032711778,0.000193107304551,-23700.3742776,Nes10_dDFE.Exponential
68,68,245.203843517,0.000179170455197,-23678.6850225,Nes10_dDFE.Exponential
69,69,237.148320715,0.000188622833885,-23673.0002697,Nes10_dDFE.Exponential
70,70,225.389034413,0.000205154143401,-23781.1911923,Nes10_dDFE.Exponential
71,71,229.869564467,0.000196576420405,-23723.4139403,Nes10_dDFE.Exponential
72,72,247.424905727,0.000178552294477,-23766.7574156,Nes10_dDFE.Exponential
73,73,249.150030877,0.000176398653363,-23746.8516652,Nes10_dDFE.Exponential
74,74,266.595335935,0.000160092073134,-23701.0956344,Nes10_dDFE.Exponential
75,75,231.313372926,0.000192336443895,-23665.9134274,Nes10_dDFE.Exponential
76,76,250.813045613,0.000176523666026,-23719.9848171,Nes10_dDFE.Exponential
77,77,233.292692336,0.000195844728328,-23774.1818976,Nes10_dDFE.Exponential
78,78,224.832058222,0.000205216860906,-23685.2065099,Nes10_dDFE.Exponential
79,79,237.69896053,0.000185469873081,-23730.1882876,Nes10_dDFE.Exponential
80,80,1.02364363586,0.0437202871905,-23789.8652448,Nes10_dDFE.Exponential
81,81,244.181279411,0.000178699297316,-23710.3022375,Nes10_dDFE.Exponential
82,82,254.969877544,0.000173080797819,-23706.9149678,Nes10_dDFE.Exponential
83,83,248.60887987,0.000173409307929,-23688.5906583,Nes10_dDFE.Exponential
84,84,246.918081051,0.000176782132858,-23743.2695699,Nes10_dDFE.Exponential
85,85,245.379347315,0.000180847373979,-23692.0150254,Nes10_dDFE.Exponential
86,86,247.266805335,0.000181488182828,-23724.1540982,Nes10_dDFE.Exponential
87,87,231.006227113,0.000195927493303,-23718.8890269,Nes10_dDFE.Exponential
88,88,223.668349835,0.000200673305032,-23719.5299294,Nes10_dDFE.Exponential
89,89,228.963673463,0.000198049454947,-23747.0970503,Nes10_dDFE.Exponential
90,90,242.39556498,0.000183909679873,-23745.3781595,Nes10_dDFE.Exponential
91,91,1.02300922911,0.0429111460707,-23720.5598835,Nes10_dDFE.Exponential
92,92,223.278341283,0.000203303791115,-23732.6392573,Nes10_dDFE.Exponential
93,93,234.042593581,0.000197793218908,-23720.89749,Nes10_dDFE.Exponential
94,94,244.501239972,0.000182472574294,-23689.2064266,Nes10_dDFE.Exponential
95,95,238.066432024,0.000186303089667,-23770.2432315,Nes10_dDFE.Exponential
96,96,259.56680601,0.000166113325311,-23679.6174069,Nes10_dDFE.Exponential
97,97,232.860264713,0.000193136281674,-23699.7361431,Nes10_dDFE.Exponential
98,98,237.690429729,0.000193736228669,-23729.5015432,Nes10_dDFE.Exponential
99,99,231.996658414,0.000194689319163,-23696.1366389,Nes10_dDFE.Exponential
100,100,233.492839516,0.000194874564795,-23689.3267292,Nes10_dDFE.Exponential
101,101,249.927476673,0.000176823796736,-23624.4645555,Nes10_dDFE.Exponential
102,102,251.253025917,0.000176611921931,-23623.4572581,Nes10_dDFE.Exponential
103,103,219.751252179,0.000204370484644,-23808.3993197,Nes10_dDFE.Exponential
104,104,243.715983977,0.000175989567462,-23683.4601463,Nes10_dDFE.Exponential
105,105,228.032670046,0.000196629604897,-23699.816837,Nes10_dDFE.Exponential
106,106,240.201659158,0.000185286735429,-23707.6785603,Nes10_dDFE.Exponential
107,107,225.881373613,0.000203254893739,-23668.4320992,Nes10_dDFE.Exponential
108,108,241.126789951,0.00018321983999,-23686.6587393,Nes10_dDFE.Exponential
109,109,238.598146255,0.000187234692274,-23787.1347302,Nes10_dDFE.Exponential
110,110,239.313965852,0.000186392881933,-23750.75819,Nes10_dDFE.Exponential
111,111,250.464610058,0.000168819335099,-23598.9737454,Nes10_dDFE.Exponential
112,112,236.615651812,0.000192990335706,-23719.1091227,Nes10_dDFE.Exponential
113,113,234.784235694,0.000192773153348,-23749.0405125,Nes10_dDFE.Exponential
114,114,236.064480175,0.0001916126331,-23729.1530988,Nes10_dDFE.Exponential
115,115,243.757138331,0.000181810763097,-23703.9322128,Nes10_dDFE.Exponential
116,116,249.370042033,0.000179877640163,-23774.9442298,Nes10_dDFE.Exponential
117,117,245.22306567,0.00017868324895,-23676.3248129,Nes10_dDFE.Exponential
118,118,244.993994051,0.000184082995437,-23728.2225764,Nes10_dDFE.Exponential
119,119,223.375808845,0.000202973599703,-23696.3261933,Nes10_dDFE.Exponential
120,120,256.505496228,0.000171788560803,-23705.3463891,Nes10_dDFE.Exponential
121,121,236.079305401,0.000195564729473,-23756.3788717,Nes10_dDFE.Exponential
122,122,237.828097192,0.000182153850186,-23775.6044282,Nes10_dDFE.Exponential
123,123,229.990289114,0.000194361945035,-23748.5397651,Nes10_dDFE.Exponential
124,124,245.915555537,0.000182613859846,-23685.694578,Nes10_dDFE.Exponential
125,125,245.138046679,0.000181174284293,-23731.8961422,Nes10_dDFE.Exponential
126,126,249.754381486,0.000177685862346,-23776.075553,Nes10_dDFE.Exponential
127,127,221.913884782,0.00020676421816,-23741.4382906,Nes10_dDFE.Exponential
128,128,236.147573198,0.000189867165711,-23711.1217189,Nes10_dDFE.Exponential
129,129,233.285513172,0.000189950364789,-23715.3168118,Nes10_dDFE.Exponential
130,130,244.432481835,0.000181221598074,-23728.7439924,Nes10_dDFE.Exponential
131,131,249.767531313,0.000174300241461,-23716.0028172,Nes10_dDFE.Exponential
132,132,242.649913228,0.000187189131233,-23694.5448918,Nes10_dDFE.Exponential
133,133,253.863778908,0.000167542535961,-23764.6991814,Nes10_dDFE.Exponential
134,134,220.29701178,0.000211037746061,-23694.846271,Nes10_dDFE.Exponential
135,135,244.964790096,0.000180646755086,-23724.8510276,Nes10_dDFE.Exponential
136,136,229.769531261,0.000202319385915,-23680.8333717,Nes10_dDFE.Exponential
137,137,246.132989313,0.000176406986044,-23592.3447304,Nes10_dDFE.Exponential
138,138,236.585236051,0.000187874760662,-23681.461163,Nes10_dDFE.Exponential
139,139,231.612996316,0.000197813009323,-23698.9295029,Nes10_dDFE.Exponential
140,140,239.471527235,0.000179116142205,-23705.9341381,Nes10_dDFE.Exponential
141,141,226.596953496,0.000207147784559,-23777.0489661,Nes10_dDFE.Exponential
142,142,234.004760576,0.000191271999101,-23754.4971888,Nes10_dDFE.Exponential
143,143,227.177615877,0.00019597711266,-23770.1301633,Nes10_dDFE.Exponential
144,144,242.151079478,0.000183139313577,-23623.1933177,Nes10_dDFE.Exponential
145,145,249.908630481,0.000176325978413,-23707.6701934,Nes10_dDFE.Exponential
146,146,233.661398623,0.000191851129221,-23734.8331786,Nes10_dDFE.Exponential
147,147,244.76040053,0.000179882255752,-23712.607755,Nes10_dDFE.Exponential
148,148,220.965074942,0.00020733982788,-23720.2991619,Nes10_dDFE.Exponential
149,149,244.62258166,0.00018137502313,-23670.3695436,Nes10_dDFE.Exponential
150,150,229.802650599,0.000193919579434,-23759.7624311,Nes10_dDFE.Exponential
151,151,245.31154676,0.000183189623159,-23743.5556233,Nes10_dDFE.Exponential
152,152,235.480325157,0.000187784196316,-23762.3944709,Nes10_dDFE.Exponential
153,153,237.823825651,0.000188166392708,-23694.6437053,Nes10_dDFE.Exponential
154,154,231.846502512,0.000198309031915,-23683.1124806,Nes10_dDFE.Exponential
155,155,237.639962521,0.000189294115415,-23735.2909849,Nes10_dDFE.Exponential
156,156,233.297021611,0.000191708858253,-23713.0734529,Nes10_dDFE.Exponential
157,157,221.007738526,0.000208627990713,-23777.090504,Nes10_dDFE.Exponential
158,158,238.859592022,0.000185669211773,-23704.5344602,Nes10_dDFE.Exponential
159,159,240.837679383,0.000183904689203,-23752.4743301,Nes10_dDFE.Exponential
160,160,254.230571668,0.000170912799943,-23770.7048351,Nes10_dDFE.Exponential
161,161,1.11022302473e-10,0.0103095723938,89571.9509998,Nes10_dDFE.Exponential
162,162,241.027374836,0.00018466805271,-23690.9729333,Nes10_dDFE.Exponential
163,163,231.772672108,0.000195199306391,-23600.8552661,Nes10_dDFE.Exponential
164,164,257.126245251,0.00016978761518,-23670.5440826,Nes10_dDFE.Exponential
165,165,253.326772708,0.000173622746699,-23697.038702,Nes10_dDFE.Exponential
166,166,251.557643567,0.000172058250831,-23742.8171314,Nes10_dDFE.Exponential
167,167,228.46999344,0.000200052984609,-23677.6109508,Nes10_dDFE.Exponential
168,168,252.38460519,0.000174635015934,-23686.2100337,Nes10_dDFE.Exponential
169,169,244.529160787,0.000179307563018,-23657.7049238,Nes10_dDFE.Exponential
170,170,245.353140615,0.000179051500916,-23725.4645577,Nes10_dDFE.Exponential
171,171,245.760965517,0.000178712096367,-23768.9737623,Nes10_dDFE.Exponential
172,172,232.599316594,0.000191208946001,-23739.3650487,Nes10_dDFE.Exponential
173,173,220.623744392,0.000204935027244,-23736.7378184,Nes10_dDFE.Exponential
174,174,232.825217962,0.000188911330187,-23615.6841516,Nes10_dDFE.Exponential
175,175,238.900834421,0.00018935516833,-23689.7569331,Nes10_dDFE.Exponential
176,176,246.075033563,0.000181086713643,-23791.6965321,Nes10_dDFE.Exponential
177,177,254.750190479,0.000171535703788,-23655.6336793,Nes10_dDFE.Exponential
178,178,227.739792394,0.000199850144806,-23665.5212017,Nes10_dDFE.Exponential
179,179,238.153480784,0.000189445944533,-23758.7345539,Nes10_dDFE.Exponential
180,180,224.247226246,0.000203007859797,-23703.881862,Nes10_dDFE.Exponential
181,181,246.403954189,0.000176542783503,-23698.6346108,Nes10_dDFE.Exponential
182,182,237.640526362,0.000188086688578,-23721.2797367,Nes10_dDFE.Exponential
183,183,222.012272378,0.000202007147054,-23762.0806097,Nes10_dDFE.Exponential
184,184,229.957114473,0.000196639729723,-23712.4711815,Nes10_dDFE.Exponential
185,185,221.639706512,0.000208469346023,-23749.5659553,Nes10_dDFE.Exponential
186,186,232.525895791,0.000193181271879,-23724.3876942,Nes10_dDFE.Exponential
187,187,244.440833333,0.000176948636542,-23743.3343769,Nes10_dDFE.Exponential
188,188,243.629929757,0.000185622276115,-23745.8547521,Nes10_dDFE.Exponential
189,189,237.499418294,0.000187102235472,-23729.0702092,Nes10_dDFE.Exponential
190,190,227.523164619,0.000197784018631,-23722.325304,Nes10_dDFE.Exponential
191,191,237.624118733,0.000189045497799,-23708.2411223,Nes10_dDFE.Exponential
192,192,221.485146891,0.000204776361792,-23727.6895762,Nes10_dDFE.Exponential
193,193,231.527317044,0.000197683444892,-23616.7279857,Nes10_dDFE.Exponential
194,194,237.477430832,0.000191612863949,-23792.4505654,Nes10_dDFE.Exponential
195,195,241.251420078,0.000180938026059,-23772.5025071,Nes10_dDFE.Exponential
196,196,241.340932592,0.000185468960266,-23763.0416826,Nes10_dDFE.Exponential
197,197,245.562403066,0.000181562783086,-23758.1640487,Nes10_dDFE.Exponential
198,198,252.721573277,0.000172359949446,-23669.5724828,Nes10_dDFE.Exponential
199,199,237.900189679,0.000186545448199,-23705.3517967,Nes10_dDFE.Exponential
200,200,257.331633153,0.000167223295147,-23681.7299338,Nes10_dDFE.Exponential
201,201,232.88399993,0.000193572626595,-23684.1575614,Nes10_dDFE.Exponential
202,202,250.842836066,0.000175791473672,-23688.4752856,Nes10_dDFE.Exponential
203,203,238.285821252,0.000197208262756,-23790.1234491,Nes10_dDFE.Exponential
204,204,252.014906169,0.000171292121486,-23726.7069737,Nes10_dDFE.Exponential
205,205,242.833123995,0.000181704231509,-23728.1939138,Nes10_dDFE.Exponential
206,206,228.336771903,0.000199173971668,-23742.7753136,Nes10_dDFE.Exponential
207,207,222.360642461,0.000210620552746,-23671.5177458,Nes10_dDFE.Exponential
208,208,242.13238059,0.000185657496145,-23764.6857598,Nes10_dDFE.Exponential
209,209,234.864740706,0.000193761284315,-23716.5562339,Nes10_dDFE.Exponential
210,210,244.699117147,0.000178320222018,-23757.2967488,Nes10_dDFE.Exponential
211,211,240.275508864,0.00017982914029,-23647.7595797,Nes10_dDFE.Exponential
212,212,236.970240216,0.00019172715381,-23807.0122335,Nes10_dDFE.Exponential
213,213,229.101712826,0.000198367400159,-23750.8015085,Nes10_dDFE.Exponential
214,214,238.62407317,0.000186942771275,-23694.5100327,Nes10_dDFE.Exponential
215,215,236.868439177,0.000191020260416,-23736.1587808,Nes10_dDFE.Exponential
216,216,226.468624092,0.000201345949767,-23784.3156149,Nes10_dDFE.Exponential
217,217,267.277091416,0.00015903577909,-23757.4672346,Nes10_dDFE.Exponential
218,218,237.746966699,0.000189039257912,-23759.6652785,Nes10_dDFE.Exponential
219,219,247.099215709,0.000181167302801,-23730.8036711,Nes10_dDFE.Exponential
220,220,243.632918705,0.000180834192611,-23729.3964899,Nes10_dDFE.Exponential
221,221,236.572947582,0.000185688154464,-23761.9343223,Nes10_dDFE.Exponential
222,222,252.994469976,0.000172838872098,-23698.9787134,Nes10_dDFE.Exponential
223,223,249.069336987,0.000177986029519,-23755.0675513,Nes10_dDFE.Exponential
224,224,250.376728164,0.000174083750594,-23696.3938124,Nes10_dDFE.Exponential
225,225,246.168456318,0.000178718910463,-23734.7258004,Nes10_dDFE.Exponential
226,226,232.192910644,0.000194616730331,-23814.2987145,Nes10_dDFE.Exponential
227,227,236.575700402,0.00018788970159,-23645.5826963,Nes10_dDFE.Exponential
228,228,229.300078764,0.000199104221586,-23735.9755025,Nes10_dDFE.Exponential
229,229,250.067622691,0.000175489439939,-23692.4441194,Nes10_dDFE.Exponential
230,230,238.483483238,0.000184351517202,-23750.7183502,Nes10_dDFE.Exponential
231,231,231.930255483,0.000194439043105,-23800.22934,Nes10_dDFE.Exponential
232,232,237.84478722,0.000190708708196,-23692.3102182,Nes10_dDFE.Exponential
233,233,263.466293877,0.000163263107055,-23758.3438547,Nes10_dDFE.Exponential
234,234,224.091908558,0.000205857222667,-23725.998976,Nes10_dDFE.Exponential
235,235,249.138373846,0.000175980581595,-23783.0662871,Nes10_dDFE.Exponential
236,236,249.521704835,0.000174652758866,-23682.2855141,Nes10_dDFE.Exponential
237,237,235.03439008,0.000189219578545,-23735.0742418,Nes10_dDFE.Exponential
238,238,229.214775436,0.000197918817656,-23744.0239904,Nes10_dDFE.Exponential
239,239,226.645004876,0.000193874117176,-23689.9213111,Nes10_dDFE.Exponential
240,240,249.149514731,0.000175999043796,-23784.1171438,Nes10_dDFE.Exponential
241,241,259.936844429,0.000170507589611,-23649.1719874,Nes10_dDFE.Exponential
242,242,240.732565384,0.000183208110599,-23723.0391876,Nes10_dDFE.Exponential
243,243,228.775013819,0.000197991618877,-23646.0210908,Nes10_dDFE.Exponential
244,244,222.285703958,0.000205291220648,-23722.619812,Nes10_dDFE.Exponential
245,245,233.111210412,0.000193548286595,-23693.4667959,Nes10_dDFE.Exponential
246,246,248.012151369,0.000179207356351,-23633.6987609,Nes10_dDFE.Exponential
247,247,239.749359768,0.000184929050306,-23770.1545455,Nes10_dDFE.Exponential
248,248,252.068743973,0.000173346020451,-23789.9808738,Nes10_dDFE.Exponential
249,249,231.543356107,0.000191590039643,-23733.4426297,Nes10_dDFE.Exponential
250,250,251.319401799,0.000174529341623,-23702.0431365,Nes10_dDFE.Exponential
251,251,233.187055515,0.000193043707492,-23679.9316933,Nes10_dDFE.Exponential
252,252,250.313544393,0.000173154674509,-23677.1474058,Nes10_dDFE.Exponential
253,253,257.808735291,0.000163363195473,-23683.5719048,Nes10_dDFE.Exponential
254,254,234.184068511,0.000188851403539,-23792.4350388,Nes10_dDFE.Exponential
255,255,243.444938696,0.000183710646208,-23701.0715436,Nes10_dDFE.Exponential
256,256,233.00786624,0.000193028957407,-23748.5737102,Nes10_dDFE.Exponential
257,257,221.953421062,0.000207791185717,-23751.1133568,Nes10_dDFE.Exponential
258,258,235.970069768,0.000191569448651,-23724.6994963,Nes10_dDFE.Exponential
259,259,242.901291623,0.000179957868238,-23693.0377779,Nes10_dDFE.Exponential
260,260,218.740727081,0.000212067290767,-23721.6210275,Nes10_dDFE.Exponential
261,261,246.97516914,0.000182809726918,-23693.7820829,Nes10_dDFE.Exponential
262,262,234.125229892,0.000192608207501,-23683.6360863,Nes10_dDFE.Exponential
263,263,242.71899678,0.000183091347472,-23711.7305107,Nes10_dDFE.Exponential
264,264,233.744997792,0.00019669399677,-23766.885138,Nes10_dDFE.Exponential
265,265,233.131139965,0.000194337948973,-23649.2307059,Nes10_dDFE.Exponential
266,266,236.861335894,0.00019086297026,-23687.3743871,Nes10_dDFE.Exponential
267,267,219.309205225,0.000205204882553,-23653.4540044,Nes10_dDFE.Exponential
268,268,243.508561695,0.000185560796424,-23660.0568825,Nes10_dDFE.Exponential
269,269,223.886497234,0.000204806106959,-23722.1859712,Nes10_dDFE.Exponential
270,270,237.954140504,0.00018874110969,-23748.3361126,Nes10_dDFE.Exponential
271,271,227.773364236,0.000201569232135,-23687.7800029,Nes10_dDFE.Exponential
272,272,238.745801663,0.000185529563183,-23694.1228386,Nes10_dDFE.Exponential
273,273,245.447721224,0.000180016524732,-23743.9569788,Nes10_dDFE.Exponential
274,274,239.79559689,0.000184911541292,-23754.3591134,Nes10_dDFE.Exponential
275,275,234.075020708,0.000190429212279,-23708.3649922,Nes10_dDFE.Exponential
276,276,246.263657131,0.000178849638272,-23749.8211795,Nes10_dDFE.Exponential
277,277,244.14646717,0.000179095071594,-23746.9033122,Nes10_dDFE.Exponential
278,278,231.89688728,0.000195220168867,-23769.3146106,Nes10_dDFE.Exponential
279,279,242.187548648,0.000185905735602,-23720.0121502,Nes10_dDFE.Exponential
280,280,250.036518657,0.000174613337562,-23712.7794325,Nes10_dDFE.Exponential
281,281,243.132273611,0.000182921409532,-23745.6388778,Nes10_dDFE.Exponential
282,282,232.59351039,0.000195300857395,-23758.0438802,Nes10_dDFE.Exponential
283,283,231.571063817,0.000198135839186,-23703.6607177,Nes10_dDFE.Exponential
284,284,233.637684182,0.00019335927021,-23714.2467731,Nes10_dDFE.Exponential
285,285,248.908499426,0.000177560527202,-23719.3692574,Nes10_dDFE.Exponential
286,286,231.971192256,0.000192998095368,-23756.2954183,Nes10_dDFE.Exponential
287,287,246.569161112,0.000183206458325,-23707.788737,Nes10_dDFE.Exponential
288,288,218.827552305,0.00021513134581,-23782.9571519,Nes10_dDFE.Exponential
289,289,242.055333839,0.000181518083748,-23669.8883604,Nes10_dDFE.Exponential
290,290,234.596145347,0.000194473638181,-23676.0653136,Nes10_dDFE.Exponential
291,291,233.273735559,0.000195152672094,-23704.282084,Nes10_dDFE.Exponential
292,292,241.199428117,0.000185992472927,-23718.1002654,Nes10_dDFE.Exponential
293,293,238.113322231,0.000186100774662,-23684.4911151,Nes10_dDFE.Exponential
294,294,235.255722402,0.000193735952498,-23704.2713617,Nes10_dDFE.Exponential
295,295,252.26544521,0.000172222466922,-23737.4426788,Nes10_dDFE.Exponential
296,296,251.379239093,0.000172773257615,-23625.3147775,Nes10_dDFE.Exponential
297,297,241.65023712,0.000180277846162,-23650.2311825,Nes10_dDFE.Exponential
298,298,231.578960033,0.000193420387475,-23779.068945,Nes10_dDFE.Exponential
299,299,243.556566979,0.000183190620608,-23696.5747879,Nes10_dDFE.Exponential
300,300,249.024373109,0.000177695712451,-23696.5593043,Nes10_dDFE.Exponential
301,301,225.475575272,0.000199620458191,-23749.8756341,Nes10_dDFE.Exponential
302,302,240.594967495,0.000186571777392,-23744.3633499,Nes10_dDFE.Exponential
303,303,221.645655414,0.000208653725255,-23725.6664544,Nes10_dDFE.Exponential
304,304,226.680650932,0.000203229977628,-23729.5486008,Nes10_dDFE.Exponential
305,305,240.737065302,0.00018253857588,-23709.3825046,Nes10_dDFE.Exponential
306,306,232.389617833,0.000191915783729,-23654.6505469,Nes10_dDFE.Exponential
307,307,235.110801514,0.000189901483159,-23701.5203009,Nes10_dDFE.Exponential
308,308,230.616193003,0.000188191558448,-23743.7367621,Nes10_dDFE.Exponential
309,309,240.223326888,0.000181564400026,-23699.2664878,Nes10_dDFE.Exponential
310,310,242.062095255,0.000186729030303,-23749.785997,Nes10_dDFE.Exponential
311,311,244.893428069,0.000182770902868,-23786.8227911,Nes10_dDFE.Exponential
312,312,251.434051586,0.000174971370037,-23822.4676161,Nes10_dDFE.Exponential
313,313,230.158847968,0.000200333720566,-23693.0193378,Nes10_dDFE.Exponential
314,314,245.092318525,0.000181874358258,-23697.9516593,Nes10_dDFE.Exponential
315,315,247.82505882,0.000180788513512,-23687.1944664,Nes10_dDFE.Exponential
316,316,237.959807395,0.000188037348317,-23776.0663632,Nes10_dDFE.Exponential
317,317,1.02442096389,0.0446242630122,-23677.1431627,Nes10_dDFE.Exponential
318,318,229.948634419,0.000199967705169,-23663.5445272,Nes10_dDFE.Exponential
319,319,242.323196069,0.000183694440183,-23705.8821175,Nes10_dDFE.Exponential
320,320,242.687128837,0.000183347019855,-23737.3212704,Nes10_dDFE.Exponential
321,321,240.296340844,0.000185044576247,-23604.1740858,Nes10_dDFE.Exponential
322,322,240.060392032,0.000184503127873,-23717.2717181,Nes10_dDFE.Exponential
323,323,232.676936978,0.000194670683943,-23673.9786152,Nes10_dDFE.Exponential
324,324,236.959390987,0.000190266514616,-23697.2820477,Nes10_dDFE.Exponential
325,325,233.062578726,0.000192344737247,-23779.4301156,Nes10_dDFE.Exponential
326,326,236.329130188,0.000194534883027,-23693.4271054,Nes10_dDFE.Exponential
327,327,233.06339659,0.000190882343976,-23776.2734883,Nes10_dDFE.Exponential
328,328,234.803048918,0.000187310890468,-23720.6491226,Nes10_dDFE.Exponential
329,329,236.413964243,0.000187448578811,-23727.87264,Nes10_dDFE.Exponential
330,330,234.955446188,0.000194696666643,-23775.1993224,Nes10_dDFE.Exponential
331,331,260.82886113,0.000165837350846,-23639.5175696,Nes10_dDFE.Exponential
332,332,231.013807672,0.000195155999661,-23706.4161443,Nes10_dDFE.Exponential
333,333,241.09599582,0.000183102629931,-23764.9608127,Nes10_dDFE.Exponential
334,334,248.330314604,0.000176233796036,-23801.9236012,Nes10_dDFE.Exponential
335,335,232.434379159,0.000192137777089,-23757.5622647,Nes10_dDFE.Exponential
336,336,240.264808327,0.000185620453802,-23743.5463992,Nes10_dDFE.Exponential
337,337,247.190096793,0.000177394835661,-23629.2030151,Nes10_dDFE.Exponential
338,338,232.21272712,0.000199376577376,-23741.509171,Nes10_dDFE.Exponential
339,339,246.279296986,0.000182753587168,-23723.2445291,Nes10_dDFE.Exponential
340,340,243.891989966,0.000179296325423,-23702.9646026,Nes10_dDFE.Exponential
341,341,234.548353053,0.000187622846658,-23720.0074161,Nes10_dDFE.Exponential
342,342,223.709743786,0.000205460146395,-23747.5640141,Nes10_dDFE.Exponential
343,343,240.308349671,0.000188339947119,-23704.8434001,Nes10_dDFE.Exponential
344,344,225.909955289,0.000205758157207,-23716.8780471,Nes10_dDFE.Exponential
345,345,232.070184808,0.000195398618573,-23744.4491574,Nes10_dDFE.Exponential
346,346,232.019944991,0.000193629503801,-23707.131692,Nes10_dDFE.Exponential
347,347,229.430977417,0.000198158889267,-23734.5168192,Nes10_dDFE.Exponential
348,348,237.626840913,0.000186556522175,-23632.2008247,Nes10_dDFE.Exponential
349,349,218.892936537,0.000213635605513,-23793.3472672,Nes10_dDFE.Exponential
350,350,262.833668877,0.000166909058362,-23677.8436966,Nes10_dDFE.Exponential
351,351,227.271340908,0.000203718963546,-23755.0122363,Nes10_dDFE.Exponential
352,352,239.951982992,0.000182479670339,-23707.6571946,Nes10_dDFE.Exponential
353,353,242.691469036,0.000181226871294,-23684.5542996,Nes10_dDFE.Exponential
354,354,235.749112475,0.00018976619263,-23724.5583585,Nes10_dDFE.Exponential
355,355,239.115308617,0.000182179016963,-23712.842997,Nes10_dDFE.Exponential
356,356,241.266372169,0.000185491249687,-23759.142443,Nes10_dDFE.Exponential
357,357,238.353164039,0.000190196313321,-23659.1124873,Nes10_dDFE.Exponential
358,358,231.732536136,0.000195393227726,-23682.2151666,Nes10_dDFE.Exponential
359,359,226.318905211,0.000200729820074,-23753.1955126,Nes10_dDFE.Exponential
360,360,243.46656473,0.000181339044107,-23743.1554859,Nes10_dDFE.Exponential
361,361,258.003141072,0.000166374970207,-23738.0529329,Nes10_dDFE.Exponential
362,362,234.497862706,0.000193952374066,-23672.5730768,Nes10_dDFE.Exponential
363,363,244.684448415,0.000183753968961,-23766.6431917,Nes10_dDFE.Exponential
364,364,246.089808554,0.000182711259049,-23679.2290132,Nes10_dDFE.Exponential
365,365,227.845315129,0.000202421611229,-23774.1312582,Nes10_dDFE.Exponential
366,366,245.098129792,0.000182849466188,-23702.5308812,Nes10_dDFE.Exponential
367,367,237.633808137,0.000193001793377,-23729.4235519,Nes10_dDFE.Exponential
368,368,221.6563844,0.000212474178325,-23693.7023368,Nes10_dDFE.Exponential
369,369,238.555841569,0.000190476945015,-23756.7057553,Nes10_dDFE.Exponential
370,370,239.479380538,0.000188382816289,-23816.5248485,Nes10_dDFE.Exponential
371,371,215.884734637,0.000213557024174,-23662.346151,Nes10_dDFE.Exponential
372,372,243.231653768,0.000186240680393,-23796.6132738,Nes10_dDFE.Exponential
373,373,234.430409041,0.00018979200666,-23711.5507539,Nes10_dDFE.Exponential
374,374,260.724339203,0.000166079594398,-23755.6291765,Nes10_dDFE.Exponential
375,375,241.486933351,0.000184601456057,-23782.6750482,Nes10_dDFE.Exponential
376,376,237.404786766,0.00018709394085,-23705.6742462,Nes10_dDFE.Exponential
377,377,254.908931117,0.000170893740338,-23684.0561432,Nes10_dDFE.Exponential
378,378,243.888973885,0.000178593031444,-23751.6108099,Nes10_dDFE.Exponential
379,379,241.995355651,0.000181748170281,-23779.0976552,Nes10_dDFE.Exponential
380,380,232.756819556,0.000196243644138,-23688.8052517,Nes10_dDFE.Exponential
381,381,217.873950947,0.000210017954336,-23628.4410999,Nes10_dDFE.Exponential
382,382,231.069886032,0.000195748747346,-23732.3493389,Nes10_dDFE.Exponential
383,383,240.217158932,0.000186059768466,-23731.902774,Nes10_dDFE.Exponential
384,384,232.197724603,0.000194463782219,-23759.4937333,Nes10_dDFE.Exponential
385,385,254.524774697,0.000173779387374,-23718.4339026,Nes10_dDFE.Exponential
386,386,243.137060056,0.00018026182742,-23672.2607042,Nes10_dDFE.Exponential
387,387,242.656983924,0.000183049968113,-23706.4676062,Nes10_dDFE.Exponential
388,388,236.934785298,0.000185645566043,-23730.5639959,Nes10_dDFE.Exponential
389,389,240.357189279,0.000185031989084,-23703.453132,Nes10_dDFE.Exponential
390,390,240.204657722,0.000185819467756,-23702.4776244,Nes10_dDFE.Exponential
391,391,235.521496203,0.000190690113644,-23743.4997055,Nes10_dDFE.Exponential
392,392,232.080178516,0.0001987125192,-23719.7495207,Nes10_dDFE.Exponential
393,393,232.452082445,0.0001920387715,-23767.902542,Nes10_dDFE.Exponential
394,394,224.079895879,0.000204295591424,-23783.0504865,Nes10_dDFE.Exponential
395,395,252.464409254,0.000171739814389,-23725.0112854,Nes10_dDFE.Exponential
396,396,235.930876445,0.000191374621001,-23753.2252914,Nes10_dDFE.Exponential
397,397,237.10973624,0.000189439101779,-23707.0634139,Nes10_dDFE.Exponential
398,398,254.930978685,0.000170209845296,-23681.973589,Nes10_dDFE.Exponential
399,399,245.954711536,0.00018200396123,-23746.376908,Nes10_dDFE.Exponential
400,400,268.597403248,0.000160041147477,-23719.20885,Nes10_dDFE.Exponential
401,401,242.89856727,0.000180603713631,-23658.9536195,Nes10_dDFE.Exponential
402,402,239.87977344,0.000185189182382,-23765.7125065,Nes10_dDFE.Exponential
403,403,220.657808069,0.000205752827407,-23652.0112016,Nes10_dDFE.Exponential
404,404,236.753597044,0.000190652554152,-23774.8028891,Nes10_dDFE.Exponential
405,405,237.258940129,0.000187501721625,-23699.9760504,Nes10_dDFE.Exponential
406,406,223.235258129,0.000204226401656,-23783.1000869,Nes10_dDFE.Exponential
407,407,244.283925476,0.000182770476084,-23779.4739695,Nes10_dDFE.Exponential
408,408,228.710792601,0.000199527277039,-23725.8338223,Nes10_dDFE.Exponential
409,409,248.207156649,0.000179434384615,-23768.6235414,Nes10_dDFE.Exponential
410,410,237.504819837,0.000187798116105,-23720.9760244,Nes10_dDFE.Exponential
411,411,245.680469155,0.000179343676182,-23694.7740061,Nes10_dDFE.Exponential
412,412,234.89614249,0.00019041544881,-23699.6019849,Nes10_dDFE.Exponential
413,413,255.11264264,0.0001730142909,-23738.673886,Nes10_dDFE.Exponential
414,414,231.453311662,0.000195919725803,-23682.7111619,Nes10_dDFE.Exponential
415,415,235.722243397,0.000194533519325,-23755.2204629,Nes10_dDFE.Exponential
416,416,244.102972372,0.000184374017819,-23678.0886129,Nes10_dDFE.Exponential
417,417,231.799279512,0.000196037841177,-23772.208757,Nes10_dDFE.Exponential
418,418,240.499391132,0.000183139655397,-23789.2119446,Nes10_dDFE.Exponential
419,419,230.806039626,0.000198070660463,-23825.1078477,Nes10_dDFE.Exponential
420,420,250.323668212,0.000173151015474,-23654.7783815,Nes10_dDFE.Exponential
421,421,244.506987464,0.000181522765839,-23681.3752204,Nes10_dDFE.Exponential
422,422,245.165924812,0.00018061088892,-23790.5974016,Nes10_dDFE.Exponential
423,423,255.294414381,0.000169898118293,-23755.5630287,Nes10_dDFE.Exponential
424,424,250.834659152,0.000176358860443,-23822.4663541,Nes10_dDFE.Exponential
425,425,246.572052453,0.00017718134764,-23760.5415402,Nes10_dDFE.Exponential
426,426,235.829254275,0.000189295210314,-23661.8902407,Nes10_dDFE.Exponential
427,427,224.901960214,0.000202905225433,-23726.9784521,Nes10_dDFE.Exponential
428,428,248.3239432,0.000174275030023,-23721.7867776,Nes10_dDFE.Exponential
429,429,231.224660304,0.00019522388,-23679.5029265,Nes10_dDFE.Exponential
430,430,254.965987987,0.000173686004958,-23709.3578236,Nes10_dDFE.Exponential
431,431,239.081711902,0.000187897719724,-23662.0403354,Nes10_dDFE.Exponential
432,432,235.372604731,0.000192007009577,-23698.2207035,Nes10_dDFE.Exponential
433,433,248.67567118,0.000175259143718,-23762.5762777,Nes10_dDFE.Exponential
434,434,245.485788915,0.000178290807422,-23668.5520784,Nes10_dDFE.Exponential
435,435,247.775386014,0.000178281449582,-23706.807661,Nes10_dDFE.Exponential
436,436,241.018967276,0.000180802820004,-23652.0976025,Nes10_dDFE.Exponential
437,437,247.781056776,0.000175632420874,-23734.3138166,Nes10_dDFE.Exponential
438,438,247.209529405,0.000179284036025,-23687.7837808,Nes10_dDFE.Exponential
439,439,245.426864238,0.000181797953237,-23663.4865911,Nes10_dDFE.Exponential
440,440,238.070841822,0.000186754600542,-23747.3879584,Nes10_dDFE.Exponential
441,441,254.127286651,0.000170502659241,-23653.1062684,Nes10_dDFE.Exponential
442,442,238.903044947,0.000188709657849,-23766.5401653,Nes10_dDFE.Exponential
443,443,235.040354886,0.000192986716774,-23684.7000976,Nes10_dDFE.Exponential
444,444,247.658363633,0.000178144717566,-23684.2802233,Nes10_dDFE.Exponential
445,445,248.472550805,0.00017710059221,-23719.2682086,Nes10_dDFE.Exponential
446,446,250.682378279,0.000175060841789,-23767.0213454,Nes10_dDFE.Exponential
447,447,227.333174216,0.000196528758328,-23723.0419261,Nes10_dDFE.Exponential
448,448,244.801058603,0.000180730700134,-23707.2844038,Nes10_dDFE.Exponential
449,449,248.764294094,0.000176867246867,-23632.4361119,Nes10_dDFE.Exponential
450,450,246.907219411,0.000179307238567,-23713.8583144,Nes10_dDFE.Exponential
451,451,236.59773377,0.000188963062367,-23713.4414364,Nes10_dDFE.Exponential
452,452,245.882265454,0.000177063270614,-23635.8487274,Nes10_dDFE.Exponential
453,453,238.422398045,0.000185217804728,-23795.9787812,Nes10_dDFE.Exponential
454,454,246.218682298,0.000178301170045,-23699.803608,Nes10_dDFE.Exponential
455,455,247.612238508,0.000173947680319,-23734.0054997,Nes10_dDFE.Exponential
456,456,253.691978918,0.00017479947919,-23724.4397455,Nes10_dDFE.Exponential
457,457,229.475728465,0.000200396856966,-23783.2348822,Nes10_dDFE.Exponential
458,458,234.082746344,0.00019435746501,-23758.965811,Nes10_dDFE.Exponential
459,459,258.633082922,0.000171193075015,-23733.5806013,Nes10_dDFE.Exponential
460,460,228.779860831,0.000197444751189,-23729.4593578,Nes10_dDFE.Exponential
461,461,233.031226203,0.000193317218686,-23711.7798002,Nes10_dDFE.Exponential
462,462,226.053424342,0.000198577978945,-23724.1813158,Nes10_dDFE.Exponential
463,463,239.172554933,0.000186379474626,-23674.5459118,Nes10_dDFE.Exponential
464,464,245.222386807,0.000176441415723,-23772.1990345,Nes10_dDFE.Exponential
465,465,244.513588325,0.000177935220392,-23756.5653531,Nes10_dDFE.Exponential
466,466,228.193982259,0.000195854733035,-23754.8862861,Nes10_dDFE.Exponential
467,467,247.810047621,0.000174695088782,-23727.9438569,Nes10_dDFE.Exponential
468,468,272.822117217,0.000157352030272,-23692.7355208,Nes10_dDFE.Exponential
469,469,236.89405011,0.000190616532351,-23668.4776035,Nes10_dDFE.Exponential
470,470,250.247085655,0.000178026532135,-23692.2817302,Nes10_dDFE.Exponential
471,471,253.174132449,0.000172137870738,-23658.0498002,Nes10_dDFE.Exponential
472,472,248.955395012,0.000178404316528,-23654.1635224,Nes10_dDFE.Exponential
473,473,233.597979569,0.000192206872737,-23733.044947,Nes10_dDFE.Exponential
474,474,230.999813021,0.000195179851409,-23737.3897749,Nes10_dDFE.Exponential
475,475,238.467094541,0.000187077368155,-23711.7397717,Nes10_dDFE.Exponential
476,476,242.763448902,0.000187162300046,-23719.884477,Nes10_dDFE.Exponential
477,477,229.889461647,0.000196057777094,-23794.3335387,Nes10_dDFE.Exponential
478,478,252.603931807,0.000168702061855,-23614.6645468,Nes10_dDFE.Exponential
479,479,241.959992412,0.00018814646839,-23675.5860837,Nes10_dDFE.Exponential
480,480,233.09712932,0.00019496321138,-23691.2376595,Nes10_dDFE.Exponential
481,481,229.509749792,0.000198990389573,-23701.2278547,Nes10_dDFE.Exponential
482,482,234.000568981,0.000196585626567,-23764.5078317,Nes10_dDFE.Exponential
483,483,246.852963917,0.000180175799059,-23687.1773042,Nes10_dDFE.Exponential
484,484,231.566463005,0.000195545460546,-23723.3521389,Nes10_dDFE.Exponential
485,485,239.876440971,0.000183074325427,-23715.1776149,Nes10_dDFE.Exponential
486,486,226.472889622,0.000199639008412,-23715.5407497,Nes10_dDFE.Exponential
487,487,240.722226573,0.000185297342321,-23748.2511861,Nes10_dDFE.Exponential
488,488,236.264398048,0.000190060429204,-23694.9872459,Nes10_dDFE.Exponential
489,489,230.104241039,0.000194953812667,-23740.153661,Nes10_dDFE.Exponential
490,490,237.706632597,0.000189960611449,-23702.846889,Nes10_dDFE.Exponential
491,491,251.016809066,0.000173913703836,-23741.6864121,Nes10_dDFE.Exponential
492,492,250.742240449,0.000177529561722,-23747.5288849,Nes10_dDFE.Exponential
493,493,249.833128781,0.000178722743766,-23794.2504741,Nes10_dDFE.Exponential
494,494,254.046813131,0.000172051532628,-23679.2213154,Nes10_dDFE.Exponential
495,495,243.971707483,0.000183219883471,-23724.995207,Nes10_dDFE.Exponential
496,496,239.309750736,0.000185801300148,-23768.8433361,Nes10_dDFE.Exponential
497,497,242.736358266,0.000181166537839,-23746.1635693,Nes10_dDFE.Exponential
498,498,241.996190459,0.000185807065821,-23743.8773715,Nes10_dDFE.Exponential
499,499,251.534049088,0.000176827724493,-23690.3151496,Nes10_dDFE.Exponential
500,500,231.179825108,0.000198824976077,-23739.6033611,Nes10_dDFE.Exponential
501,501,246.711040005,0.000177826117076,-23756.3947368,Nes10_dDFE.Exponential
502,502,238.713427658,0.000189594262416,-23757.2934461,Nes10_dDFE.Exponential
503,503,252.670545441,0.000173568967731,-23676.3077915,Nes10_dDFE.Exponential
504,504,239.046926786,0.000186579952692,-23695.1831878,Nes10_dDFE.Exponential
505,505,221.845031565,0.000210991673747,-23637.8527629,Nes10_dDFE.Exponential
506,506,238.89347438,0.000182603638668,-23730.2847547,Nes10_dDFE.Exponential
507,507,231.630283127,0.000192724854376,-23699.7330712,Nes10_dDFE.Exponential
508,508,235.00221344,0.000192840864491,-23673.5521485,Nes10_dDFE.Exponential
509,509,239.57780961,0.000185537661019,-23746.4045936,Nes10_dDFE.Exponential
510,510,239.917747999,0.000185303908356,-23665.8816355,Nes10_dDFE.Exponential
511,511,249.958498283,0.000178206445805,-23755.0601694,Nes10_dDFE.Exponential
512,512,243.80526404,0.000183439865897,-23774.0647568,Nes10_dDFE.Exponential
513,513,225.241242189,0.000203939565233,-23709.8506928,Nes10_dDFE.Exponential
514,514,240.692108647,0.00018686555791,-23742.8678272,Nes10_dDFE.Exponential
515,515,229.485518131,0.000194904590903,-23725.1667612,Nes10_dDFE.Exponential
516,516,248.44373148,0.000175612460865,-23675.7693148,Nes10_dDFE.Exponential
517,517,232.610845979,0.000190935890736,-23759.3076982,Nes10_dDFE.Exponential
518,518,234.438711198,0.000188649528431,-23731.3050832,Nes10_dDFE.Exponential
519,519,236.765925367,0.00018955930577,-23680.9971807,Nes10_dDFE.Exponential
520,520,228.02672579,0.000203460675959,-23727.3054501,Nes10_dDFE.Exponential
521,521,231.536587655,0.000197810285888,-23707.4562133,Nes10_dDFE.Exponential
522,522,221.634518074,0.000207782322942,-23696.4643726,Nes10_dDFE.Exponential
523,523,225.948318308,0.000204154580247,-23786.5136897,Nes10_dDFE.Exponential
524,524,238.502148257,0.000186286131246,-23768.1195523,Nes10_dDFE.Exponential
525,525,214.10675247,0.000219726225208,-23793.7420933,Nes10_dDFE.Exponential
526,526,249.89612807,0.00017296837384,-23677.3206655,Nes10_dDFE.Exponential
527,527,248.186226814,0.000175351767378,-23736.745361,Nes10_dDFE.Exponential
528,528,225.442464731,0.00020305810658,-23717.5298681,Nes10_dDFE.Exponential
529,529,242.623340022,0.000186195419535,-23810.979443,Nes10_dDFE.Exponential
530,530,251.048499118,0.000174941653164,-23702.0982346,Nes10_dDFE.Exponential
531,531,236.201093637,0.000192541874982,-23728.7023238,Nes10_dDFE.Exponential
532,532,258.859826643,0.000168847145078,-23729.4574863,Nes10_dDFE.Exponential
533,533,221.523316642,0.000205037707202,-23747.0278531,Nes10_dDFE.Exponential
534,534,234.649458199,0.000193099180534,-23716.7672177,Nes10_dDFE.Exponential
535,535,236.889399638,0.000189550582014,-23738.6139266,Nes10_dDFE.Exponential
536,536,234.9871663,0.000190498515781,-23776.1306596,Nes10_dDFE.Exponential
537,537,244.87916234,0.000182883942873,-23711.7578236,Nes10_dDFE.Exponential
538,538,241.074822725,0.000183707874743,-23743.334285,Nes10_dDFE.Exponential
539,539,237.344488166,0.000183371102897,-23715.4092201,Nes10_dDFE.Exponential
540,540,241.173764334,0.00018037564869,-23703.4254623,Nes10_dDFE.Exponential
541,541,249.192949528,0.000176614221237,-23705.7917718,Nes10_dDFE.Exponential
542,542,244.992553869,0.000181322349877,-23779.8408768,Nes10_dDFE.Exponential
543,543,234.234250569,0.000191024934942,-23737.8133652,Nes10_dDFE.Exponential
544,544,234.161341159,0.000189587684327,-23724.3304517,Nes10_dDFE.Exponential
545,545,231.01228118,0.000194254982042,-23726.7680871,Nes10_dDFE.Exponential
546,546,237.313488904,0.000188324237958,-23786.21707,Nes10_dDFE.Exponential
547,547,245.574503544,0.000178170304757,-23729.997209,Nes10_dDFE.Exponential
548,548,236.692341774,0.000185832915386,-23677.3828801,Nes10_dDFE.Exponential
549,549,248.848137536,0.000178514241754,-23710.4996137,Nes10_dDFE.Exponential
550,550,233.177548465,0.000191143776382,-23769.0959767,Nes10_dDFE.Exponential
551,551,227.732071149,0.000198315427752,-23782.5826152,Nes10_dDFE.Exponential
552,552,232.576944887,0.000194005751971,-23711.3003234,Nes10_dDFE.Exponential
553,553,237.20592502,0.000187693091971,-23744.2078279,Nes10_dDFE.Exponential
554,554,231.020356795,0.000194858225595,-23650.7211233,Nes10_dDFE.Exponential
555,555,240.106847719,0.000182803343262,-23718.6811459,Nes10_dDFE.Exponential
556,556,233.747900743,0.000190793672871,-23737.2291886,Nes10_dDFE.Exponential
557,557,230.131165468,0.000192994969983,-23656.4409188,Nes10_dDFE.Exponential
558,558,247.967718986,0.000176412643972,-23711.0333643,Nes10_dDFE.Exponential
559,559,247.552216437,0.000178875000923,-23747.1919946,Nes10_dDFE.Exponential
560,560,224.887926389,0.000202479974237,-23737.9052782,Nes10_dDFE.Exponential
561,561,242.329259295,0.000179028945638,-23720.8715204,Nes10_dDFE.Exponential
562,562,233.309222409,0.000193911154298,-23750.6217395,Nes10_dDFE.Exponential
563,563,237.321722466,0.00018895097895,-23740.4632072,Nes10_dDFE.Exponential
564,564,246.050578694,0.000181566733053,-23709.5884059,Nes10_dDFE.Exponential
565,565,237.48385586,0.000185012012211,-23699.8148125,Nes10_dDFE.Exponential
566,566,266.974604714,0.000160041305625,-23706.2331621,Nes10_dDFE.Exponential
567,567,227.749289612,0.000192631721766,-23702.3333712,Nes10_dDFE.Exponential
568,568,259.109495684,0.000167340553056,-23652.6314382,Nes10_dDFE.Exponential
569,569,242.465851103,0.000182180616119,-23736.4707214,Nes10_dDFE.Exponential
570,570,223.519375757,0.000204578931243,-23769.8450547,Nes10_dDFE.Exponential
571,571,249.895718082,0.00017615743082,-23777.885054,Nes10_dDFE.Exponential
572,572,244.716578067,0.000174002746259,-23742.2132457,Nes10_dDFE.Exponential
573,573,246.989181074,0.000174378130241,-23688.9305199,Nes10_dDFE.Exponential
574,574,239.268271665,0.000185407322256,-23791.5501481,Nes10_dDFE.Exponential
575,575,231.479147196,0.000193191273942,-23737.1628344,Nes10_dDFE.Exponential
576,576,234.871094491,0.000190288554723,-23723.9644455,Nes10_dDFE.Exponential
577,577,236.060236518,0.000187592948431,-23713.8314812,Nes10_dDFE.Exponential
578,578,235.702489457,0.000190688630226,-23731.010949,Nes10_dDFE.Exponential
579,579,227.270057843,0.000202374308011,-23753.562364,Nes10_dDFE.Exponential
580,580,234.417147056,0.000195197832067,-23740.5680763,Nes10_dDFE.Exponential
581,581,241.906220047,0.00018419787931,-23701.4568638,Nes10_dDFE.Exponential
582,582,228.310804197,0.000200077759346,-23735.5463803,Nes10_dDFE.Exponential
583,583,239.191918997,0.000187669941818,-23749.3074917,Nes10_dDFE.Exponential
584,584,230.982366498,0.0001933362411,-23680.847785,Nes10_dDFE.Exponential
585,585,232.864531562,0.000192845955246,-23606.0230044,Nes10_dDFE.Exponential
586,586,240.768436101,0.000188261542426,-23756.834322,Nes10_dDFE.Exponential
587,587,240.588622035,0.000183190908066,-23709.1319635,Nes10_dDFE.Exponential
588,588,232.399420907,0.000195301799051,-23718.9974547,Nes10_dDFE.Exponential
589,589,233.930484305,0.000196771382067,-23681.3132134,Nes10_dDFE.Exponential
590,590,224.440478976,0.000208274298702,-23790.3277846,Nes10_dDFE.Exponential
591,591,230.91160543,0.000197415888334,-23708.0228374,Nes10_dDFE.Exponential
592,592,241.970957587,0.000183518372527,-23743.3023568,Nes10_dDFE.Exponential
593,593,248.905558883,0.000178235544364,-23829.8284758,Nes10_dDFE.Exponential
594,594,228.980501659,0.000200341385197,-23801.5681789,Nes10_dDFE.Exponential
595,595,229.84221404,0.000199753444749,-23657.8742036,Nes10_dDFE.Exponential
596,596,239.845515243,0.000193045503046,-23770.6313239,Nes10_dDFE.Exponential
597,597,231.403294045,0.000198432975225,-23725.1836705,Nes10_dDFE.Exponential
598,598,268.414573339,0.000158719323128,-23732.8916484,Nes10_dDFE.Exponential
599,599,230.475319636,0.000192225217732,-23698.7453414,Nes10_dDFE.Exponential
600,600,243.079551219,0.000179160161858,-23627.9218958,Nes10_dDFE.Exponential
601,601,232.31757113,0.000194860575866,-23706.896032,Nes10_dDFE.Exponential
602,602,231.279209064,0.000195531795766,-23656.0947338,Nes10_dDFE.Exponential
603,603,233.535128595,0.000192049610625,-23692.1735887,Nes10_dDFE.Exponential
604,604,234.098562845,0.000189832071164,-23717.3308614,Nes10_dDFE.Exponential
605,605,249.691668299,0.000174335701986,-23717.2827371,Nes10_dDFE.Exponential
606,606,241.905100546,0.000187606110754,-23732.6273156,Nes10_dDFE.Exponential
607,607,235.691947563,0.000194150617772,-23660.1306778,Nes10_dDFE.Exponential
608,608,238.144913521,0.000186393895152,-23762.1371709,Nes10_dDFE.Exponential
609,609,244.415733993,0.000179806961091,-23777.5688187,Nes10_dDFE.Exponential
610,610,244.917590901,0.000182531349737,-23682.7418725,Nes10_dDFE.Exponential
611,611,239.17468473,0.000184038844188,-23615.1073226,Nes10_dDFE.Exponential
612,612,240.203696899,0.000180831445589,-23687.8996266,Nes10_dDFE.Exponential
613,613,238.308332219,0.000184600467363,-23720.9588723,Nes10_dDFE.Exponential
614,614,242.392255484,0.000186408283888,-23729.11455,Nes10_dDFE.Exponential
615,615,248.363636234,0.000174148286022,-23643.4428591,Nes10_dDFE.Exponential
616,616,234.691590249,0.000191419912956,-23741.9496122,Nes10_dDFE.Exponential
617,617,235.303515478,0.000191751911947,-23758.3547046,Nes10_dDFE.Exponential
618,618,254.182506584,0.000166780327701,-23768.5260683,Nes10_dDFE.Exponential
619,619,226.173217533,0.000201034865459,-23690.548017,Nes10_dDFE.Exponential
620,620,253.183307782,0.000172828931624,-23647.8634681,Nes10_dDFE.Exponential
621,621,226.368667983,0.000201988293963,-23756.3035359,Nes10_dDFE.Exponential
622,622,221.121323402,0.000208021568817,-23692.8639394,Nes10_dDFE.Exponential
623,623,235.021092436,0.000190005861957,-23693.1480442,Nes10_dDFE.Exponential
624,624,242.316411075,0.000181229279614,-23759.1475629,Nes10_dDFE.Exponential
625,625,256.017414253,0.000168720357729,-23683.5611772,Nes10_dDFE.Exponential
626,626,258.745686753,0.000165691469385,-23690.971955,Nes10_dDFE.Exponential
627,627,236.464330259,0.000186059349201,-23749.5572607,Nes10_dDFE.Exponential
628,628,246.481303862,0.000179339740166,-23716.0980746,Nes10_dDFE.Exponential
629,629,234.006547137,0.000190229204073,-23773.2844303,Nes10_dDFE.Exponential
630,630,244.131862345,0.000180479054809,-23704.8081302,Nes10_dDFE.Exponential
631,631,248.22380183,0.000172981595002,-23698.4905709,Nes10_dDFE.Exponential
632,632,238.232175433,0.0001856162119,-23693.5992192,Nes10_dDFE.Exponential
633,633,253.095815835,0.000171855695142,-23717.4598617,Nes10_dDFE.Exponential
634,634,235.880752301,0.000191281022784,-23780.1238597,Nes10_dDFE.Exponential
635,635,238.614753452,0.000187117193542,-23646.416797,Nes10_dDFE.Exponential
636,636,240.801362263,0.000183467387228,-23721.6580039,Nes10_dDFE.Exponential
637,637,245.24880128,0.00017823297661,-23704.0681629,Nes10_dDFE.Exponential
638,638,240.600472933,0.000183820692994,-23730.9602723,Nes10_dDFE.Exponential
639,639,232.222395738,0.000194356647335,-23702.0938716,Nes10_dDFE.Exponential
640,640,252.201443278,0.000174504350399,-23672.0319211,Nes10_dDFE.Exponential
641,641,224.804699162,0.000202973476251,-23685.5688096,Nes10_dDFE.Exponential
642,642,232.411912088,0.000193299057159,-23660.6135304,Nes10_dDFE.Exponential
643,643,219.067876822,0.000205603679346,-23738.2846408,Nes10_dDFE.Exponential
644,644,232.669018715,0.000192762432298,-23719.9884899,Nes10_dDFE.Exponential
645,645,237.599495814,0.00018250289142,-23842.4915709,Nes10_dDFE.Exponential
646,646,252.287452603,0.000175277891567,-23768.7805164,Nes10_dDFE.Exponential
647,647,248.302151197,0.000174009355487,-23716.4658174,Nes10_dDFE.Exponential
648,648,231.258889872,0.000194386738589,-23764.1702349,Nes10_dDFE.Exponential
649,649,238.868506221,0.000190354209347,-23661.1884322,Nes10_dDFE.Exponential
650,650,253.124652588,0.0001702619218,-23767.6597781,Nes10_dDFE.Exponential
651,651,249.603046676,0.000176061123749,-23750.0137463,Nes10_dDFE.Exponential
652,652,237.611409278,0.000187984814686,-23734.1159876,Nes10_dDFE.Exponential
653,653,249.927482749,0.000177323341332,-23752.5244521,Nes10_dDFE.Exponential
654,654,237.628314424,0.000186326040997,-23770.6613859,Nes10_dDFE.Exponential
655,655,262.226116616,0.000164603017854,-23663.9791624,Nes10_dDFE.Exponential
656,656,244.069017492,0.000181061439249,-23682.0178932,Nes10_dDFE.Exponential
657,657,242.649940843,0.00018380134382,-23695.8100026,Nes10_dDFE.Exponential
658,658,228.361923148,0.00020344885448,-23787.894931,Nes10_dDFE.Exponential
659,659,224.655120507,0.000205886744449,-23688.5286004,Nes10_dDFE.Exponential
660,660,236.220506943,0.000190250667349,-23711.8974242,Nes10_dDFE.Exponential
661,661,231.159627499,0.000194505323494,-23721.3725219,Nes10_dDFE.Exponential
662,662,261.518041397,0.000163073867837,-23713.7004808,Nes10_dDFE.Exponential
663,663,233.151402905,0.000191008436717,-23776.1963478,Nes10_dDFE.Exponential
664,664,236.130899972,0.000189577830597,-23748.8886928,Nes10_dDFE.Exponential
665,665,236.880296892,0.000189332220348,-23705.6403486,Nes10_dDFE.Exponential
666,666,261.944120603,0.000166558075746,-23685.8017384,Nes10_dDFE.Exponential
667,667,267.915111006,0.000158960620984,-23705.091275,Nes10_dDFE.Exponential
668,668,246.621426859,0.00018497662572,-23733.4011275,Nes10_dDFE.Exponential
669,669,231.385846534,0.000196595368021,-23771.193185,Nes10_dDFE.Exponential
670,670,228.394322584,0.000197432253128,-23736.0610753,Nes10_dDFE.Exponential
671,671,239.482744077,0.000185094951377,-23733.2409563,Nes10_dDFE.Exponential
672,672,253.633179377,0.000175749756371,-23735.9048874,Nes10_dDFE.Exponential
673,673,222.536960791,0.000205774424594,-23638.2851699,Nes10_dDFE.Exponential
674,674,232.681147802,0.00019038816631,-23721.7692694,Nes10_dDFE.Exponential
675,675,1.02382957956,0.0439842862512,-23750.5852007,Nes10_dDFE.Exponential
676,676,235.814653405,0.00018908505744,-23668.621191,Nes10_dDFE.Exponential
677,677,238.787329119,0.000188931706047,-23757.8176652,Nes10_dDFE.Exponential
678,678,243.597506602,0.000182298699986,-23808.1547564,Nes10_dDFE.Exponential
679,679,245.271089812,0.000175428357519,-23669.2270969,Nes10_dDFE.Exponential
680,680,239.618702111,0.000183593861324,-23688.2895187,Nes10_dDFE.Exponential
681,681,233.779984091,0.000192862783495,-23659.4283328,Nes10_dDFE.Exponential
682,682,233.332704379,0.000192046869565,-23757.6380812,Nes10_dDFE.Exponential
683,683,244.641445069,0.000181558819391,-23738.8397995,Nes10_dDFE.Exponential
684,684,228.12959534,0.000195152515065,-23755.7770883,Nes10_dDFE.Exponential
685,685,255.707249942,0.000167972614464,-23719.6028926,Nes10_dDFE.Exponential
686,686,226.414655715,0.000203101026992,-23669.3466104,Nes10_dDFE.Exponential
687,687,226.430666104,0.000197520144964,-23644.0284587,Nes10_dDFE.Exponential
688,688,247.801421169,0.000177696634444,-23708.7251008,Nes10_dDFE.Exponential
689,689,244.726086477,0.000179785041677,-23765.7059262,Nes10_dDFE.Exponential
690,690,236.984072751,0.000193803537495,-23639.6836612,Nes10_dDFE.Exponential
691,691,245.269227759,0.000179796535124,-23765.44208,Nes10_dDFE.Exponential
692,692,253.84616301,0.000170227370742,-23693.7318967,Nes10_dDFE.Exponential
693,693,230.506108841,0.000195078037637,-23665.2381714,Nes10_dDFE.Exponential
694,694,227.546305296,0.000202101593545,-23694.2314952,Nes10_dDFE.Exponential
695,695,244.818306051,0.000180240207981,-23698.0845225,Nes10_dDFE.Exponential
696,696,252.87577479,0.00017355261749,-23727.2142606,Nes10_dDFE.Exponential
697,697,252.528728015,0.000171347798854,-23674.2316563,Nes10_dDFE.Exponential
698,698,228.321310795,0.000204863946558,-23739.8596997,Nes10_dDFE.Exponential
699,699,259.178107682,0.000165521780021,-23718.1077913,Nes10_dDFE.Exponential
700,700,231.382528803,0.000193905662991,-23710.4198532,Nes10_dDFE.Exponential
701,701,225.600044981,0.000199553029952,-23617.9724239,Nes10_dDFE.Exponential
702,702,237.474509363,0.000184211670678,-23668.3676548,Nes10_dDFE.Exponential
703,703,238.431572208,0.000184488924984,-23645.8343858,Nes10_dDFE.Exponential
704,704,237.207136091,0.000186585723914,-23701.1546166,Nes10_dDFE.Exponential
705,705,242.853198061,0.000183920698677,-23682.6086212,Nes10_dDFE.Exponential
706,706,237.977915291,0.000188245439268,-23754.7830787,Nes10_dDFE.Exponential
707,707,257.753054556,0.000169476405408,-23727.8108874,Nes10_dDFE.Exponential
708,708,245.635290337,0.000179650518445,-23743.1105023,Nes10_dDFE.Exponential
709,709,247.256812401,0.000175291820453,-23664.7716923,Nes10_dDFE.Exponential
710,710,231.154898247,0.000194151367151,-23733.049189,Nes10_dDFE.Exponential
711,711,237.991362301,0.000189009978486,-23767.6051279,Nes10_dDFE.Exponential
712,712,250.779523686,0.000172417848177,-23749.3306371,Nes10_dDFE.Exponential
713,713,239.028581103,0.000187459171281,-23658.3836263,Nes10_dDFE.Exponential
714,714,229.063310095,0.000199467159761,-23725.3234265,Nes10_dDFE.Exponential
715,715,247.641771473,0.000176809788972,-23757.8174539,Nes10_dDFE.Exponential
716,716,239.218530803,0.000184867204684,-23712.3738379,Nes10_dDFE.Exponential
717,717,234.596390271,0.000190192903513,-23648.9834684,Nes10_dDFE.Exponential
718,718,234.759250565,0.000191414453557,-23753.1447478,Nes10_dDFE.Exponential
719,719,245.141369494,0.000180841392851,-23663.1498236,Nes10_dDFE.Exponential
720,720,244.627061411,0.000180667154242,-23695.4356724,Nes10_dDFE.Exponential
721,721,229.333868737,0.000199445466079,-23732.450452,Nes10_dDFE.Exponential
722,722,240.176780874,0.000187564420262,-23698.9336401,Nes10_dDFE.Exponential
723,723,241.805060562,0.000186746282111,-23702.7356519,Nes10_dDFE.Exponential
724,724,240.179438671,0.000189913196119,-23733.982699,Nes10_dDFE.Exponential
725,725,248.464067835,0.000174111830346,-23663.3684434,Nes10_dDFE.Exponential
726,726,257.119582896,0.000169633530066,-23735.2532499,Nes10_dDFE.Exponential
727,727,245.930857558,0.000180335693872,-23764.3618385,Nes10_dDFE.Exponential
728,728,250.307384456,0.000180715378476,-23708.5375064,Nes10_dDFE.Exponential
729,729,243.750819432,0.000184201405655,-23796.800007,Nes10_dDFE.Exponential
730,730,249.904200738,0.00017441351932,-23723.1698776,Nes10_dDFE.Exponential
731,731,236.253680004,0.000187553741017,-23728.7225357,Nes10_dDFE.Exponential
732,732,246.440911704,0.000176156198368,-23726.441024,Nes10_dDFE.Exponential
733,733,255.475500507,0.000172577036483,-23689.6928741,Nes10_dDFE.Exponential
734,734,229.293785389,0.000200434394692,-23719.1935289,Nes10_dDFE.Exponential
735,735,240.737337466,0.000183872144425,-23726.8849421,Nes10_dDFE.Exponential
736,736,239.649545212,0.000186923146858,-23695.4327335,Nes10_dDFE.Exponential
737,737,263.710023919,0.000163347945003,-23751.4450233,Nes10_dDFE.Exponential
738,738,230.870138558,0.000196503541436,-23708.1532505,Nes10_dDFE.Exponential
739,739,239.564281742,0.000183146366144,-23685.7651882,Nes10_dDFE.Exponential
740,740,242.365954977,0.000186735226977,-23764.9606795,Nes10_dDFE.Exponential
741,741,242.565541421,0.000178351130267,-23695.0450612,Nes10_dDFE.Exponential
742,742,241.330796988,0.000188460057059,-23771.5489639,Nes10_dDFE.Exponential
743,743,241.606396399,0.00018353040067,-23745.3597864,Nes10_dDFE.Exponential
744,744,234.272712037,0.000194660845248,-23761.1588655,Nes10_dDFE.Exponential
745,745,232.706111434,0.000193436991881,-23791.5821987,Nes10_dDFE.Exponential
746,746,214.274262005,0.000220774837308,-23721.2449396,Nes10_dDFE.Exponential
747,747,218.451037334,0.00020925278432,-23719.0426198,Nes10_dDFE.Exponential
748,748,244.027946645,0.00018450896467,-23642.232967,Nes10_dDFE.Exponential
749,749,239.053491209,0.000187652870244,-23703.7712882,Nes10_dDFE.Exponential
750,750,248.480517344,0.000174078948572,-23731.1355872,Nes10_dDFE.Exponential
751,751,234.765431442,0.000188420706502,-23695.8541418,Nes10_dDFE.Exponential
752,752,234.668856022,0.0001855268286,-23727.5940419,Nes10_dDFE.Exponential
753,753,236.997072318,0.000191189235374,-23728.4602681,Nes10_dDFE.Exponential
754,754,239.004402643,0.000186320867288,-23739.9800993,Nes10_dDFE.Exponential
755,755,243.429529531,0.000183504624577,-23745.5377497,Nes10_dDFE.Exponential
756,756,235.291227461,0.000194506607251,-23724.1597592,Nes10_dDFE.Exponential
757,757,234.136822249,0.00019398960024,-23728.3426925,Nes10_dDFE.Exponential
758,758,234.847622932,0.000189732837114,-23630.3904798,Nes10_dDFE.Exponential
759,759,248.336702827,0.000175978729549,-23740.0638178,Nes10_dDFE.Exponential
760,760,235.918964646,0.000191202837549,-23796.6932629,Nes10_dDFE.Exponential
761,761,242.509993468,0.000182054700126,-23728.7212839,Nes10_dDFE.Exponential
762,762,237.407811898,0.000188267572,-23721.1381955,Nes10_dDFE.Exponential
763,763,252.256690774,0.00017379756075,-23677.63406,Nes10_dDFE.Exponential
764,764,239.541894741,0.000189457696218,-23721.9581873,Nes10_dDFE.Exponential
765,765,231.830846586,0.000199006871703,-23681.7527515,Nes10_dDFE.Exponential
766,766,258.731076423,0.000166003304637,-23722.9858472,Nes10_dDFE.Exponential
767,767,226.688283231,0.000203546137032,-23780.4569784,Nes10_dDFE.Exponential
768,768,250.05406783,0.000170626169175,-23808.1219382,Nes10_dDFE.Exponential
769,769,236.774429314,0.000188026423604,-23758.3091038,Nes10_dDFE.Exponential
770,770,230.324814825,0.000194941949755,-23690.7549456,Nes10_dDFE.Exponential
771,771,242.160222582,0.000182852884232,-23735.5859988,Nes10_dDFE.Exponential
772,772,232.300944041,0.000190461761827,-23640.5353106,Nes10_dDFE.Exponential
773,773,227.235239127,0.000202142522689,-23644.4889518,Nes10_dDFE.Exponential
774,774,239.544836042,0.000184842789179,-23707.8616525,Nes10_dDFE.Exponential
775,775,243.003119538,0.000185756375675,-23715.0608047,Nes10_dDFE.Exponential
776,776,238.164633502,0.0001895317608,-23690.1156452,Nes10_dDFE.Exponential
777,777,244.250259719,0.000181540580857,-23725.5186994,Nes10_dDFE.Exponential
778,778,234.959839701,0.000192149903452,-23724.0550524,Nes10_dDFE.Exponential
779,779,244.117672459,0.000179318574236,-23685.2810505,Nes10_dDFE.Exponential
780,780,225.131505346,0.000200398582937,-23765.1619017,Nes10_dDFE.Exponential
781,781,237.809475624,0.000189595723701,-23691.742168,Nes10_dDFE.Exponential
782,782,238.29396189,0.000189079120128,-23752.1257074,Nes10_dDFE.Exponential
783,783,226.441159147,0.000200445049627,-23759.3974616,Nes10_dDFE.Exponential
784,784,247.425279565,0.000177305490437,-23664.1968203,Nes10_dDFE.Exponential
785,785,258.101520099,0.000169295810134,-23702.2722148,Nes10_dDFE.Exponential
786,786,235.45114645,0.000187892255178,-23717.948568,Nes10_dDFE.Exponential
787,787,247.519837104,0.000177272214566,-23644.2046973,Nes10_dDFE.Exponential
788,788,246.727446728,0.000182083477686,-23745.009616,Nes10_dDFE.Exponential
789,789,227.672630292,0.000201272105022,-23760.3016085,Nes10_dDFE.Exponential
790,790,245.172190959,0.000177711613619,-23750.9659855,Nes10_dDFE.Exponential
791,791,243.857338073,0.000178301558894,-23616.4908404,Nes10_dDFE.Exponential
792,792,250.485255589,0.000175345305062,-23646.705301,Nes10_dDFE.Exponential
793,793,233.405492036,0.000194124788701,-23713.3268307,Nes10_dDFE.Exponential
794,794,228.054469018,0.000200206383704,-23747.4984423,Nes10_dDFE.Exponential
795,795,252.420532513,0.000173123672501,-23778.6926291,Nes10_dDFE.Exponential
796,796,236.917968473,0.000185516038071,-23671.8721804,Nes10_dDFE.Exponential
797,797,252.770204239,0.0001751746114,-23781.5102558,Nes10_dDFE.Exponential
798,798,225.400018072,0.000203384508337,-23697.1406046,Nes10_dDFE.Exponential
799,799,226.566681462,0.000198439352132,-23697.6928093,Nes10_dDFE.Exponential
800,800,224.986157281,0.000206673856298,-23659.4739441,Nes10_dDFE.Exponential
801,801,243.674289356,0.000180123715493,-23756.3781473,Nes10_dDFE.Exponential
802,802,241.428835917,0.000180729880426,-23649.0875671,Nes10_dDFE.Exponential
803,803,240.624286097,0.000186613615539,-23687.1457653,Nes10_dDFE.Exponential
804,804,241.536161357,0.000180768708504,-23708.9756818,Nes10_dDFE.Exponential
805,805,237.140708611,0.000188726480914,-23762.1620572,Nes10_dDFE.Exponential
806,806,240.564128695,0.000185108728584,-23738.0622385,Nes10_dDFE.Exponential
807,807,256.427036928,0.000171304718545,-23623.0941743,Nes10_dDFE.Exponential
808,808,226.818781943,0.000206417514888,-23748.1645777,Nes10_dDFE.Exponential
809,809,259.66508068,0.000166391690547,-23698.8803951,Nes10_dDFE.Exponential
810,810,246.457645635,0.000182002228244,-23753.9578,Nes10_dDFE.Exponential
811,811,242.160909718,0.000180387324092,-23711.7100062,Nes10_dDFE.Exponential
812,812,234.606040575,0.00019582702075,-23762.8703693,Nes10_dDFE.Exponential
813,813,231.660694094,0.000195484107178,-23690.0754249,Nes10_dDFE.Exponential
814,814,265.549376842,0.000162937792057,-23714.087971,Nes10_dDFE.Exponential
815,815,254.367198462,0.000166955224928,-23676.65488,Nes10_dDFE.Exponential
816,816,242.63297284,0.000183166458969,-23759.1979672,Nes10_dDFE.Exponential
817,817,238.898234863,0.000182237230592,-23777.9796338,Nes10_dDFE.Exponential
818,818,235.242021217,0.000189969642031,-23700.9602788,Nes10_dDFE.Exponential
819,819,240.002391598,0.000189024825263,-23739.5449776,Nes10_dDFE.Exponential
820,820,248.581746153,0.000177445435563,-23697.8690078,Nes10_dDFE.Exponential
821,821,224.0271641,0.000202484364066,-23751.8107459,Nes10_dDFE.Exponential
822,822,242.838725698,0.000182251607316,-23673.529714,Nes10_dDFE.Exponential
823,823,233.546763262,0.000190215924471,-23759.3019202,Nes10_dDFE.Exponential
824,824,237.156927621,0.000188461410948,-23657.5530302,Nes10_dDFE.Exponential
825,825,246.4611353,0.000179331797151,-23716.6039071,Nes10_dDFE.Exponential
826,826,240.099309681,0.000185628360803,-23705.4215504,Nes10_dDFE.Exponential
827,827,220.573239929,0.000211673277097,-23720.7380143,Nes10_dDFE.Exponential
828,828,233.766373408,0.000190973562175,-23725.9176352,Nes10_dDFE.Exponential
829,829,239.523545149,0.000184359248807,-23729.6532765,Nes10_dDFE.Exponential
830,830,242.808165953,0.000184340886185,-23707.0373515,Nes10_dDFE.Exponential
831,831,230.094612016,0.000200104246013,-23703.1725507,Nes10_dDFE.Exponential
832,832,237.366129916,0.000187237899297,-23701.0691068,Nes10_dDFE.Exponential
833,833,218.197012566,0.000213125575167,-23655.1874831,Nes10_dDFE.Exponential
834,834,219.728472848,0.000211854513563,-23677.7933697,Nes10_dDFE.Exponential
835,835,235.097944678,0.00018859052936,-23729.0558897,Nes10_dDFE.Exponential
836,836,231.119571424,0.000195833731495,-23690.3627206,Nes10_dDFE.Exponential
837,837,235.177163463,0.00018947555695,-23703.8560385,Nes10_dDFE.Exponential
838,838,216.46603517,0.000216030877418,-23752.322342,Nes10_dDFE.Exponential
839,839,239.625106128,0.000184678551956,-23780.7382069,Nes10_dDFE.Exponential
840,840,243.758176642,0.000180140707338,-23718.7527247,Nes10_dDFE.Exponential
841,841,248.036338099,0.00018114466725,-23788.3846943,Nes10_dDFE.Exponential
842,842,228.560795254,0.000200260207522,-23750.6538355,Nes10_dDFE.Exponential
843,843,238.084776036,0.000189417106477,-23788.5614395,Nes10_dDFE.Exponential
844,844,245.991341421,0.000180043162601,-23673.672803,Nes10_dDFE.Exponential
845,845,243.202590422,0.000183614216426,-23664.7787467,Nes10_dDFE.Exponential
846,846,239.389351933,0.00018076910812,-23707.9356766,Nes10_dDFE.Exponential
847,847,222.617782537,0.000201860444559,-23637.8706498,Nes10_dDFE.Exponential
848,848,240.624554105,0.000182780496398,-23705.1818297,Nes10_dDFE.Exponential
849,849,237.26760393,0.000189169025749,-23761.4407472,Nes10_dDFE.Exponential
850,850,235.863770621,0.00019109654264,-23748.1205781,Nes10_dDFE.Exponential
851,851,215.306420105,0.000218386576372,-23714.8363033,Nes10_dDFE.Exponential
852,852,245.721455197,0.000177851699484,-23647.7168457,Nes10_dDFE.Exponential
853,853,253.825151168,0.00016994987084,-23753.054118,Nes10_dDFE.Exponential
854,854,234.365652781,0.000190036661065,-23783.6547963,Nes10_dDFE.Exponential
855,855,228.274649695,0.000202161974781,-23693.7752736,Nes10_dDFE.Exponential
856,856,248.285975281,0.000177680051086,-23757.8283714,Nes10_dDFE.Exponential
857,857,238.963774039,0.000188499427348,-23724.0570147,Nes10_dDFE.Exponential
858,858,254.04618066,0.000167322390182,-23689.080701,Nes10_dDFE.Exponential
859,859,235.852361645,0.000188870268665,-23820.7628696,Nes10_dDFE.Exponential
860,860,241.531046328,0.000180110076208,-23646.2485927,Nes10_dDFE.Exponential
861,861,249.68378124,0.000177229690696,-23723.6301191,Nes10_dDFE.Exponential
862,862,227.072643168,0.000199736102455,-23722.1089434,Nes10_dDFE.Exponential
863,863,252.945477153,0.000171103235207,-23770.0944601,Nes10_dDFE.Exponential
864,864,244.304087509,0.000180266864936,-23718.8031261,Nes10_dDFE.Exponential
865,865,240.568457344,0.000183292373459,-23738.477662,Nes10_dDFE.Exponential
866,866,236.500664963,0.000190426977658,-23772.8317223,Nes10_dDFE.Exponential
867,867,243.246772139,0.000179327331879,-23686.825622,Nes10_dDFE.Exponential
868,868,254.872033462,0.000170231453525,-23664.6483649,Nes10_dDFE.Exponential
869,869,238.706490223,0.000181919860367,-23740.5072243,Nes10_dDFE.Exponential
870,870,230.638035656,0.000195407690446,-23722.1449928,Nes10_dDFE.Exponential
871,871,257.22000537,0.000170789762986,-23792.1091221,Nes10_dDFE.Exponential
872,872,235.922941663,0.000193495576988,-23771.5754848,Nes10_dDFE.Exponential
873,873,234.763372604,0.000192708322101,-23771.754819,Nes10_dDFE.Exponential
874,874,247.341429965,0.000176138108723,-23742.3762001,Nes10_dDFE.Exponential
875,875,223.491225628,0.00020431863013,-23731.4403452,Nes10_dDFE.Exponential
876,876,243.587529134,0.000180986729345,-23721.232833,Nes10_dDFE.Exponential
877,877,234.198778614,0.000191207380545,-23743.2541498,Nes10_dDFE.Exponential
878,878,246.145684039,0.000178969432202,-23679.5994153,Nes10_dDFE.Exponential
879,879,232.413632431,0.00019427274353,-23748.335084,Nes10_dDFE.Exponential
880,880,219.726482281,0.000206551023134,-23664.0603664,Nes10_dDFE.Exponential
881,881,244.40181229,0.000180325240436,-23686.9610323,Nes10_dDFE.Exponential
882,882,229.859351893,0.000196732920629,-23734.6518391,Nes10_dDFE.Exponential
883,883,241.060834452,0.000185006417611,-23732.6435648,Nes10_dDFE.Exponential
884,884,246.261891497,0.000177986246864,-23754.1790862,Nes10_dDFE.Exponential
885,885,246.953156687,0.000179879439063,-23755.397456,Nes10_dDFE.Exponential
886,886,244.753619276,0.000180193112764,-23709.0699909,Nes10_dDFE.Exponential
887,887,240.765911332,0.000180780555516,-23778.5148884,Nes10_dDFE.Exponential
888,888,232.793026209,0.000193778177982,-23702.7865065,Nes10_dDFE.Exponential
889,889,243.150614206,0.000183076748848,-23758.9090769,Nes10_dDFE.Exponential
890,890,242.081873278,0.000186240838526,-23743.1628764,Nes10_dDFE.Exponential
891,891,254.966657995,0.000170990987185,-23678.3265987,Nes10_dDFE.Exponential
892,892,238.344013847,0.000194112210992,-23707.4780828,Nes10_dDFE.Exponential
893,893,249.922674184,0.000175404821752,-23678.2709962,Nes10_dDFE.Exponential
894,894,247.05865842,0.00017398026959,-23645.4217069,Nes10_dDFE.Exponential
895,895,233.036129179,0.000191861401025,-23765.341591,Nes10_dDFE.Exponential
896,896,240.83109317,0.000184706710853,-23689.8181056,Nes10_dDFE.Exponential
897,897,247.04430804,0.000182739979049,-23770.4641456,Nes10_dDFE.Exponential
898,898,239.104134525,0.000190604023741,-23716.9427864,Nes10_dDFE.Exponential
899,899,234.500373015,0.000189144744269,-23680.6459571,Nes10_dDFE.Exponential
900,900,251.967313313,0.000170297238106,-23659.42745,Nes10_dDFE.Exponential
901,901,242.887969781,0.000179006438266,-23749.7846177,Nes10_dDFE.Exponential
902,902,246.943235366,0.000180276762755,-23739.1641916,Nes10_dDFE.Exponential
903,903,238.956223057,0.000186025353969,-23748.5361876,Nes10_dDFE.Exponential
904,904,245.384349186,0.000181117264604,-23729.5791959,Nes10_dDFE.Exponential
905,905,250.094096118,0.000176263972351,-23679.7436755,Nes10_dDFE.Exponential
906,906,237.931627778,0.000183594564555,-23683.2679396,Nes10_dDFE.Exponential
907,907,231.595045701,0.000192623068228,-23718.3025535,Nes10_dDFE.Exponential
908,908,243.618903285,0.000186216240609,-23738.1245506,Nes10_dDFE.Exponential
909,909,230.369875137,0.000196320555609,-23722.0067698,Nes10_dDFE.Exponential
910,910,252.185612375,0.000173140695885,-23696.5750295,Nes10_dDFE.Exponential
911,911,237.797433387,0.0001866042393,-23666.3226696,Nes10_dDFE.Exponential
912,912,241.660129213,0.000181631541801,-23760.5090083,Nes10_dDFE.Exponential
913,913,240.265803311,0.000184094122842,-23698.1195928,Nes10_dDFE.Exponential
914,914,251.623315872,0.000172187798681,-23670.0943361,Nes10_dDFE.Exponential
915,915,228.410544323,0.00019461534142,-23684.6411771,Nes10_dDFE.Exponential
916,916,237.90782465,0.000187745080735,-23620.9586253,Nes10_dDFE.Exponential
917,917,230.527497521,0.000197619097899,-23679.1876746,Nes10_dDFE.Exponential
918,918,235.713476537,0.000192005226462,-23732.4964797,Nes10_dDFE.Exponential
919,919,242.447319983,0.000183430016235,-23687.2371104,Nes10_dDFE.Exponential
920,920,244.915813,0.00017890534308,-23687.6042506,Nes10_dDFE.Exponential
921,921,236.740897291,0.000187684957366,-23655.3146005,Nes10_dDFE.Exponential
922,922,245.928325701,0.000180894899791,-23664.3789513,Nes10_dDFE.Exponential
923,923,238.443322193,0.000189402853661,-23761.1835083,Nes10_dDFE.Exponential
924,924,235.787431387,0.000192524457823,-23721.568877,Nes10_dDFE.Exponential
925,925,231.527717943,0.000194475989083,-23742.7364384,Nes10_dDFE.Exponential
926,926,241.440869734,0.000182107489874,-23681.8596649,Nes10_dDFE.Exponential
927,927,228.952350318,0.000198520568616,-23621.5474523,Nes10_dDFE.Exponential
928,928,239.444128897,0.0001844959047,-23809.9692561,Nes10_dDFE.Exponential
929,929,234.166020899,0.000189986444663,-23742.2363729,Nes10_dDFE.Exponential
930,930,249.418352839,0.000174217242907,-23703.036313,Nes10_dDFE.Exponential
931,931,244.080384188,0.000179548699029,-23765.6816244,Nes10_dDFE.Exponential
932,932,242.225500188,0.00018401227582,-23658.5522053,Nes10_dDFE.Exponential
933,933,220.327868629,0.000213194398432,-23726.4081811,Nes10_dDFE.Exponential
934,934,232.47241636,0.000193375961318,-23668.6015506,Nes10_dDFE.Exponential
935,935,244.984081118,0.000180982078544,-23745.0764313,Nes10_dDFE.Exponential
936,936,258.624842762,0.000168073826091,-23712.5580324,Nes10_dDFE.Exponential
937,937,226.364004033,0.000201875635333,-23712.3786891,Nes10_dDFE.Exponential
938,938,232.880807524,0.000193166577227,-23720.2625506,Nes10_dDFE.Exponential
939,939,227.6017845,0.000198885147106,-23719.8846942,Nes10_dDFE.Exponential
940,940,259.040138291,0.000164967996457,-23764.2980608,Nes10_dDFE.Exponential
941,941,242.397598216,0.00017959568708,-23671.7469348,Nes10_dDFE.Exponential
942,942,241.570057741,0.000184640848258,-23726.5803781,Nes10_dDFE.Exponential
943,943,230.633133445,0.000192647658691,-23784.0009194,Nes10_dDFE.Exponential
944,944,239.638779585,0.00018664055454,-23684.0132651,Nes10_dDFE.Exponential
945,945,236.695082163,0.000194202453798,-23702.2172136,Nes10_dDFE.Exponential
946,946,245.011835433,0.000178642176993,-23707.4685592,Nes10_dDFE.Exponential
947,947,232.699090444,0.000195038688597,-23750.5212516,Nes10_dDFE.Exponential
948,948,249.257381165,0.000176034085121,-23714.4494808,Nes10_dDFE.Exponential
949,949,240.897172199,0.000190074975962,-23717.3431882,Nes10_dDFE.Exponential
950,950,241.047984929,0.000180410335005,-23651.0321119,Nes10_dDFE.Exponential
951,951,237.138695583,0.000186933189592,-23731.5867131,Nes10_dDFE.Exponential
952,952,225.954544895,0.000200827400908,-23731.07883,Nes10_dDFE.Exponential
953,953,228.661278827,0.000196218659733,-23691.8881248,Nes10_dDFE.Exponential
954,954,220.473373384,0.00020878284146,-23721.1123722,Nes10_dDFE.Exponential
955,955,241.683183471,0.000185146828187,-23659.3409342,Nes10_dDFE.Exponential
956,956,247.924196425,0.000176841690051,-23717.8680612,Nes10_dDFE.Exponential
957,957,236.237160514,0.00018934055025,-23668.7688148,Nes10_dDFE.Exponential
958,958,236.898674751,0.000188685435182,-23690.5550974,Nes10_dDFE.Exponential
959,959,236.985337981,0.000193772700616,-23773.7837222,Nes10_dDFE.Exponential
960,960,229.85736135,0.000200830978031,-23771.7214546,Nes10_dDFE.Exponential
961,961,229.70232019,0.000198309256201,-23795.1307122,Nes10_dDFE.Exponential
962,962,241.670514332,0.000183083598481,-23742.5722715,Nes10_dDFE.Exponential
963,963,251.702005537,0.000172609569522,-23682.3071593,Nes10_dDFE.Exponential
964,964,237.040262818,0.00018547199009,-23739.3923449,Nes10_dDFE.Exponential
965,965,238.123762249,0.000192323144577,-23800.2589862,Nes10_dDFE.Exponential
966,966,246.094834787,0.000182791685176,-23733.7453339,Nes10_dDFE.Exponential
967,967,244.329250867,0.000177523144806,-23680.3442751,Nes10_dDFE.Exponential
968,968,235.299981176,0.000190601344647,-23709.541561,Nes10_dDFE.Exponential
969,969,237.487038661,0.000191606886292,-23671.2267802,Nes10_dDFE.Exponential
970,970,240.04970695,0.000186399275464,-23732.3382372,Nes10_dDFE.Exponential
971,971,228.580822907,0.000199557405766,-23690.1020991,Nes10_dDFE.Exponential
972,972,222.41773959,0.000211472220869,-23663.6530791,Nes10_dDFE.Exponential
973,973,241.129542436,0.000183620589789,-23720.9830048,Nes10_dDFE.Exponential
974,974,246.756399191,0.000175187130484,-23726.7800004,Nes10_dDFE.Exponential
975,975,246.011745429,0.000181516589985,-23824.3673342,Nes10_dDFE.Exponential
976,976,234.567648114,0.000192956256433,-23744.7160634,Nes10_dDFE.Exponential
977,977,244.883822916,0.000183056062514,-23704.8816351,Nes10_dDFE.Exponential
978,978,240.759508563,0.000188640318449,-23691.512997,Nes10_dDFE.Exponential
979,979,253.119159773,0.00017272120156,-23753.8316175,Nes10_dDFE.Exponential
980,980,232.698993241,0.000196042869413,-23714.0821457,Nes10_dDFE.Exponential
981,981,231.45903524,0.000191244447333,-23785.0253674,Nes10_dDFE.Exponential
982,982,242.950766682,0.000183601380157,-23672.3052613,Nes10_dDFE.Exponential
983,983,244.473407014,0.000179527191308,-23647.6369144,Nes10_dDFE.Exponential
984,984,245.397005416,0.000182186566436,-23793.1849185,Nes10_dDFE.Exponential
985,985,238.970581533,0.000184450352324,-23836.3089979,Nes10_dDFE.Exponential
986,986,232.168496414,0.000193503777997,-23738.0211402,Nes10_dDFE.Exponential
987,987,228.3355928,0.000199486427908,-23882.4126365,Nes10_dDFE.Exponential
988,988,232.707158274,0.000194815826546,-23709.685211,Nes10_dDFE.Exponential
989,989,223.853642107,0.000206964758556,-23686.4558064,Nes10_dDFE.Exponential
990,990,228.288616145,0.000202683296603,-23852.9200744,Nes10_dDFE.Exponential
991,991,1.00269815517,0.0609341922397,-22510.7686933,Nes10_dDFE.Exponential
992,992,240.614887978,0.000183046379041,-23696.3334059,Nes10_dDFE.Exponential
993,993,241.103193689,0.000181357327625,-23727.3892663,Nes10_dDFE.Exponential
994,994,237.412200423,0.000185340035149,-23669.7935712,Nes10_dDFE.Exponential
995,995,242.275656885,0.000182877953786,-23729.6635189,Nes10_dDFE.Exponential
996,996,229.768417824,0.000196782984571,-23755.5751692,Nes10_dDFE.Exponential
997,997,234.779181469,0.000186657625478,-23629.4371658,Nes10_dDFE.Exponential
998,998,228.537708645,0.000201708535249,-23710.1645652,Nes10_dDFE.Exponential
999,999,235.375549108,0.000188323816634,-23653.8222526,Nes10_dDFE.Exponential
