,rep,NeSa,pa,AIC,identifier
0,0,339.975872714,0.000115813993549,-23739.5162897,Nes10_dDFE.Exponential_div10
1,1,332.832366667,0.000121113858737,-23741.4266658,Nes10_dDFE.Exponential_div10
2,2,343.117636679,0.000111005581031,-23736.0866928,Nes10_dDFE.Exponential_div10
3,3,332.20826697,0.000119106687234,-23696.6097723,Nes10_dDFE.Exponential_div10
4,4,354.424564848,0.000108871562368,-23740.7251228,Nes10_dDFE.Exponential_div10
5,5,321.828590658,0.000124525905051,-23724.6010518,Nes10_dDFE.Exponential_div10
6,6,339.05275976,0.000116453189284,-23746.5729359,Nes10_dDFE.Exponential_div10
7,7,348.021463225,0.000110709967222,-23730.4814941,Nes10_dDFE.Exponential_div10
8,8,337.021243355,0.000116042285239,-23714.2635106,Nes10_dDFE.Exponential_div10
9,9,339.321136985,0.000117034083661,-23712.4850687,Nes10_dDFE.Exponential_div10
10,10,328.396660879,0.000121657050971,-23758.6153344,Nes10_dDFE.Exponential_div10
11,11,333.374967664,0.000119343204388,-23841.9904424,Nes10_dDFE.Exponential_div10
12,12,324.447752538,0.000122078258422,-23698.2222677,Nes10_dDFE.Exponential_div10
13,13,331.991814403,0.000118124336676,-23775.6295147,Nes10_dDFE.Exponential_div10
14,14,329.287578974,0.000120177455085,-23667.0667597,Nes10_dDFE.Exponential_div10
15,15,347.822663445,0.000112883674023,-23732.7544439,Nes10_dDFE.Exponential_div10
16,16,351.209636965,0.000111366795757,-23696.5404197,Nes10_dDFE.Exponential_div10
17,17,361.773252863,0.000106564888083,-23744.1082614,Nes10_dDFE.Exponential_div10
18,18,312.283121817,0.000129255775342,-23771.662329,Nes10_dDFE.Exponential_div10
19,19,346.040184949,0.000111644580626,-23812.0482475,Nes10_dDFE.Exponential_div10
20,20,358.580841402,0.000106017298139,-23674.0201863,Nes10_dDFE.Exponential_div10
21,21,348.494572937,0.000113136346863,-23728.5405438,Nes10_dDFE.Exponential_div10
22,22,336.102165766,0.000117714416038,-23751.8839985,Nes10_dDFE.Exponential_div10
23,23,352.976717171,0.000109487363946,-23701.9756986,Nes10_dDFE.Exponential_div10
24,24,347.055862288,0.000113028805576,-23719.1762619,Nes10_dDFE.Exponential_div10
25,25,336.260503675,0.000118020339694,-23807.6511654,Nes10_dDFE.Exponential_div10
26,26,320.334883161,0.000123257942774,-23738.2842641,Nes10_dDFE.Exponential_div10
27,27,356.985177971,0.000108967655513,-23731.3983562,Nes10_dDFE.Exponential_div10
28,28,321.2966199,0.000123557164312,-23724.0037465,Nes10_dDFE.Exponential_div10
29,29,341.600868161,0.000115078956073,-23773.0977435,Nes10_dDFE.Exponential_div10
30,30,337.536588269,0.000114898754566,-23686.9103122,Nes10_dDFE.Exponential_div10
31,31,340.769830372,0.000114316815538,-23732.249484,Nes10_dDFE.Exponential_div10
32,32,353.050148316,0.000111176624598,-23778.1591345,Nes10_dDFE.Exponential_div10
33,33,343.587632611,0.000115348914374,-23706.4743531,Nes10_dDFE.Exponential_div10
34,34,355.872100636,0.000108440189832,-23777.3592767,Nes10_dDFE.Exponential_div10
35,35,327.011725853,0.000121419676104,-23705.2995303,Nes10_dDFE.Exponential_div10
36,36,335.275980956,0.000118927177535,-23708.102452,Nes10_dDFE.Exponential_div10
37,37,341.330313218,0.000113026344617,-23690.6201278,Nes10_dDFE.Exponential_div10
38,38,312.707479577,0.000132061616802,-23797.55701,Nes10_dDFE.Exponential_div10
39,39,312.496359813,0.000132997564081,-23731.724192,Nes10_dDFE.Exponential_div10
40,40,331.35254977,0.000120093650817,-23756.8823793,Nes10_dDFE.Exponential_div10
41,41,339.694211349,0.000113770574115,-23758.9632523,Nes10_dDFE.Exponential_div10
42,42,320.192334436,0.000124269608825,-23736.6144424,Nes10_dDFE.Exponential_div10
43,43,333.107466772,0.00011987728742,-23721.0123314,Nes10_dDFE.Exponential_div10
44,44,323.974146812,0.000122243479395,-23738.0110951,Nes10_dDFE.Exponential_div10
45,45,333.922253758,0.000117503289445,-23736.7422277,Nes10_dDFE.Exponential_div10
46,46,333.038312367,0.000116896860214,-23750.8206168,Nes10_dDFE.Exponential_div10
47,47,344.244272283,0.000112985246501,-23739.5108572,Nes10_dDFE.Exponential_div10
48,48,340.551940817,0.000116789863169,-23719.8559042,Nes10_dDFE.Exponential_div10
49,49,344.275444622,0.000113859126979,-23659.8509457,Nes10_dDFE.Exponential_div10
50,50,341.69932386,0.000115337537143,-23691.1411841,Nes10_dDFE.Exponential_div10
51,51,344.340023706,0.000115445513374,-23708.5678316,Nes10_dDFE.Exponential_div10
52,52,332.134133854,0.00011978801146,-23729.8144217,Nes10_dDFE.Exponential_div10
53,53,332.734893279,0.000119212118509,-23749.7132433,Nes10_dDFE.Exponential_div10
54,54,325.862065784,0.000121301917632,-23701.0161904,Nes10_dDFE.Exponential_div10
55,55,346.366850855,0.000109794943672,-23693.3157953,Nes10_dDFE.Exponential_div10
56,56,329.165112517,0.000118385209664,-23714.3628487,Nes10_dDFE.Exponential_div10
57,57,330.786730033,0.000120402222629,-23729.4648741,Nes10_dDFE.Exponential_div10
58,58,337.295478314,0.000116618537661,-23650.1099416,Nes10_dDFE.Exponential_div10
59,59,342.309591841,0.000115380640018,-23725.3964827,Nes10_dDFE.Exponential_div10
60,60,330.68880382,0.000115122312153,-23708.1624101,Nes10_dDFE.Exponential_div10
61,61,356.369029009,0.000108057033951,-23743.707209,Nes10_dDFE.Exponential_div10
62,62,333.712696896,0.000118367103941,-23744.509094,Nes10_dDFE.Exponential_div10
63,63,327.138059654,0.000122201614685,-23769.07073,Nes10_dDFE.Exponential_div10
64,64,323.842469954,0.00012418178128,-23839.9355018,Nes10_dDFE.Exponential_div10
65,65,330.811270952,0.00011748886731,-23736.936526,Nes10_dDFE.Exponential_div10
66,66,332.422065968,0.000119781082415,-23673.5111822,Nes10_dDFE.Exponential_div10
67,67,335.671835879,0.000116849359932,-23607.102134,Nes10_dDFE.Exponential_div10
68,68,335.855288037,0.000115095006469,-23653.1240748,Nes10_dDFE.Exponential_div10
69,69,328.954282825,0.000119742010774,-23689.0093347,Nes10_dDFE.Exponential_div10
70,70,345.801885777,0.000111315198303,-23695.3110704,Nes10_dDFE.Exponential_div10
71,71,322.015334286,0.000125464582332,-23699.1937958,Nes10_dDFE.Exponential_div10
72,72,325.583648006,0.00012134917717,-23714.5974034,Nes10_dDFE.Exponential_div10
73,73,366.478286001,0.000104316963539,-23716.4006738,Nes10_dDFE.Exponential_div10
74,74,331.902136291,0.000120019123376,-23760.2014509,Nes10_dDFE.Exponential_div10
75,75,332.311494783,0.000120226423068,-23760.5747187,Nes10_dDFE.Exponential_div10
76,76,324.095750903,0.000124882524916,-23775.5336203,Nes10_dDFE.Exponential_div10
77,77,317.568665852,0.000126466236419,-23756.1659598,Nes10_dDFE.Exponential_div10
78,78,352.159172255,0.000110861566357,-23740.42952,Nes10_dDFE.Exponential_div10
79,79,342.07746985,0.000112801332773,-23684.4513289,Nes10_dDFE.Exponential_div10
80,80,327.33885598,0.000121562475134,-23712.6962339,Nes10_dDFE.Exponential_div10
81,81,346.832985311,0.000113069974942,-23794.6270709,Nes10_dDFE.Exponential_div10
82,82,334.38888029,0.000117640937621,-23675.8011548,Nes10_dDFE.Exponential_div10
83,83,320.844852591,0.000122539428853,-23702.8382916,Nes10_dDFE.Exponential_div10
84,84,330.829461645,0.000120752844969,-23760.3721273,Nes10_dDFE.Exponential_div10
85,85,332.513592634,0.000120790992587,-23699.260614,Nes10_dDFE.Exponential_div10
86,86,343.86160272,0.00011138174783,-23631.1572729,Nes10_dDFE.Exponential_div10
87,87,323.812117383,0.000123408684022,-23739.8962922,Nes10_dDFE.Exponential_div10
88,88,337.979674866,0.000118441022646,-23781.9315719,Nes10_dDFE.Exponential_div10
89,89,323.654785274,0.000122375199282,-23698.4833981,Nes10_dDFE.Exponential_div10
90,90,351.379676764,0.000108814601297,-23790.2032166,Nes10_dDFE.Exponential_div10
91,91,335.641279718,0.00011584265945,-23743.3615403,Nes10_dDFE.Exponential_div10
92,92,346.062089126,0.000111392453514,-23701.9526929,Nes10_dDFE.Exponential_div10
93,93,335.835529318,0.000114279707713,-23776.8695661,Nes10_dDFE.Exponential_div10
94,94,318.58947608,0.000126166757271,-23762.7376935,Nes10_dDFE.Exponential_div10
95,95,331.628362205,0.000119139530693,-23784.3745294,Nes10_dDFE.Exponential_div10
96,96,329.952899179,0.000120854174454,-23728.8226075,Nes10_dDFE.Exponential_div10
97,97,349.665894532,0.000112571774446,-23744.3127961,Nes10_dDFE.Exponential_div10
98,98,329.237376397,0.000120386211707,-23762.88622,Nes10_dDFE.Exponential_div10
99,99,331.591909349,0.000118876962058,-23680.7869376,Nes10_dDFE.Exponential_div10
100,100,342.914887369,0.000114719437887,-23729.8389672,Nes10_dDFE.Exponential_div10
101,101,334.679452363,0.000116788579157,-23725.8199449,Nes10_dDFE.Exponential_div10
102,102,325.289154307,0.000122345903198,-23712.8678783,Nes10_dDFE.Exponential_div10
103,103,335.755729289,0.00011670167858,-23727.91199,Nes10_dDFE.Exponential_div10
104,104,331.333446805,0.000116618752583,-23700.385543,Nes10_dDFE.Exponential_div10
105,105,334.506315241,0.000117588414785,-23714.6981617,Nes10_dDFE.Exponential_div10
106,106,324.518891614,0.000120480640575,-23747.9927823,Nes10_dDFE.Exponential_div10
107,107,343.92068257,0.000115394607121,-23734.665648,Nes10_dDFE.Exponential_div10
108,108,332.588758129,0.000116991461739,-23769.2381376,Nes10_dDFE.Exponential_div10
109,109,325.705192409,0.000125505027285,-23672.2553805,Nes10_dDFE.Exponential_div10
110,110,349.202503061,0.000110735152143,-23770.2597665,Nes10_dDFE.Exponential_div10
111,111,345.128594438,0.000110307760103,-23690.1746619,Nes10_dDFE.Exponential_div10
112,112,346.333115814,0.000113045955851,-23689.9783076,Nes10_dDFE.Exponential_div10
113,113,322.119702252,0.000126899603178,-23750.1933362,Nes10_dDFE.Exponential_div10
114,114,348.249186858,0.000111620748642,-23755.6672145,Nes10_dDFE.Exponential_div10
115,115,334.856177002,0.000118440016541,-23700.267131,Nes10_dDFE.Exponential_div10
116,116,349.284018662,0.000110876000471,-23652.6571761,Nes10_dDFE.Exponential_div10
117,117,337.656844271,0.00011548168576,-23690.0030116,Nes10_dDFE.Exponential_div10
118,118,342.316089024,0.000115703857006,-23664.2461873,Nes10_dDFE.Exponential_div10
119,119,322.409249052,0.000124375709807,-23745.3283665,Nes10_dDFE.Exponential_div10
120,120,342.805762034,0.000114645412182,-23712.4648401,Nes10_dDFE.Exponential_div10
121,121,331.195878155,0.000121306950309,-23751.6013072,Nes10_dDFE.Exponential_div10
122,122,340.850747621,0.00011510898162,-23749.7944262,Nes10_dDFE.Exponential_div10
123,123,347.829703471,0.000112454904675,-23739.0245865,Nes10_dDFE.Exponential_div10
124,124,319.755604561,0.000126117367193,-23746.2607572,Nes10_dDFE.Exponential_div10
125,125,335.853467859,0.000119003783861,-23733.7178855,Nes10_dDFE.Exponential_div10
126,126,324.27580401,0.000119758389048,-23713.7580955,Nes10_dDFE.Exponential_div10
127,127,355.908842349,0.00010701396538,-23716.6079923,Nes10_dDFE.Exponential_div10
128,128,334.892555973,0.000117946890474,-23788.5844743,Nes10_dDFE.Exponential_div10
129,129,315.483305046,0.000126159259036,-23725.4055306,Nes10_dDFE.Exponential_div10
130,130,331.053828956,0.000117837509404,-23704.2338274,Nes10_dDFE.Exponential_div10
131,131,343.003090854,0.000113301945752,-23788.3574864,Nes10_dDFE.Exponential_div10
132,132,361.986843973,0.000106425446717,-23751.4558041,Nes10_dDFE.Exponential_div10
133,133,347.707391479,0.000109224824596,-23652.0182707,Nes10_dDFE.Exponential_div10
134,134,316.334617301,0.000128660120746,-23672.8878673,Nes10_dDFE.Exponential_div10
135,135,363.552600846,0.000105981633818,-23658.4294781,Nes10_dDFE.Exponential_div10
136,136,349.179169172,0.000111803220044,-23748.8773274,Nes10_dDFE.Exponential_div10
137,137,322.939661736,0.000122138785669,-23714.1176781,Nes10_dDFE.Exponential_div10
138,138,353.309754879,0.000111546825463,-23689.909836,Nes10_dDFE.Exponential_div10
139,139,348.728437706,0.000113794113626,-23731.7198277,Nes10_dDFE.Exponential_div10
140,140,327.950976915,0.000118077356567,-23762.8292198,Nes10_dDFE.Exponential_div10
141,141,331.479886121,0.0001163397193,-23711.8113987,Nes10_dDFE.Exponential_div10
142,142,324.002070732,0.000122910777773,-23722.7433788,Nes10_dDFE.Exponential_div10
143,143,332.735514271,0.000117087620206,-23710.8675104,Nes10_dDFE.Exponential_div10
144,144,335.415744919,0.000118522094214,-23716.7714989,Nes10_dDFE.Exponential_div10
145,145,338.513106952,0.000116890443294,-23767.1720819,Nes10_dDFE.Exponential_div10
146,146,335.874860245,0.000118226828987,-23719.7560716,Nes10_dDFE.Exponential_div10
147,147,344.981224346,0.000114005959006,-23721.7869568,Nes10_dDFE.Exponential_div10
148,148,336.807990472,0.000118569808747,-23684.1676585,Nes10_dDFE.Exponential_div10
149,149,1.01878356396,0.0389630744087,-23734.2820149,Nes10_dDFE.Exponential_div10
150,150,363.36620025,0.000106342215287,-23712.4874351,Nes10_dDFE.Exponential_div10
151,151,357.242419675,0.000108698019895,-23701.715034,Nes10_dDFE.Exponential_div10
152,152,334.507048225,0.00011739985275,-23703.4226484,Nes10_dDFE.Exponential_div10
153,153,319.9386389,0.000125982423285,-23822.8799039,Nes10_dDFE.Exponential_div10
154,154,339.50800586,0.000117498267957,-23705.9538862,Nes10_dDFE.Exponential_div10
155,155,347.328605699,0.000111824901673,-23843.34791,Nes10_dDFE.Exponential_div10
156,156,337.659154352,0.00011614319624,-23675.6094958,Nes10_dDFE.Exponential_div10
157,157,336.338814672,0.000118088830071,-23664.790702,Nes10_dDFE.Exponential_div10
158,158,333.488419141,0.000120457795247,-23778.8031153,Nes10_dDFE.Exponential_div10
159,159,364.69410793,0.000104623977907,-23810.1810608,Nes10_dDFE.Exponential_div10
160,160,342.9880882,0.00011461073805,-23707.0396735,Nes10_dDFE.Exponential_div10
161,161,337.188219336,0.000115794883894,-23713.1281552,Nes10_dDFE.Exponential_div10
162,162,331.819839398,0.00011966955173,-23745.7116213,Nes10_dDFE.Exponential_div10
163,163,350.072689183,0.000110083131952,-23663.3214526,Nes10_dDFE.Exponential_div10
164,164,321.891415255,0.000125666890258,-23686.5002753,Nes10_dDFE.Exponential_div10
165,165,304.516272859,0.000131676300075,-23756.3392354,Nes10_dDFE.Exponential_div10
166,166,334.86111363,0.0001170321839,-23696.5920721,Nes10_dDFE.Exponential_div10
167,167,329.268221866,0.000120432106078,-23707.7085325,Nes10_dDFE.Exponential_div10
168,168,354.205514723,0.000107969485352,-23722.539329,Nes10_dDFE.Exponential_div10
169,169,349.605717993,0.000109361566657,-23686.2747096,Nes10_dDFE.Exponential_div10
170,170,352.58846888,0.000108493571853,-23813.0321003,Nes10_dDFE.Exponential_div10
171,171,327.51412116,0.00012097343201,-23665.4473479,Nes10_dDFE.Exponential_div10
172,172,341.043693343,0.000114080238103,-23769.6407605,Nes10_dDFE.Exponential_div10
173,173,346.676590671,0.000110067780537,-23706.4474903,Nes10_dDFE.Exponential_div10
174,174,332.599736924,0.00011903843062,-23713.8999938,Nes10_dDFE.Exponential_div10
175,175,334.709383571,0.000119843516101,-23696.5476002,Nes10_dDFE.Exponential_div10
176,176,341.724709209,0.000116128674405,-23706.3108784,Nes10_dDFE.Exponential_div10
177,177,333.613470718,0.000118345937291,-23727.4480331,Nes10_dDFE.Exponential_div10
178,178,317.171592966,0.000128009671637,-23830.5820667,Nes10_dDFE.Exponential_div10
179,179,335.630264796,0.000117044870721,-23730.0427899,Nes10_dDFE.Exponential_div10
180,180,319.546005252,0.000127357343456,-23666.3780728,Nes10_dDFE.Exponential_div10
181,181,331.703581043,0.000117871172186,-23710.8345175,Nes10_dDFE.Exponential_div10
182,182,343.217347067,0.000112127514133,-23757.7887386,Nes10_dDFE.Exponential_div10
183,183,342.437194185,0.000113888924115,-23684.3518769,Nes10_dDFE.Exponential_div10
184,184,310.230416097,0.000132622742542,-23690.1070955,Nes10_dDFE.Exponential_div10
185,185,341.363794492,0.000112871810837,-23735.2878367,Nes10_dDFE.Exponential_div10
186,186,358.857446282,0.000107591128915,-23724.5717654,Nes10_dDFE.Exponential_div10
187,187,353.527608152,0.000108235058043,-23671.2381216,Nes10_dDFE.Exponential_div10
188,188,351.80491758,0.000108880525795,-23755.6336881,Nes10_dDFE.Exponential_div10
189,189,335.96663574,0.000119047848845,-23667.143508,Nes10_dDFE.Exponential_div10
190,190,343.663260233,0.00011310689898,-23686.5578001,Nes10_dDFE.Exponential_div10
191,191,333.33482368,0.000118436648244,-23720.948432,Nes10_dDFE.Exponential_div10
192,192,336.153842759,0.000116333081642,-23787.9641203,Nes10_dDFE.Exponential_div10
193,193,325.95065241,0.000122582616399,-23751.3602408,Nes10_dDFE.Exponential_div10
194,194,336.839735942,0.000115960867347,-23770.6402501,Nes10_dDFE.Exponential_div10
195,195,320.981902549,0.000125139181373,-23699.0451805,Nes10_dDFE.Exponential_div10
196,196,349.819088558,0.000111113673617,-23726.6162321,Nes10_dDFE.Exponential_div10
197,197,334.534554855,0.000115743077857,-23758.1815792,Nes10_dDFE.Exponential_div10
198,198,340.960643798,0.000116317327713,-23765.6989368,Nes10_dDFE.Exponential_div10
199,199,340.245580953,0.000111711693457,-23777.302731,Nes10_dDFE.Exponential_div10
200,200,342.655753117,0.000115295997131,-23635.3065298,Nes10_dDFE.Exponential_div10
201,201,334.955767008,0.000118974588157,-23699.918487,Nes10_dDFE.Exponential_div10
202,202,306.59190817,0.00013136103916,-23757.5412334,Nes10_dDFE.Exponential_div10
203,203,309.218019871,0.000131293576085,-23726.7423619,Nes10_dDFE.Exponential_div10
204,204,333.658009452,0.000121728423022,-23762.2831786,Nes10_dDFE.Exponential_div10
205,205,332.142760221,0.000118291854938,-23724.6225093,Nes10_dDFE.Exponential_div10
206,206,346.56477377,0.000114265971618,-23754.8706867,Nes10_dDFE.Exponential_div10
207,207,336.697845444,0.000118471383323,-23756.0964553,Nes10_dDFE.Exponential_div10
208,208,338.508729703,0.000115046662597,-23769.8724081,Nes10_dDFE.Exponential_div10
209,209,318.711023927,0.000126394207212,-23736.8386867,Nes10_dDFE.Exponential_div10
210,210,343.01806547,0.000115491144502,-23774.5868757,Nes10_dDFE.Exponential_div10
211,211,336.607209799,0.000118627915634,-23646.5958976,Nes10_dDFE.Exponential_div10
212,212,335.723689948,0.000117005433069,-23734.2553916,Nes10_dDFE.Exponential_div10
213,213,316.344181488,0.000128396893296,-23754.927945,Nes10_dDFE.Exponential_div10
214,214,352.776185906,0.000107915089962,-23670.893282,Nes10_dDFE.Exponential_div10
215,215,322.09748596,0.000123090247471,-23748.2341134,Nes10_dDFE.Exponential_div10
216,216,349.081914416,0.000109305115844,-23738.1935662,Nes10_dDFE.Exponential_div10
217,217,306.961727228,0.00013321448446,-23633.3149019,Nes10_dDFE.Exponential_div10
218,218,337.090100988,0.000116675045652,-23697.5548412,Nes10_dDFE.Exponential_div10
219,219,318.471980408,0.000125414994137,-23771.4928442,Nes10_dDFE.Exponential_div10
220,220,325.414490321,0.000121735320691,-23753.546517,Nes10_dDFE.Exponential_div10
221,221,335.742077012,0.000116832422674,-23729.8835179,Nes10_dDFE.Exponential_div10
222,222,344.227306674,0.000116128992643,-23768.9329124,Nes10_dDFE.Exponential_div10
223,223,349.963135852,0.000111281052844,-23714.1665476,Nes10_dDFE.Exponential_div10
224,224,341.115626247,0.000114237540808,-23713.9737971,Nes10_dDFE.Exponential_div10
225,225,338.99877972,0.000112980375942,-23693.3642183,Nes10_dDFE.Exponential_div10
226,226,354.988736557,0.000111660639777,-23716.9784674,Nes10_dDFE.Exponential_div10
227,227,338.848028845,0.000114891673764,-23719.4608554,Nes10_dDFE.Exponential_div10
228,228,331.626260903,0.000117912408929,-23725.3661773,Nes10_dDFE.Exponential_div10
229,229,330.539592703,0.000118639080906,-23735.0399727,Nes10_dDFE.Exponential_div10
230,230,348.780402106,0.000112088797412,-23803.8929146,Nes10_dDFE.Exponential_div10
231,231,349.896298474,0.000108820921782,-23725.8620471,Nes10_dDFE.Exponential_div10
232,232,357.057134165,0.000106627138007,-23783.6437547,Nes10_dDFE.Exponential_div10
233,233,317.84476278,0.000127669584021,-23760.6674776,Nes10_dDFE.Exponential_div10
234,234,344.72649872,0.000113577301106,-23732.9205012,Nes10_dDFE.Exponential_div10
235,235,333.162477039,0.000118183485632,-23758.9119631,Nes10_dDFE.Exponential_div10
236,236,340.794124135,0.00011469333342,-23743.7758589,Nes10_dDFE.Exponential_div10
237,237,359.607663981,0.000107058360767,-23782.8634002,Nes10_dDFE.Exponential_div10
238,238,330.941167109,0.000121862000677,-23734.4573385,Nes10_dDFE.Exponential_div10
239,239,329.604878051,0.00012025260646,-23746.2725274,Nes10_dDFE.Exponential_div10
240,240,337.892456578,0.000117796412262,-23725.3660001,Nes10_dDFE.Exponential_div10
241,241,336.913736115,0.000114784904134,-23634.7209833,Nes10_dDFE.Exponential_div10
242,242,335.598580757,0.000118143171239,-23702.3403889,Nes10_dDFE.Exponential_div10
243,243,350.626111766,0.000106998012733,-23736.8727973,Nes10_dDFE.Exponential_div10
244,244,319.681992274,0.000128848923541,-23799.8140141,Nes10_dDFE.Exponential_div10
245,245,340.313466672,0.000115404298604,-23759.4403274,Nes10_dDFE.Exponential_div10
246,246,319.075392252,0.000124342885229,-23747.7725977,Nes10_dDFE.Exponential_div10
247,247,332.263059806,0.000119294104183,-23719.0605827,Nes10_dDFE.Exponential_div10
248,248,312.81410386,0.000126572068891,-23763.8663914,Nes10_dDFE.Exponential_div10
249,249,318.696202712,0.000124865705085,-23738.4785014,Nes10_dDFE.Exponential_div10
250,250,345.559900774,0.000111750918286,-23711.0691299,Nes10_dDFE.Exponential_div10
251,251,347.981186125,0.000111298638135,-23724.5682489,Nes10_dDFE.Exponential_div10
252,252,352.695586578,0.00011273596338,-23785.5766861,Nes10_dDFE.Exponential_div10
253,253,326.540766483,0.000124247397991,-23674.9440219,Nes10_dDFE.Exponential_div10
254,254,320.671581776,0.000124140660288,-23727.3945954,Nes10_dDFE.Exponential_div10
255,255,337.846659704,0.00011549934364,-23734.9079643,Nes10_dDFE.Exponential_div10
256,256,323.872669077,0.000121523927568,-23646.1450765,Nes10_dDFE.Exponential_div10
257,257,337.296022897,0.000116720273443,-23688.9427393,Nes10_dDFE.Exponential_div10
258,258,313.916012072,0.000129340869613,-23752.1621975,Nes10_dDFE.Exponential_div10
259,259,321.698039195,0.000125157511357,-23697.9354448,Nes10_dDFE.Exponential_div10
260,260,333.488306627,0.00011850405413,-23785.6779221,Nes10_dDFE.Exponential_div10
261,261,341.272844939,0.000115404604423,-23783.0417206,Nes10_dDFE.Exponential_div10
262,262,350.367889901,0.000110667548645,-23710.3760743,Nes10_dDFE.Exponential_div10
263,263,318.576779325,0.000125596361584,-23663.5137411,Nes10_dDFE.Exponential_div10
264,264,345.914103952,0.00011203188959,-23749.1246163,Nes10_dDFE.Exponential_div10
265,265,353.983570093,0.00010897444073,-23680.4709198,Nes10_dDFE.Exponential_div10
266,266,318.150546339,0.00012378260141,-23726.2375607,Nes10_dDFE.Exponential_div10
267,267,334.188513176,0.000119627282881,-23792.3309657,Nes10_dDFE.Exponential_div10
268,268,354.733853396,0.000110427468515,-23715.6793621,Nes10_dDFE.Exponential_div10
269,269,350.4829057,0.000112064227612,-23638.8547781,Nes10_dDFE.Exponential_div10
270,270,341.304723564,0.000115006176309,-23748.5486779,Nes10_dDFE.Exponential_div10
271,271,328.288988001,0.000122885201965,-23748.4226553,Nes10_dDFE.Exponential_div10
272,272,342.13052666,0.000114258086995,-23717.0689466,Nes10_dDFE.Exponential_div10
273,273,362.282821379,0.000107205118836,-23680.3671562,Nes10_dDFE.Exponential_div10
274,274,335.55429606,0.000117934193907,-23702.8549351,Nes10_dDFE.Exponential_div10
275,275,307.734829457,0.000130771420214,-23737.0698933,Nes10_dDFE.Exponential_div10
276,276,317.226358534,0.000126507646013,-23687.6899723,Nes10_dDFE.Exponential_div10
277,277,324.619410293,0.000121079318408,-23793.2119303,Nes10_dDFE.Exponential_div10
278,278,335.018190332,0.000117823005131,-23796.5845121,Nes10_dDFE.Exponential_div10
279,279,328.061404368,0.000120593418031,-23737.7562926,Nes10_dDFE.Exponential_div10
280,280,312.38738101,0.000129584846024,-23697.9020792,Nes10_dDFE.Exponential_div10
281,281,321.793898481,0.000124562210831,-23745.8610663,Nes10_dDFE.Exponential_div10
282,282,324.478950542,0.000124236058402,-23722.7092744,Nes10_dDFE.Exponential_div10
283,283,338.84689843,0.0001156538798,-23682.9966711,Nes10_dDFE.Exponential_div10
284,284,343.866829956,0.000112425927819,-23722.9225607,Nes10_dDFE.Exponential_div10
285,285,348.733638007,0.000111980878745,-23748.353579,Nes10_dDFE.Exponential_div10
286,286,349.25215951,0.00011152098671,-23833.0579184,Nes10_dDFE.Exponential_div10
287,287,345.998463062,0.000112511579908,-23728.3711444,Nes10_dDFE.Exponential_div10
288,288,337.788555039,0.000117938542516,-23749.9671615,Nes10_dDFE.Exponential_div10
289,289,335.29767678,0.000116397449312,-23751.7744227,Nes10_dDFE.Exponential_div10
290,290,344.26741711,0.000115414825729,-23778.4578007,Nes10_dDFE.Exponential_div10
291,291,361.356449012,0.000105416068507,-23704.3210663,Nes10_dDFE.Exponential_div10
292,292,329.993986004,0.000119405322186,-23737.7684699,Nes10_dDFE.Exponential_div10
293,293,342.329592678,0.000116263042054,-23768.6448348,Nes10_dDFE.Exponential_div10
294,294,350.485238245,0.000108642254404,-23699.2773686,Nes10_dDFE.Exponential_div10
295,295,336.255889098,0.000115272430349,-23714.7646432,Nes10_dDFE.Exponential_div10
296,296,329.660336329,0.00011686802606,-23738.8272181,Nes10_dDFE.Exponential_div10
297,297,328.102536382,0.00012141668375,-23751.9341846,Nes10_dDFE.Exponential_div10
298,298,335.458668036,0.000116072814247,-23737.0191086,Nes10_dDFE.Exponential_div10
299,299,333.105230138,0.000118256301934,-23709.2519931,Nes10_dDFE.Exponential_div10
300,300,348.276185275,0.000111687511956,-23783.3254443,Nes10_dDFE.Exponential_div10
301,301,321.910027923,0.000126682218253,-23718.058877,Nes10_dDFE.Exponential_div10
302,302,338.691503901,0.000118213323996,-23736.9299874,Nes10_dDFE.Exponential_div10
303,303,359.445479828,0.000106573906746,-23707.3666233,Nes10_dDFE.Exponential_div10
304,304,333.329242108,0.00012114239496,-23711.6028538,Nes10_dDFE.Exponential_div10
305,305,350.275827018,0.00011123304978,-23711.0145006,Nes10_dDFE.Exponential_div10
306,306,313.247478147,0.00012577540857,-23632.052491,Nes10_dDFE.Exponential_div10
307,307,335.55149159,0.000118843229851,-23835.2604811,Nes10_dDFE.Exponential_div10
308,308,342.590651512,0.000114113153331,-23699.9224602,Nes10_dDFE.Exponential_div10
309,309,333.885593135,0.000119380051186,-23710.2696713,Nes10_dDFE.Exponential_div10
310,310,320.641535759,0.000125935227784,-23712.8151882,Nes10_dDFE.Exponential_div10
311,311,339.285998845,0.00011613348576,-23704.4280735,Nes10_dDFE.Exponential_div10
312,312,341.045017829,0.000113534530617,-23730.9819827,Nes10_dDFE.Exponential_div10
313,313,360.969454721,0.000104957122467,-23655.6966766,Nes10_dDFE.Exponential_div10
314,314,321.378623442,0.000125681836521,-23739.5130487,Nes10_dDFE.Exponential_div10
315,315,346.490117058,0.000110916803509,-23702.2302318,Nes10_dDFE.Exponential_div10
316,316,329.830397398,0.000119207877073,-23659.7512798,Nes10_dDFE.Exponential_div10
317,317,321.079041635,0.00012592365508,-23638.6222134,Nes10_dDFE.Exponential_div10
318,318,350.736955104,0.000108895996307,-23750.5653101,Nes10_dDFE.Exponential_div10
319,319,340.593561389,0.00011482310673,-23722.2824778,Nes10_dDFE.Exponential_div10
320,320,342.010349292,0.000114400188701,-23778.7311673,Nes10_dDFE.Exponential_div10
321,321,1.11022302473e-10,0.347806783604,89571.9509998,Nes10_dDFE.Exponential_div10
322,322,317.385231583,0.000125763374076,-23781.595866,Nes10_dDFE.Exponential_div10
323,323,334.172946478,0.00011707863685,-23701.6383914,Nes10_dDFE.Exponential_div10
324,324,337.862341362,0.000118049167001,-23730.6253991,Nes10_dDFE.Exponential_div10
325,325,333.816289546,0.000122328009381,-23731.0060452,Nes10_dDFE.Exponential_div10
326,326,341.700556912,0.000118459633722,-23724.27297,Nes10_dDFE.Exponential_div10
327,327,349.416406174,0.000110854984336,-23682.0366557,Nes10_dDFE.Exponential_div10
328,328,350.796880256,0.000111472293167,-23731.0195459,Nes10_dDFE.Exponential_div10
329,329,325.299192535,0.000121554586879,-23689.8016282,Nes10_dDFE.Exponential_div10
330,330,353.135916723,0.000109738634639,-23713.042347,Nes10_dDFE.Exponential_div10
331,331,331.460498248,0.00012014722588,-23685.8296035,Nes10_dDFE.Exponential_div10
332,332,331.07267975,0.00011840495355,-23706.8811548,Nes10_dDFE.Exponential_div10
333,333,367.75303487,0.000105925676642,-23788.9664332,Nes10_dDFE.Exponential_div10
334,334,319.266629348,0.000127254732281,-23733.129381,Nes10_dDFE.Exponential_div10
335,335,342.296144827,0.000112221023416,-23689.6177362,Nes10_dDFE.Exponential_div10
336,336,355.202607988,0.000112994159953,-23794.5684884,Nes10_dDFE.Exponential_div10
337,337,338.403474333,0.000114914489468,-23737.775246,Nes10_dDFE.Exponential_div10
338,338,337.167329722,0.000114863781898,-23720.7694764,Nes10_dDFE.Exponential_div10
339,339,315.589344477,0.000128235240667,-23774.0387582,Nes10_dDFE.Exponential_div10
340,340,328.230405186,0.000121833986956,-23709.8144949,Nes10_dDFE.Exponential_div10
341,341,326.760696778,0.00012331269455,-23823.7001322,Nes10_dDFE.Exponential_div10
342,342,342.763583547,0.000114399049081,-23713.55516,Nes10_dDFE.Exponential_div10
343,343,333.899770535,0.00011824069946,-23767.557035,Nes10_dDFE.Exponential_div10
344,344,343.333422617,0.000115131006887,-23772.4019672,Nes10_dDFE.Exponential_div10
345,345,339.921180899,0.000113641768928,-23756.2749783,Nes10_dDFE.Exponential_div10
346,346,317.863548919,0.000127669256524,-23708.6354253,Nes10_dDFE.Exponential_div10
347,347,326.406966217,0.000121088544663,-23716.8330507,Nes10_dDFE.Exponential_div10
348,348,333.615242506,0.000116205439429,-23702.4285322,Nes10_dDFE.Exponential_div10
349,349,339.344663703,0.000115858812206,-23727.4213696,Nes10_dDFE.Exponential_div10
350,350,318.714626771,0.000124787187968,-23748.6457941,Nes10_dDFE.Exponential_div10
351,351,354.205902947,0.000108940696221,-23696.372629,Nes10_dDFE.Exponential_div10
352,352,312.132805398,0.000129627572215,-23710.8660815,Nes10_dDFE.Exponential_div10
353,353,351.323181985,0.000109259770455,-23662.899195,Nes10_dDFE.Exponential_div10
354,354,343.857190771,0.000113105307671,-23772.834719,Nes10_dDFE.Exponential_div10
355,355,351.973264005,0.000109230967671,-23668.2231366,Nes10_dDFE.Exponential_div10
356,356,349.733721268,0.000112343263988,-23763.1893556,Nes10_dDFE.Exponential_div10
357,357,334.201123061,0.000118598834373,-23727.1759122,Nes10_dDFE.Exponential_div10
358,358,344.415463622,0.000117321596644,-23825.4899643,Nes10_dDFE.Exponential_div10
359,359,333.02153202,0.000116748667682,-23695.6553927,Nes10_dDFE.Exponential_div10
360,360,338.846228251,0.000116497609777,-23748.885915,Nes10_dDFE.Exponential_div10
361,361,338.737665919,0.000114937570773,-23739.4525757,Nes10_dDFE.Exponential_div10
362,362,332.752715017,0.000116172356111,-23713.0369307,Nes10_dDFE.Exponential_div10
363,363,343.613798061,0.000114631598205,-23694.1108054,Nes10_dDFE.Exponential_div10
364,364,325.886315212,0.000123695000039,-23733.2233469,Nes10_dDFE.Exponential_div10
365,365,334.252163039,0.000117014792165,-23780.9253176,Nes10_dDFE.Exponential_div10
366,366,329.506387833,0.000120658874638,-23674.2241266,Nes10_dDFE.Exponential_div10
367,367,336.480784604,0.00011786003836,-23704.6087547,Nes10_dDFE.Exponential_div10
368,368,333.178441291,0.000121206525508,-23763.7818855,Nes10_dDFE.Exponential_div10
369,369,337.012441979,0.000117435535283,-23725.5054928,Nes10_dDFE.Exponential_div10
370,370,348.302250305,0.000109967078756,-23818.614473,Nes10_dDFE.Exponential_div10
371,371,321.782074544,0.000125228495448,-23673.0769976,Nes10_dDFE.Exponential_div10
372,372,326.245143243,0.000125086142359,-23787.9567991,Nes10_dDFE.Exponential_div10
373,373,335.240398208,0.000115149749425,-23702.3837446,Nes10_dDFE.Exponential_div10
374,374,341.407352964,0.000115485238934,-23667.1346062,Nes10_dDFE.Exponential_div10
375,375,345.310659848,0.000111353083968,-23663.8397469,Nes10_dDFE.Exponential_div10
376,376,336.53270541,0.000116670106411,-23661.5764547,Nes10_dDFE.Exponential_div10
377,377,341.65671573,0.000112965901851,-23703.8782866,Nes10_dDFE.Exponential_div10
378,378,335.227691792,0.000116275504414,-23741.9169346,Nes10_dDFE.Exponential_div10
379,379,335.180374626,0.000119268713674,-23765.9076644,Nes10_dDFE.Exponential_div10
380,380,348.902150734,0.000111359778071,-23780.8300542,Nes10_dDFE.Exponential_div10
381,381,325.678143118,0.000123076383246,-23761.6312367,Nes10_dDFE.Exponential_div10
382,382,349.749301514,0.000111755002623,-23727.7490763,Nes10_dDFE.Exponential_div10
383,383,337.865879322,0.000113507355426,-23733.6808515,Nes10_dDFE.Exponential_div10
384,384,310.992136407,0.00013122919547,-23758.4363217,Nes10_dDFE.Exponential_div10
385,385,328.577479488,0.000120856659391,-23761.1629151,Nes10_dDFE.Exponential_div10
386,386,325.068502474,0.000122152230651,-23738.8566581,Nes10_dDFE.Exponential_div10
387,387,344.35751114,0.000113163745354,-23756.4781418,Nes10_dDFE.Exponential_div10
388,388,344.178342805,0.000112414041097,-23756.1800595,Nes10_dDFE.Exponential_div10
389,389,323.096614614,0.000123565811992,-23687.8609623,Nes10_dDFE.Exponential_div10
390,390,329.176202212,0.000120776812666,-23714.3996315,Nes10_dDFE.Exponential_div10
391,391,355.433728423,0.0001075701084,-23759.0459749,Nes10_dDFE.Exponential_div10
392,392,319.346650367,0.00012748766659,-23716.4989494,Nes10_dDFE.Exponential_div10
393,393,329.076049128,0.000119728430851,-23669.6727102,Nes10_dDFE.Exponential_div10
394,394,319.099303701,0.000128005333085,-23784.0580089,Nes10_dDFE.Exponential_div10
395,395,338.903025673,0.000114932756806,-23643.5944916,Nes10_dDFE.Exponential_div10
396,396,350.423222312,0.000108860491352,-23725.1729286,Nes10_dDFE.Exponential_div10
397,397,352.96203204,0.000106828584256,-23727.0798497,Nes10_dDFE.Exponential_div10
398,398,353.481282808,0.000109208846989,-23677.2017825,Nes10_dDFE.Exponential_div10
399,399,318.20154235,0.000127073865844,-23714.0780243,Nes10_dDFE.Exponential_div10
400,400,350.506326145,0.000111362414341,-23730.250664,Nes10_dDFE.Exponential_div10
401,401,340.023729826,0.000114540149568,-23743.8693988,Nes10_dDFE.Exponential_div10
402,402,327.723245524,0.000120836653321,-23725.350201,Nes10_dDFE.Exponential_div10
403,403,323.424195461,0.000120208088012,-23679.592054,Nes10_dDFE.Exponential_div10
404,404,331.537374929,0.000120005988834,-23680.0040655,Nes10_dDFE.Exponential_div10
405,405,317.833210277,0.000126374710593,-23747.778636,Nes10_dDFE.Exponential_div10
406,406,334.940773412,0.000117883861699,-23710.6827031,Nes10_dDFE.Exponential_div10
407,407,334.883165785,0.00011789327519,-23697.1712083,Nes10_dDFE.Exponential_div10
408,408,346.917367585,0.00011404392718,-23758.2050978,Nes10_dDFE.Exponential_div10
409,409,325.454348782,0.000120232933692,-23733.6492046,Nes10_dDFE.Exponential_div10
410,410,325.885529128,0.000119585036692,-23701.1377937,Nes10_dDFE.Exponential_div10
411,411,355.18095896,0.000109122094105,-23755.2629964,Nes10_dDFE.Exponential_div10
412,412,329.153992786,0.000119173796848,-23716.8024076,Nes10_dDFE.Exponential_div10
413,413,332.593097447,0.000116026510792,-23713.9872198,Nes10_dDFE.Exponential_div10
414,414,342.626779209,0.000116267093356,-23740.2335064,Nes10_dDFE.Exponential_div10
415,415,327.714845869,0.000119396842911,-23808.7192174,Nes10_dDFE.Exponential_div10
416,416,332.913225878,0.000119738949092,-23699.6719103,Nes10_dDFE.Exponential_div10
417,417,335.890389396,0.000119341244453,-23780.3403133,Nes10_dDFE.Exponential_div10
418,418,333.624046914,0.000116745570387,-23664.3827777,Nes10_dDFE.Exponential_div10
419,419,338.462462049,0.000119028405737,-23686.1226663,Nes10_dDFE.Exponential_div10
420,420,331.876538949,0.00012009216592,-23787.7391341,Nes10_dDFE.Exponential_div10
421,421,330.238205996,0.000122488146819,-23752.9696093,Nes10_dDFE.Exponential_div10
422,422,323.105158578,0.000123052203571,-23672.9738211,Nes10_dDFE.Exponential_div10
423,423,332.524848326,0.000121445340908,-23711.715918,Nes10_dDFE.Exponential_div10
424,424,335.79686434,0.000118554663662,-23736.8906433,Nes10_dDFE.Exponential_div10
425,425,307.082587339,0.000131277431979,-23762.8152842,Nes10_dDFE.Exponential_div10
426,426,334.759256145,0.00011734251847,-23677.7291064,Nes10_dDFE.Exponential_div10
427,427,363.851578966,0.000104362715541,-23750.4380535,Nes10_dDFE.Exponential_div10
428,428,344.599444084,0.000112058924417,-23705.0204019,Nes10_dDFE.Exponential_div10
429,429,368.525642961,0.000103691024911,-23698.0189646,Nes10_dDFE.Exponential_div10
430,430,348.699537017,0.000111639703215,-23696.795109,Nes10_dDFE.Exponential_div10
431,431,337.532105009,0.000115762146862,-23745.3317879,Nes10_dDFE.Exponential_div10
432,432,361.100295055,0.000108194182536,-23784.3938476,Nes10_dDFE.Exponential_div10
433,433,314.944772077,0.000126830913178,-23737.1336451,Nes10_dDFE.Exponential_div10
434,434,357.652239539,0.000107783975961,-23710.7845044,Nes10_dDFE.Exponential_div10
435,435,343.347866566,0.00011448721698,-23733.5032016,Nes10_dDFE.Exponential_div10
436,436,337.588976686,0.000115945959588,-23808.3704557,Nes10_dDFE.Exponential_div10
437,437,335.213574168,0.00011821949166,-23721.6959639,Nes10_dDFE.Exponential_div10
438,438,302.61698346,0.000135600913725,-23717.5892928,Nes10_dDFE.Exponential_div10
439,439,328.199137489,0.000121154215068,-23727.8461726,Nes10_dDFE.Exponential_div10
440,440,335.840180852,0.000118936564139,-23764.281097,Nes10_dDFE.Exponential_div10
441,441,354.286299974,0.000107173565861,-23789.3369613,Nes10_dDFE.Exponential_div10
442,442,352.239148428,0.000109964689666,-23723.9008098,Nes10_dDFE.Exponential_div10
443,443,354.098758446,0.00010932783782,-23713.0652538,Nes10_dDFE.Exponential_div10
444,444,358.297402667,0.000107341018429,-23827.506852,Nes10_dDFE.Exponential_div10
445,445,358.921342182,0.00010524205287,-23756.2900186,Nes10_dDFE.Exponential_div10
446,446,310.848015499,0.000128671646283,-23737.4319134,Nes10_dDFE.Exponential_div10
447,447,346.600014212,0.000110002246047,-23743.1248038,Nes10_dDFE.Exponential_div10
448,448,334.702603584,0.000115477895976,-23795.4700632,Nes10_dDFE.Exponential_div10
449,449,348.212169189,0.00011282565539,-23778.3141709,Nes10_dDFE.Exponential_div10
450,450,339.632583508,0.000117205125928,-23736.0117423,Nes10_dDFE.Exponential_div10
451,451,347.966046249,0.000113385341166,-23703.6026566,Nes10_dDFE.Exponential_div10
452,452,331.016097576,0.000120135740664,-23687.5813944,Nes10_dDFE.Exponential_div10
453,453,337.908039166,0.000117181948094,-23684.0700505,Nes10_dDFE.Exponential_div10
454,454,331.30736872,0.000120479539959,-23733.3321914,Nes10_dDFE.Exponential_div10
455,455,340.147808779,0.000111943134976,-23636.4588057,Nes10_dDFE.Exponential_div10
456,456,341.944911537,0.000114964983962,-23727.3628634,Nes10_dDFE.Exponential_div10
457,457,353.063038932,0.000111823926995,-23663.101026,Nes10_dDFE.Exponential_div10
458,458,319.711251229,0.000126298088057,-23833.556706,Nes10_dDFE.Exponential_div10
459,459,338.716986468,0.000114551887953,-23755.2062972,Nes10_dDFE.Exponential_div10
460,460,337.77796721,0.000114064174602,-23702.1988247,Nes10_dDFE.Exponential_div10
461,461,343.481930551,0.000111767798834,-23642.5167531,Nes10_dDFE.Exponential_div10
462,462,338.630284788,0.000118158738516,-23731.3186424,Nes10_dDFE.Exponential_div10
463,463,343.827331338,0.000114791063808,-23713.0090087,Nes10_dDFE.Exponential_div10
464,464,335.068824687,0.000115911297402,-23759.1218818,Nes10_dDFE.Exponential_div10
465,465,334.905683082,0.000118055759208,-23759.6221944,Nes10_dDFE.Exponential_div10
466,466,318.512807834,0.000124704515689,-23789.4231308,Nes10_dDFE.Exponential_div10
467,467,334.399964634,0.000118066395231,-23780.3922842,Nes10_dDFE.Exponential_div10
468,468,335.031845759,0.000119628212728,-23701.1352303,Nes10_dDFE.Exponential_div10
469,469,338.321625981,0.000114997144196,-23652.178989,Nes10_dDFE.Exponential_div10
470,470,332.904166119,0.000119932756248,-23786.0194365,Nes10_dDFE.Exponential_div10
471,471,356.355127561,0.000105408716348,-23705.4654786,Nes10_dDFE.Exponential_div10
472,472,340.089596445,0.000112775275435,-23738.6035772,Nes10_dDFE.Exponential_div10
473,473,319.423978879,0.000125151047781,-23762.7010024,Nes10_dDFE.Exponential_div10
474,474,360.487260676,0.000104113072667,-23771.4220812,Nes10_dDFE.Exponential_div10
475,475,313.178871722,0.000129914798108,-23740.4117377,Nes10_dDFE.Exponential_div10
476,476,335.489365206,0.000115817399456,-23740.1571052,Nes10_dDFE.Exponential_div10
477,477,339.883077959,0.000116042684445,-23755.9966261,Nes10_dDFE.Exponential_div10
478,478,327.649170121,0.000119778099448,-23665.7823813,Nes10_dDFE.Exponential_div10
479,479,347.91257429,0.000112721584851,-23675.1778498,Nes10_dDFE.Exponential_div10
480,480,343.238671806,0.000114457278768,-23849.5151845,Nes10_dDFE.Exponential_div10
481,481,324.619115956,0.000121215933246,-23731.0865867,Nes10_dDFE.Exponential_div10
482,482,328.762806619,0.000119942475201,-23742.9840773,Nes10_dDFE.Exponential_div10
483,483,336.367440279,0.000117324191182,-23704.4358306,Nes10_dDFE.Exponential_div10
484,484,341.258544448,0.000115355015882,-23698.6099938,Nes10_dDFE.Exponential_div10
485,485,352.5842969,0.00011039086098,-23641.3238063,Nes10_dDFE.Exponential_div10
486,486,336.519656538,0.000115584345712,-23780.3884162,Nes10_dDFE.Exponential_div10
487,487,333.200963111,0.000117771913119,-23813.8844477,Nes10_dDFE.Exponential_div10
488,488,346.25710242,0.000116016396442,-23767.2726821,Nes10_dDFE.Exponential_div10
489,489,321.95624488,0.000124059327325,-23712.7740438,Nes10_dDFE.Exponential_div10
490,490,325.4514028,0.000123966999507,-23718.5308237,Nes10_dDFE.Exponential_div10
491,491,329.112729184,0.000120591738754,-23686.8819412,Nes10_dDFE.Exponential_div10
492,492,332.311947831,0.000121265681252,-23758.3187099,Nes10_dDFE.Exponential_div10
493,493,335.031717435,0.000115160963405,-23732.7462998,Nes10_dDFE.Exponential_div10
494,494,332.967424244,0.000118258821637,-23731.9114448,Nes10_dDFE.Exponential_div10
495,495,333.879372412,0.000117293185114,-23758.1417305,Nes10_dDFE.Exponential_div10
496,496,329.460629103,0.000121299809174,-23715.7020711,Nes10_dDFE.Exponential_div10
497,497,340.670822287,0.000117381989556,-23679.3234148,Nes10_dDFE.Exponential_div10
498,498,337.829510638,0.000115461053821,-23706.9310682,Nes10_dDFE.Exponential_div10
499,499,339.013073003,0.00011677756342,-23741.0117969,Nes10_dDFE.Exponential_div10
500,500,328.452060663,0.000123979494627,-23766.4037129,Nes10_dDFE.Exponential_div10
501,501,346.344168814,0.000112909417366,-23683.3600355,Nes10_dDFE.Exponential_div10
502,502,351.649968794,0.000109518292498,-23804.9872425,Nes10_dDFE.Exponential_div10
503,503,320.76705041,0.00012310823465,-23702.8102743,Nes10_dDFE.Exponential_div10
504,504,338.810140131,0.000117048823689,-23717.9240476,Nes10_dDFE.Exponential_div10
505,505,312.611005015,0.000128465353908,-23721.5408306,Nes10_dDFE.Exponential_div10
506,506,350.503919564,0.000112453742799,-23776.8576535,Nes10_dDFE.Exponential_div10
507,507,346.153939897,0.00011136292061,-23683.1750849,Nes10_dDFE.Exponential_div10
508,508,326.535479774,0.000121797905031,-23770.5871527,Nes10_dDFE.Exponential_div10
509,509,328.995227226,0.000117450699439,-23703.5177932,Nes10_dDFE.Exponential_div10
510,510,336.327847987,0.000117366350243,-23710.4448506,Nes10_dDFE.Exponential_div10
511,511,356.502190152,0.000107010644038,-23710.2520095,Nes10_dDFE.Exponential_div10
512,512,344.103379145,0.000114143821472,-23738.7160461,Nes10_dDFE.Exponential_div10
513,513,337.331987176,0.000115942355287,-23705.4100591,Nes10_dDFE.Exponential_div10
514,514,350.708215542,0.000113206148735,-23740.0305902,Nes10_dDFE.Exponential_div10
515,515,348.480864534,0.000110192713734,-23778.1423501,Nes10_dDFE.Exponential_div10
516,516,323.874822013,0.000123498363484,-23677.0575296,Nes10_dDFE.Exponential_div10
517,517,327.046196942,0.000119458896954,-23719.8756622,Nes10_dDFE.Exponential_div10
518,518,350.195228868,0.000108970955053,-23759.0227885,Nes10_dDFE.Exponential_div10
519,519,329.682850169,0.00012105594809,-23726.3503524,Nes10_dDFE.Exponential_div10
520,520,337.226673124,0.000116354781741,-23744.6787953,Nes10_dDFE.Exponential_div10
521,521,334.512403821,0.000118831470433,-23726.5985408,Nes10_dDFE.Exponential_div10
522,522,326.522839096,0.000123276671453,-23729.9187184,Nes10_dDFE.Exponential_div10
523,523,345.104029194,0.000111234190607,-23711.8728482,Nes10_dDFE.Exponential_div10
524,524,346.581601665,0.00011260068581,-23754.8444427,Nes10_dDFE.Exponential_div10
525,525,334.583506423,0.000117908370136,-23700.9626952,Nes10_dDFE.Exponential_div10
526,526,329.651647525,0.00012039103754,-23759.4412572,Nes10_dDFE.Exponential_div10
527,527,331.673883214,0.000118962478185,-23748.4277932,Nes10_dDFE.Exponential_div10
528,528,332.88288246,0.000117722105935,-23725.2283502,Nes10_dDFE.Exponential_div10
529,529,331.899936261,0.000120006736564,-23764.0966573,Nes10_dDFE.Exponential_div10
530,530,340.550192827,0.0001146672734,-23783.3673043,Nes10_dDFE.Exponential_div10
531,531,317.644358501,0.00012803144772,-23730.2957132,Nes10_dDFE.Exponential_div10
532,532,335.682427123,0.000116388770352,-23720.3496432,Nes10_dDFE.Exponential_div10
533,533,338.784242695,0.000114754487805,-23693.3346977,Nes10_dDFE.Exponential_div10
534,534,334.027818719,0.000116524091556,-23694.6555007,Nes10_dDFE.Exponential_div10
535,535,327.410715647,0.000122089465629,-23756.5343645,Nes10_dDFE.Exponential_div10
536,536,342.577174725,0.000113559741124,-23725.9411398,Nes10_dDFE.Exponential_div10
537,537,326.113699265,0.000123366753182,-23782.9678894,Nes10_dDFE.Exponential_div10
538,538,332.6454118,0.000119493006702,-23650.665112,Nes10_dDFE.Exponential_div10
539,539,319.635133125,0.000124272054134,-23732.525613,Nes10_dDFE.Exponential_div10
540,540,332.96720174,0.000119788778408,-23660.3296627,Nes10_dDFE.Exponential_div10
541,541,335.972165826,0.000118124078482,-23736.0489069,Nes10_dDFE.Exponential_div10
542,542,334.408961955,0.00012054669016,-23687.9313656,Nes10_dDFE.Exponential_div10
543,543,358.281550801,0.000106682907252,-23757.6059911,Nes10_dDFE.Exponential_div10
544,544,342.82725624,0.000115666410005,-23670.0799036,Nes10_dDFE.Exponential_div10
545,545,344.071148289,0.000114664571821,-23737.9873493,Nes10_dDFE.Exponential_div10
546,546,335.704672701,0.000117092353811,-23714.1014699,Nes10_dDFE.Exponential_div10
547,547,331.677992769,0.000118310579751,-23735.3958367,Nes10_dDFE.Exponential_div10
548,548,343.302084707,0.000114273548772,-23792.6778868,Nes10_dDFE.Exponential_div10
549,549,360.131724289,0.000107311478044,-23719.5229802,Nes10_dDFE.Exponential_div10
550,550,315.587789736,0.000127990294566,-23662.0414493,Nes10_dDFE.Exponential_div10
551,551,343.498431638,0.000112471101694,-23702.1554506,Nes10_dDFE.Exponential_div10
552,552,329.946502481,0.000121020328899,-23733.404858,Nes10_dDFE.Exponential_div10
553,553,349.4805578,0.000112213822912,-23822.2969821,Nes10_dDFE.Exponential_div10
554,554,343.51722315,0.000115868008104,-23753.3119318,Nes10_dDFE.Exponential_div10
555,555,316.326673178,0.000125432148661,-23802.5949538,Nes10_dDFE.Exponential_div10
556,556,349.370789349,0.000111339705579,-23667.090846,Nes10_dDFE.Exponential_div10
557,557,343.559292238,0.000112026493213,-23663.6020911,Nes10_dDFE.Exponential_div10
558,558,341.319100744,0.000112525505875,-23696.3279728,Nes10_dDFE.Exponential_div10
559,559,319.413475633,0.000126905236575,-23793.1737733,Nes10_dDFE.Exponential_div10
560,560,313.12930313,0.000124432692602,-23784.7817726,Nes10_dDFE.Exponential_div10
561,561,336.951425742,0.000114354248814,-23704.3825542,Nes10_dDFE.Exponential_div10
562,562,328.37825731,0.000118846737952,-23721.5309769,Nes10_dDFE.Exponential_div10
563,563,345.973472885,0.000112185164585,-23787.9315712,Nes10_dDFE.Exponential_div10
564,564,334.594832369,0.000117174849486,-23754.1860035,Nes10_dDFE.Exponential_div10
565,565,326.831254803,0.000121305545922,-23722.0559333,Nes10_dDFE.Exponential_div10
566,566,334.264461793,0.000120003539604,-23794.1202494,Nes10_dDFE.Exponential_div10
567,567,361.477354068,0.000105157044117,-23742.0076969,Nes10_dDFE.Exponential_div10
568,568,321.304041177,0.000122473149451,-23711.6056791,Nes10_dDFE.Exponential_div10
569,569,338.061358488,0.000113631877317,-23711.8194894,Nes10_dDFE.Exponential_div10
570,570,341.342943599,0.000115153732684,-23691.0579854,Nes10_dDFE.Exponential_div10
571,571,340.210175327,0.000115937274845,-23695.6495592,Nes10_dDFE.Exponential_div10
572,572,338.905985702,0.000115707691807,-23732.713042,Nes10_dDFE.Exponential_div10
573,573,344.399088317,0.000110217386714,-23776.5629651,Nes10_dDFE.Exponential_div10
574,574,333.911638491,0.000123185337753,-23706.3161766,Nes10_dDFE.Exponential_div10
575,575,332.941739152,0.000115928301192,-23733.0791949,Nes10_dDFE.Exponential_div10
576,576,347.055259642,0.00011132774445,-23706.3920415,Nes10_dDFE.Exponential_div10
577,577,337.479679989,0.000115834177014,-23678.6040368,Nes10_dDFE.Exponential_div10
578,578,319.673814162,0.000126161352159,-23724.9831541,Nes10_dDFE.Exponential_div10
579,579,374.698955015,0.000102851313536,-23745.4611517,Nes10_dDFE.Exponential_div10
580,580,326.20630722,0.000122524133253,-23777.7262522,Nes10_dDFE.Exponential_div10
581,581,355.064148183,0.000106461360509,-23717.9817872,Nes10_dDFE.Exponential_div10
582,582,319.794881365,0.000125687950004,-23782.4848119,Nes10_dDFE.Exponential_div10
583,583,321.926742739,0.000125442818303,-23711.1005018,Nes10_dDFE.Exponential_div10
584,584,358.805174241,0.000106803123549,-23675.1729721,Nes10_dDFE.Exponential_div10
585,585,335.147716045,0.000116951852574,-23713.3486514,Nes10_dDFE.Exponential_div10
586,586,330.388851973,0.000122322224806,-23691.6509357,Nes10_dDFE.Exponential_div10
587,587,319.185642878,0.000125190914267,-23723.7421138,Nes10_dDFE.Exponential_div10
588,588,358.18100315,0.000110011823263,-23774.441114,Nes10_dDFE.Exponential_div10
589,589,346.388613773,0.000112919763961,-23698.1618859,Nes10_dDFE.Exponential_div10
590,590,325.755834307,0.000121765324891,-23771.6145913,Nes10_dDFE.Exponential_div10
591,591,333.10098935,0.000118332771652,-23727.5644624,Nes10_dDFE.Exponential_div10
592,592,328.335458534,0.000121845415842,-23694.4009496,Nes10_dDFE.Exponential_div10
593,593,339.213966649,0.000113735583394,-23711.5347605,Nes10_dDFE.Exponential_div10
594,594,329.922412632,0.000119580164862,-23728.8041775,Nes10_dDFE.Exponential_div10
595,595,1.11022302473e-10,0.894786942475,89571.9509998,Nes10_dDFE.Exponential_div10
596,596,328.407841409,0.000120024279474,-23717.1447322,Nes10_dDFE.Exponential_div10
597,597,329.424359842,0.000118749417913,-23706.9915813,Nes10_dDFE.Exponential_div10
598,598,327.884201782,0.000121081960727,-23674.5610139,Nes10_dDFE.Exponential_div10
599,599,336.061323744,0.000116796892326,-23696.1909932,Nes10_dDFE.Exponential_div10
600,600,346.858904027,0.000113579811586,-23714.8056578,Nes10_dDFE.Exponential_div10
601,601,329.545552365,0.000122807683584,-23704.4225963,Nes10_dDFE.Exponential_div10
602,602,338.083009106,0.000117750184963,-23757.2816329,Nes10_dDFE.Exponential_div10
603,603,341.200682438,0.000114880259821,-23719.9574786,Nes10_dDFE.Exponential_div10
604,604,345.897805407,0.000111463946341,-23705.5993432,Nes10_dDFE.Exponential_div10
605,605,343.488236043,0.000112049600339,-23672.1907755,Nes10_dDFE.Exponential_div10
606,606,335.550973549,0.000116242537558,-23789.3354006,Nes10_dDFE.Exponential_div10
607,607,313.762429741,0.000126414257093,-23763.7743946,Nes10_dDFE.Exponential_div10
608,608,351.225626617,0.000111305014506,-23759.7096089,Nes10_dDFE.Exponential_div10
609,609,339.424149275,0.000114351167101,-23764.9892575,Nes10_dDFE.Exponential_div10
610,610,320.116151971,0.000123767596396,-23759.1435938,Nes10_dDFE.Exponential_div10
611,611,330.044745719,0.000118909137155,-23753.0513259,Nes10_dDFE.Exponential_div10
612,612,330.074559442,0.000118788172965,-23744.1799491,Nes10_dDFE.Exponential_div10
613,613,336.147956108,0.000113974141795,-23714.0947878,Nes10_dDFE.Exponential_div10
614,614,345.020566784,0.000113943558137,-23709.3269312,Nes10_dDFE.Exponential_div10
615,615,332.042323958,0.000120278049464,-23733.7016912,Nes10_dDFE.Exponential_div10
616,616,356.675308495,0.000111175357632,-23669.6128725,Nes10_dDFE.Exponential_div10
617,617,339.70876745,0.000116942611018,-23748.5689931,Nes10_dDFE.Exponential_div10
618,618,334.426712635,0.000116561843726,-23705.6145045,Nes10_dDFE.Exponential_div10
619,619,324.69588251,0.000121303627199,-23795.7537186,Nes10_dDFE.Exponential_div10
620,620,325.484910453,0.000123331008064,-23806.5760782,Nes10_dDFE.Exponential_div10
621,621,323.479135139,0.000122944368812,-23776.5775637,Nes10_dDFE.Exponential_div10
622,622,313.198048732,0.000128587075627,-23777.6548107,Nes10_dDFE.Exponential_div10
623,623,325.314592234,0.000121362270331,-23799.0025057,Nes10_dDFE.Exponential_div10
624,624,346.98206361,0.000109109197729,-23741.5576617,Nes10_dDFE.Exponential_div10
625,625,319.437213902,0.000123956510335,-23751.4237017,Nes10_dDFE.Exponential_div10
626,626,353.479547557,0.000113441748486,-23719.7903788,Nes10_dDFE.Exponential_div10
627,627,338.129967161,0.000116608735866,-23767.697256,Nes10_dDFE.Exponential_div10
628,628,1.11022302473e-10,0.468564539235,89571.9509998,Nes10_dDFE.Exponential_div10
629,629,330.765767784,0.000120842797194,-23741.0875469,Nes10_dDFE.Exponential_div10
630,630,341.936244658,0.00011610757494,-23678.674925,Nes10_dDFE.Exponential_div10
631,631,351.540605158,0.000107575402412,-23756.6516019,Nes10_dDFE.Exponential_div10
632,632,338.043893435,0.000117556085147,-23769.9876183,Nes10_dDFE.Exponential_div10
633,633,342.848075128,0.000112844349834,-23776.8798533,Nes10_dDFE.Exponential_div10
634,634,333.720796435,0.000115082896316,-23684.7858066,Nes10_dDFE.Exponential_div10
635,635,325.780728728,0.000120475458154,-23696.9938701,Nes10_dDFE.Exponential_div10
636,636,322.586710442,0.00012149312993,-23702.493243,Nes10_dDFE.Exponential_div10
637,637,334.325392465,0.000116922053069,-23726.4916631,Nes10_dDFE.Exponential_div10
638,638,323.520871264,0.00012310634592,-23726.7454235,Nes10_dDFE.Exponential_div10
639,639,330.061946167,0.000120423220945,-23742.0753675,Nes10_dDFE.Exponential_div10
640,640,347.453055964,0.000110230030165,-23707.6950839,Nes10_dDFE.Exponential_div10
641,641,318.029156334,0.000127350524501,-23713.3263371,Nes10_dDFE.Exponential_div10
642,642,321.42758742,0.000123615777684,-23739.5442718,Nes10_dDFE.Exponential_div10
643,643,329.187943496,0.00011906016206,-23662.6104874,Nes10_dDFE.Exponential_div10
644,644,350.31661176,0.000110438185332,-23736.1995212,Nes10_dDFE.Exponential_div10
645,645,343.804849263,0.000112369455839,-23763.8727433,Nes10_dDFE.Exponential_div10
646,646,327.802508829,0.000121132479062,-23867.637375,Nes10_dDFE.Exponential_div10
647,647,330.3969298,0.000118515854307,-23691.0666856,Nes10_dDFE.Exponential_div10
648,648,345.099701941,0.000112597640857,-23727.7984369,Nes10_dDFE.Exponential_div10
649,649,347.555190624,0.000114142875806,-23810.581796,Nes10_dDFE.Exponential_div10
650,650,370.759787787,0.000101192401313,-23683.2799642,Nes10_dDFE.Exponential_div10
651,651,316.918508332,0.000123097645435,-23716.0629134,Nes10_dDFE.Exponential_div10
652,652,328.586480993,0.000120320569676,-23696.5813867,Nes10_dDFE.Exponential_div10
653,653,322.745847478,0.000120737743446,-23699.8228768,Nes10_dDFE.Exponential_div10
654,654,329.958543816,0.000118821892841,-23624.5946739,Nes10_dDFE.Exponential_div10
655,655,335.098748262,0.000118421117402,-23791.9152731,Nes10_dDFE.Exponential_div10
656,656,352.34078542,0.000108812596424,-23726.6374614,Nes10_dDFE.Exponential_div10
657,657,316.802353095,0.000128183999243,-23682.6157701,Nes10_dDFE.Exponential_div10
658,658,352.930133752,0.000113462072819,-23697.1202142,Nes10_dDFE.Exponential_div10
659,659,338.21929548,0.000116127305557,-23659.3915635,Nes10_dDFE.Exponential_div10
660,660,339.480520758,0.000117200370974,-23763.7760821,Nes10_dDFE.Exponential_div10
661,661,329.895839911,0.000119256817073,-23722.9822549,Nes10_dDFE.Exponential_div10
662,662,343.074312847,0.000111934676887,-23693.5481684,Nes10_dDFE.Exponential_div10
663,663,336.134768694,0.000117423164546,-23710.0039194,Nes10_dDFE.Exponential_div10
664,664,326.655718989,0.000123076511736,-23686.18422,Nes10_dDFE.Exponential_div10
665,665,355.429909602,0.00010823051272,-23707.1827753,Nes10_dDFE.Exponential_div10
666,666,318.303162498,0.000126212866154,-23748.1473626,Nes10_dDFE.Exponential_div10
667,667,333.453744836,0.000117954308419,-23695.0377786,Nes10_dDFE.Exponential_div10
668,668,349.541129843,0.000110119376808,-23794.903441,Nes10_dDFE.Exponential_div10
669,669,337.158153304,0.000116852378989,-23705.3586107,Nes10_dDFE.Exponential_div10
670,670,352.57269118,0.000108322435454,-23787.3342821,Nes10_dDFE.Exponential_div10
671,671,322.725965631,0.000124116365041,-23667.8759351,Nes10_dDFE.Exponential_div10
672,672,331.033992661,0.000118788415533,-23753.7558157,Nes10_dDFE.Exponential_div10
673,673,333.039568589,0.000116365966482,-23662.8830519,Nes10_dDFE.Exponential_div10
674,674,318.356026093,0.000122566858047,-23718.6586354,Nes10_dDFE.Exponential_div10
675,675,326.497051929,0.000117889014947,-23694.6672982,Nes10_dDFE.Exponential_div10
676,676,349.546943079,0.000109899872332,-23713.0364757,Nes10_dDFE.Exponential_div10
677,677,339.370965592,0.000113609408405,-23767.4465517,Nes10_dDFE.Exponential_div10
678,678,335.579061345,0.000114618644075,-23656.1023103,Nes10_dDFE.Exponential_div10
679,679,334.036567276,0.00011872697846,-23781.7071131,Nes10_dDFE.Exponential_div10
680,680,331.255315197,0.000120047350217,-23751.6063165,Nes10_dDFE.Exponential_div10
681,681,339.499988471,0.000115301659982,-23693.6658382,Nes10_dDFE.Exponential_div10
682,682,330.393386631,0.000121121941042,-23788.9661681,Nes10_dDFE.Exponential_div10
683,683,328.95446338,0.000120626472662,-23730.9840187,Nes10_dDFE.Exponential_div10
684,684,342.507623083,0.000111917918414,-23668.8980978,Nes10_dDFE.Exponential_div10
685,685,362.648046039,0.00010655292453,-23720.9488381,Nes10_dDFE.Exponential_div10
686,686,327.435106003,0.000123707070112,-23722.8239087,Nes10_dDFE.Exponential_div10
687,687,320.909861311,0.000125703884099,-23742.8498709,Nes10_dDFE.Exponential_div10
688,688,326.018997453,0.000122428077438,-23714.7482026,Nes10_dDFE.Exponential_div10
689,689,326.069352019,0.000121531789033,-23784.9028384,Nes10_dDFE.Exponential_div10
690,690,360.563603614,0.000106596918363,-23658.9466532,Nes10_dDFE.Exponential_div10
691,691,348.316907634,0.000109801812118,-23739.9796116,Nes10_dDFE.Exponential_div10
692,692,350.028211824,0.000111558816375,-23708.3902974,Nes10_dDFE.Exponential_div10
693,693,341.513221643,0.000115150980154,-23766.7772428,Nes10_dDFE.Exponential_div10
694,694,323.31312624,0.000124572792194,-23733.9968062,Nes10_dDFE.Exponential_div10
695,695,351.717396802,0.000109941275379,-23764.4363549,Nes10_dDFE.Exponential_div10
696,696,347.956847259,0.000111548686573,-23773.2707138,Nes10_dDFE.Exponential_div10
697,697,358.50239533,0.000106555070805,-23668.0424821,Nes10_dDFE.Exponential_div10
698,698,343.59611062,0.000113816280164,-23637.5357787,Nes10_dDFE.Exponential_div10
699,699,324.37047114,0.000121993097331,-23765.8697222,Nes10_dDFE.Exponential_div10
700,700,337.9144447,0.000115539450941,-23711.6206491,Nes10_dDFE.Exponential_div10
701,701,322.926399042,0.000123546910572,-23681.0655422,Nes10_dDFE.Exponential_div10
702,702,334.502604921,0.000118297685532,-23764.6949697,Nes10_dDFE.Exponential_div10
703,703,346.80928006,0.000113818086487,-23801.8318313,Nes10_dDFE.Exponential_div10
704,704,313.432819415,0.00013013975243,-23744.6141994,Nes10_dDFE.Exponential_div10
705,705,319.42219743,0.00012462959383,-23731.4466993,Nes10_dDFE.Exponential_div10
706,706,333.25798436,0.000118254255385,-23754.2818818,Nes10_dDFE.Exponential_div10
707,707,338.753371303,0.000115831618612,-23704.9955438,Nes10_dDFE.Exponential_div10
708,708,332.434300324,0.000121843051686,-23778.78022,Nes10_dDFE.Exponential_div10
709,709,357.805375694,0.000108108890828,-23756.0529235,Nes10_dDFE.Exponential_div10
710,710,352.362167125,0.00010849017463,-23670.1615457,Nes10_dDFE.Exponential_div10
711,711,333.216565411,0.000118543515841,-23682.4622685,Nes10_dDFE.Exponential_div10
712,712,344.993201047,0.000112288723202,-23769.8808985,Nes10_dDFE.Exponential_div10
713,713,314.245741482,0.000128669389576,-23700.2522067,Nes10_dDFE.Exponential_div10
714,714,328.366936052,0.000120889076836,-23710.6400947,Nes10_dDFE.Exponential_div10
715,715,343.41265824,0.000113691110923,-23752.8123114,Nes10_dDFE.Exponential_div10
716,716,334.441485643,0.000116536431709,-23759.1739697,Nes10_dDFE.Exponential_div10
717,717,350.837936108,0.000112017720318,-23681.3769574,Nes10_dDFE.Exponential_div10
718,718,343.236595709,0.000114298416683,-23759.8438308,Nes10_dDFE.Exponential_div10
719,719,326.281553112,0.0001231039446,-23788.8770251,Nes10_dDFE.Exponential_div10
720,720,357.770067086,0.00010739739142,-23828.5551714,Nes10_dDFE.Exponential_div10
721,721,338.78325883,0.000113961048659,-23539.8813603,Nes10_dDFE.Exponential_div10
722,722,364.374948457,0.000105603068984,-23723.2922316,Nes10_dDFE.Exponential_div10
723,723,354.976472016,0.000106522386306,-23753.401623,Nes10_dDFE.Exponential_div10
724,724,344.0915842,0.000112236451327,-23766.2768668,Nes10_dDFE.Exponential_div10
725,725,334.4332587,0.000117825461139,-23689.8986091,Nes10_dDFE.Exponential_div10
726,726,335.137629587,0.000116158630126,-23828.4736446,Nes10_dDFE.Exponential_div10
727,727,323.169642533,0.000122373906887,-23693.8674754,Nes10_dDFE.Exponential_div10
728,728,352.680985243,0.000111500788855,-23741.4354963,Nes10_dDFE.Exponential_div10
729,729,338.561265088,0.000117653867135,-23688.1678736,Nes10_dDFE.Exponential_div10
730,730,329.28581839,0.000119122895973,-23674.9452392,Nes10_dDFE.Exponential_div10
731,731,318.328262192,0.000125856678845,-23747.6833632,Nes10_dDFE.Exponential_div10
732,732,335.977678655,0.000115651906067,-23723.4701328,Nes10_dDFE.Exponential_div10
733,733,331.278706532,0.000119314497048,-23757.0529076,Nes10_dDFE.Exponential_div10
734,734,364.2859464,0.000105357689898,-23752.7360196,Nes10_dDFE.Exponential_div10
735,735,358.909508692,0.000105569248346,-23645.2081399,Nes10_dDFE.Exponential_div10
736,736,319.70670119,0.000122214423906,-23770.1777477,Nes10_dDFE.Exponential_div10
737,737,346.779372231,0.000114418031647,-23756.4916532,Nes10_dDFE.Exponential_div10
738,738,324.191970441,0.000123608151585,-23676.5539143,Nes10_dDFE.Exponential_div10
739,739,344.513780006,0.000113631143419,-23692.1498329,Nes10_dDFE.Exponential_div10
740,740,320.407056533,0.000123467985738,-23760.3834915,Nes10_dDFE.Exponential_div10
741,741,324.487574044,0.000119385365311,-23732.7076535,Nes10_dDFE.Exponential_div10
742,742,335.426039755,0.000118277479154,-23789.4281003,Nes10_dDFE.Exponential_div10
743,743,334.316627716,0.000115338205155,-23721.0092183,Nes10_dDFE.Exponential_div10
744,744,330.509864875,0.000121242504619,-23745.5354962,Nes10_dDFE.Exponential_div10
745,745,358.652550347,0.000106914012838,-23761.5090059,Nes10_dDFE.Exponential_div10
746,746,337.008585142,0.000115820695297,-23736.5723962,Nes10_dDFE.Exponential_div10
747,747,365.705648031,0.00010483104405,-23748.2205011,Nes10_dDFE.Exponential_div10
748,748,327.448725067,0.000121307625827,-23678.8264976,Nes10_dDFE.Exponential_div10
749,749,348.075078289,0.000110786795449,-23741.4865086,Nes10_dDFE.Exponential_div10
750,750,343.404655707,0.000112326513459,-23721.6611556,Nes10_dDFE.Exponential_div10
751,751,347.487949632,0.000116117840366,-23760.0510533,Nes10_dDFE.Exponential_div10
752,752,355.501633126,0.000107709832574,-23724.9716653,Nes10_dDFE.Exponential_div10
753,753,357.820852576,0.000105829527114,-23708.1216909,Nes10_dDFE.Exponential_div10
754,754,318.736355521,0.000123081792888,-23714.5565106,Nes10_dDFE.Exponential_div10
755,755,341.839842714,0.000116544991729,-23771.2436081,Nes10_dDFE.Exponential_div10
756,756,335.419188948,0.000116683069961,-23773.0323934,Nes10_dDFE.Exponential_div10
757,757,337.916222328,0.000114809511811,-23694.6377506,Nes10_dDFE.Exponential_div10
758,758,316.621137977,0.000126711878894,-23665.3407926,Nes10_dDFE.Exponential_div10
759,759,337.142708043,0.000116329367001,-23721.0783558,Nes10_dDFE.Exponential_div10
760,760,326.430990305,0.000123831045976,-23744.3540481,Nes10_dDFE.Exponential_div10
761,761,328.537067045,0.000117510822014,-23687.384084,Nes10_dDFE.Exponential_div10
762,762,336.47300669,0.000116824133405,-23754.1358011,Nes10_dDFE.Exponential_div10
763,763,358.50854116,0.000108088102492,-23773.0794199,Nes10_dDFE.Exponential_div10
764,764,327.311422629,0.000122239206512,-23706.1316199,Nes10_dDFE.Exponential_div10
765,765,351.990407632,0.000109013132067,-23724.8147295,Nes10_dDFE.Exponential_div10
766,766,329.151807645,0.000120960053809,-23738.7719471,Nes10_dDFE.Exponential_div10
767,767,314.560672813,0.000128779553336,-23772.0275167,Nes10_dDFE.Exponential_div10
768,768,326.084965827,0.000121003757727,-23736.9511519,Nes10_dDFE.Exponential_div10
769,769,337.797461003,0.000116889625852,-23803.535292,Nes10_dDFE.Exponential_div10
770,770,328.980262581,0.000121774918249,-23678.1049818,Nes10_dDFE.Exponential_div10
771,771,324.133400943,0.000122984432945,-23807.3051868,Nes10_dDFE.Exponential_div10
772,772,346.33945031,0.000109777480652,-23672.8176145,Nes10_dDFE.Exponential_div10
773,773,320.098653762,0.000123462043552,-23726.285003,Nes10_dDFE.Exponential_div10
774,774,338.812270665,0.000114189218548,-23769.3198319,Nes10_dDFE.Exponential_div10
775,775,324.155456177,0.000122242262495,-23768.661852,Nes10_dDFE.Exponential_div10
776,776,326.785304525,0.000122330706934,-23759.3382117,Nes10_dDFE.Exponential_div10
777,777,354.842373028,0.000107734027327,-23701.8360764,Nes10_dDFE.Exponential_div10
778,778,323.112044471,0.000124566314816,-23766.5123024,Nes10_dDFE.Exponential_div10
779,779,345.769353105,0.000110890835853,-23701.032393,Nes10_dDFE.Exponential_div10
780,780,337.095155484,0.000116829896214,-23722.7873858,Nes10_dDFE.Exponential_div10
781,781,331.073672891,0.000116980378052,-23713.7034363,Nes10_dDFE.Exponential_div10
782,782,342.635009855,0.000114599796795,-23678.6060046,Nes10_dDFE.Exponential_div10
783,783,360.385614594,0.000106076080323,-23741.909109,Nes10_dDFE.Exponential_div10
784,784,343.858620128,0.000112928629055,-23691.6833393,Nes10_dDFE.Exponential_div10
785,785,348.81202822,0.000110023023939,-23753.3811999,Nes10_dDFE.Exponential_div10
786,786,322.611546435,0.000124257972043,-23776.1559854,Nes10_dDFE.Exponential_div10
787,787,342.185440781,0.000113901532789,-23717.2232598,Nes10_dDFE.Exponential_div10
788,788,339.355082555,0.000116758651077,-23762.7312315,Nes10_dDFE.Exponential_div10
789,789,355.790253654,0.000109394355672,-23758.915413,Nes10_dDFE.Exponential_div10
790,790,324.70132925,0.000119153873448,-23792.7489503,Nes10_dDFE.Exponential_div10
791,791,320.368731857,0.000124686103274,-23760.5150753,Nes10_dDFE.Exponential_div10
792,792,356.301655316,0.000107620752427,-23745.9317356,Nes10_dDFE.Exponential_div10
793,793,331.016106389,0.00012136756044,-23768.988233,Nes10_dDFE.Exponential_div10
794,794,361.692449345,0.000106038300415,-23700.1813738,Nes10_dDFE.Exponential_div10
795,795,327.638952345,0.000123037316636,-23753.2002112,Nes10_dDFE.Exponential_div10
796,796,359.835126746,0.000107888504043,-23753.8272492,Nes10_dDFE.Exponential_div10
797,797,344.928378068,0.000114828858897,-23764.0476224,Nes10_dDFE.Exponential_div10
798,798,345.632056348,0.000111836603176,-23701.6066964,Nes10_dDFE.Exponential_div10
799,799,349.601022481,0.000112556159516,-23742.6146826,Nes10_dDFE.Exponential_div10
800,800,345.356056659,0.000112717639969,-23780.2577121,Nes10_dDFE.Exponential_div10
801,801,344.884624788,0.00011187076413,-23694.8370461,Nes10_dDFE.Exponential_div10
802,802,341.588769722,0.000113825741247,-23717.4658624,Nes10_dDFE.Exponential_div10
803,803,343.092046627,0.000114996988786,-23741.7741605,Nes10_dDFE.Exponential_div10
804,804,326.094407605,0.000121823128502,-23746.0568476,Nes10_dDFE.Exponential_div10
805,805,345.343101412,0.000110565387928,-23742.6022743,Nes10_dDFE.Exponential_div10
806,806,353.702189397,0.000109567212566,-23761.4621425,Nes10_dDFE.Exponential_div10
807,807,331.568163434,0.0001188768697,-23739.7626103,Nes10_dDFE.Exponential_div10
808,808,333.929132185,0.000117407130126,-23677.56983,Nes10_dDFE.Exponential_div10
809,809,352.586307989,0.000107504761377,-23756.6378287,Nes10_dDFE.Exponential_div10
810,810,339.4128029,0.000117185583627,-23696.2529852,Nes10_dDFE.Exponential_div10
811,811,327.347923062,0.000118637361723,-23677.562191,Nes10_dDFE.Exponential_div10
812,812,327.610609897,0.000122232673186,-23748.516008,Nes10_dDFE.Exponential_div10
813,813,332.143724065,0.000120273152792,-23743.2461992,Nes10_dDFE.Exponential_div10
814,814,328.582523581,0.000119607391696,-23645.5896941,Nes10_dDFE.Exponential_div10
815,815,326.467428757,0.000122526445776,-23780.1814145,Nes10_dDFE.Exponential_div10
816,816,352.198465812,0.000108148517995,-23750.059999,Nes10_dDFE.Exponential_div10
817,817,321.074441808,0.000125858540295,-23710.7485474,Nes10_dDFE.Exponential_div10
818,818,335.557177963,0.000117910303349,-23751.4465295,Nes10_dDFE.Exponential_div10
819,819,364.547189398,0.000106293117092,-23653.1698129,Nes10_dDFE.Exponential_div10
820,820,333.194501483,0.000120095629082,-23730.8647787,Nes10_dDFE.Exponential_div10
821,821,317.856474769,0.000124631138606,-23758.4445378,Nes10_dDFE.Exponential_div10
822,822,338.986265114,0.000115592223225,-23663.9234679,Nes10_dDFE.Exponential_div10
823,823,358.812885199,0.000107613208136,-23731.4332625,Nes10_dDFE.Exponential_div10
824,824,331.971232759,0.000118440507438,-23689.2074583,Nes10_dDFE.Exponential_div10
825,825,330.932506516,0.000119168639869,-23786.6018444,Nes10_dDFE.Exponential_div10
826,826,348.369665916,0.000111524798213,-23735.6255485,Nes10_dDFE.Exponential_div10
827,827,331.291075448,0.000119688599546,-23639.1168895,Nes10_dDFE.Exponential_div10
828,828,328.552816623,0.000119060968526,-23697.5742855,Nes10_dDFE.Exponential_div10
829,829,329.114898895,0.000119735318306,-23696.1205101,Nes10_dDFE.Exponential_div10
830,830,342.687360669,0.000116147609133,-23702.288014,Nes10_dDFE.Exponential_div10
831,831,350.884212598,0.000111963058406,-23760.6824231,Nes10_dDFE.Exponential_div10
832,832,322.290125072,0.000122758740485,-23676.0423977,Nes10_dDFE.Exponential_div10
833,833,359.209682073,0.00010587588921,-23678.4216625,Nes10_dDFE.Exponential_div10
834,834,337.159222661,0.000116953153395,-23686.3674249,Nes10_dDFE.Exponential_div10
835,835,349.345834956,0.000111942121276,-23684.6764838,Nes10_dDFE.Exponential_div10
836,836,323.022848699,0.000122889676217,-23710.8190369,Nes10_dDFE.Exponential_div10
837,837,336.835832988,0.000117773547342,-23716.2809685,Nes10_dDFE.Exponential_div10
838,838,330.925345708,0.000116443105883,-23709.9284617,Nes10_dDFE.Exponential_div10
839,839,329.657147214,0.000119814216235,-23685.3612707,Nes10_dDFE.Exponential_div10
840,840,348.415046824,0.000111222767405,-23754.3816606,Nes10_dDFE.Exponential_div10
841,841,339.474043079,0.00011320814642,-23714.444695,Nes10_dDFE.Exponential_div10
842,842,330.177539863,0.00012141565015,-23702.3882004,Nes10_dDFE.Exponential_div10
843,843,341.961636633,0.000113510007068,-23725.1848299,Nes10_dDFE.Exponential_div10
844,844,355.551722267,0.000107912731027,-23701.6578161,Nes10_dDFE.Exponential_div10
845,845,334.478020173,0.000119205985083,-23766.8803211,Nes10_dDFE.Exponential_div10
846,846,336.005561355,0.000116138598555,-23699.6143662,Nes10_dDFE.Exponential_div10
847,847,339.20929571,0.000113998623765,-23735.4883905,Nes10_dDFE.Exponential_div10
848,848,341.228115445,0.000112944696903,-23674.5247463,Nes10_dDFE.Exponential_div10
849,849,334.354087567,0.000118003055191,-23703.2575715,Nes10_dDFE.Exponential_div10
850,850,324.742370292,0.000122938479786,-23678.733733,Nes10_dDFE.Exponential_div10
851,851,327.091529154,0.000121311494136,-23712.2021825,Nes10_dDFE.Exponential_div10
852,852,364.894216347,0.000104258000884,-23699.2918937,Nes10_dDFE.Exponential_div10
853,853,311.704542457,0.000130597829487,-23790.9590846,Nes10_dDFE.Exponential_div10
854,854,316.637781885,0.000124785246727,-23695.367931,Nes10_dDFE.Exponential_div10
855,855,344.261245134,0.000113056673121,-23720.6756383,Nes10_dDFE.Exponential_div10
856,856,316.239120444,0.00012625286612,-23728.0517257,Nes10_dDFE.Exponential_div10
857,857,339.904899122,0.000116652499666,-23624.158903,Nes10_dDFE.Exponential_div10
858,858,328.997362414,0.000119101231489,-23694.2585683,Nes10_dDFE.Exponential_div10
859,859,327.966648145,0.000118502639805,-23621.9122239,Nes10_dDFE.Exponential_div10
860,860,354.677712125,0.00010808546743,-23733.5506603,Nes10_dDFE.Exponential_div10
861,861,345.444430684,0.000112141820332,-23761.8133093,Nes10_dDFE.Exponential_div10
862,862,354.109992288,0.000106834006328,-23766.7181268,Nes10_dDFE.Exponential_div10
863,863,335.126466701,0.000117978933029,-23736.2794637,Nes10_dDFE.Exponential_div10
864,864,341.34967876,0.000114255922066,-23727.1593651,Nes10_dDFE.Exponential_div10
865,865,356.168073718,0.000107676634356,-23638.0287682,Nes10_dDFE.Exponential_div10
866,866,339.790181556,0.000116051812645,-23851.7489062,Nes10_dDFE.Exponential_div10
867,867,334.135870244,0.000117786586099,-23739.7679686,Nes10_dDFE.Exponential_div10
868,868,348.369848747,0.000109552111156,-23722.5018058,Nes10_dDFE.Exponential_div10
869,869,339.475393402,0.000117316625751,-23787.1168434,Nes10_dDFE.Exponential_div10
870,870,354.139117127,0.000108115342305,-23679.3751759,Nes10_dDFE.Exponential_div10
871,871,329.01263191,0.00012180571658,-23714.2201934,Nes10_dDFE.Exponential_div10
872,872,332.669819485,0.000119427839018,-23717.8560213,Nes10_dDFE.Exponential_div10
873,873,323.005870346,0.000124537041167,-23762.8680584,Nes10_dDFE.Exponential_div10
874,874,329.499076762,0.000119204056632,-23658.0582783,Nes10_dDFE.Exponential_div10
875,875,319.775896059,0.00012522157895,-23686.2379325,Nes10_dDFE.Exponential_div10
876,876,330.047207709,0.000119288901959,-23699.9003511,Nes10_dDFE.Exponential_div10
877,877,316.763443114,0.000126596549079,-23648.9358499,Nes10_dDFE.Exponential_div10
878,878,346.224187492,0.000112481656385,-23730.319987,Nes10_dDFE.Exponential_div10
879,879,349.189567628,0.000111716657752,-23688.8655645,Nes10_dDFE.Exponential_div10
880,880,319.262184032,0.000121916118501,-23701.1732185,Nes10_dDFE.Exponential_div10
881,881,332.863206957,0.000117347470488,-23801.525072,Nes10_dDFE.Exponential_div10
882,882,339.843003427,0.000115893592356,-23745.3798601,Nes10_dDFE.Exponential_div10
883,883,319.6899718,0.000126029153936,-23759.453266,Nes10_dDFE.Exponential_div10
884,884,342.037840657,0.000113441798043,-23709.5540103,Nes10_dDFE.Exponential_div10
885,885,348.339731832,0.000111936908047,-23728.292188,Nes10_dDFE.Exponential_div10
886,886,334.878588181,0.000118563310101,-23786.4736083,Nes10_dDFE.Exponential_div10
887,887,316.191594209,0.000127103203735,-23722.6060977,Nes10_dDFE.Exponential_div10
888,888,339.90522697,0.000112662377787,-23657.2804463,Nes10_dDFE.Exponential_div10
889,889,343.333901154,0.000113417648653,-23660.176349,Nes10_dDFE.Exponential_div10
890,890,346.516362747,0.000113962633477,-23747.1061025,Nes10_dDFE.Exponential_div10
891,891,322.71932163,0.000120731632535,-23766.6633588,Nes10_dDFE.Exponential_div10
892,892,323.539183716,0.000122527733015,-23752.5826917,Nes10_dDFE.Exponential_div10
893,893,334.908169015,0.000116834666613,-23802.7545903,Nes10_dDFE.Exponential_div10
894,894,327.374200811,0.000120972757857,-23747.1983529,Nes10_dDFE.Exponential_div10
895,895,334.472780832,0.000115396919844,-23710.2197696,Nes10_dDFE.Exponential_div10
896,896,329.60249372,0.000123300915827,-23744.4918145,Nes10_dDFE.Exponential_div10
897,897,300.434126102,0.000138303422297,-23672.0966695,Nes10_dDFE.Exponential_div10
898,898,342.739342488,0.000111928656057,-23648.9823691,Nes10_dDFE.Exponential_div10
899,899,350.122671667,0.000109232286659,-23722.4559509,Nes10_dDFE.Exponential_div10
900,900,328.084975112,0.000121619387642,-23767.3481231,Nes10_dDFE.Exponential_div10
901,901,343.911895484,0.000114652430563,-23697.6936478,Nes10_dDFE.Exponential_div10
902,902,346.294890095,0.000111457528023,-23752.2491673,Nes10_dDFE.Exponential_div10
903,903,342.01582994,0.000113836336095,-23681.4015165,Nes10_dDFE.Exponential_div10
904,904,340.260404978,0.00011599209339,-23750.336373,Nes10_dDFE.Exponential_div10
905,905,331.208143965,0.000119581484761,-23696.4000848,Nes10_dDFE.Exponential_div10
906,906,327.912849001,0.000122780722313,-23746.1354378,Nes10_dDFE.Exponential_div10
907,907,352.293340109,0.000109376430839,-23810.5317189,Nes10_dDFE.Exponential_div10
908,908,345.608951358,0.000113204343124,-23654.6816713,Nes10_dDFE.Exponential_div10
909,909,351.632354423,0.000107572259652,-23707.8955367,Nes10_dDFE.Exponential_div10
910,910,331.073442885,0.000118837073671,-23793.9059486,Nes10_dDFE.Exponential_div10
911,911,345.707383794,0.000113833541566,-23772.5306952,Nes10_dDFE.Exponential_div10
912,912,350.005054592,0.000110359264897,-23735.6845202,Nes10_dDFE.Exponential_div10
913,913,340.608755043,0.000117258788863,-23671.5809453,Nes10_dDFE.Exponential_div10
914,914,1.11022302473e-10,0.849041127851,89571.9509998,Nes10_dDFE.Exponential_div10
915,915,345.667832074,0.000113519583545,-23742.9263568,Nes10_dDFE.Exponential_div10
916,916,330.31521084,0.000118222133007,-23713.4571588,Nes10_dDFE.Exponential_div10
917,917,335.53997131,0.000119854704122,-23825.0966316,Nes10_dDFE.Exponential_div10
918,918,354.254766149,0.000108304627871,-23654.0686425,Nes10_dDFE.Exponential_div10
919,919,367.55677276,0.000104713673279,-23727.9544895,Nes10_dDFE.Exponential_div10
920,920,324.08155167,0.000124753164012,-23725.6247377,Nes10_dDFE.Exponential_div10
921,921,343.155832219,0.000113713644788,-23728.8404847,Nes10_dDFE.Exponential_div10
922,922,313.42989396,0.000125836550301,-23732.1769786,Nes10_dDFE.Exponential_div10
923,923,328.188202748,0.000122757333898,-23810.5705239,Nes10_dDFE.Exponential_div10
924,924,361.686386618,0.00010696830558,-23770.4054762,Nes10_dDFE.Exponential_div10
925,925,345.686381415,0.000113893197226,-23673.8433466,Nes10_dDFE.Exponential_div10
926,926,321.350792568,0.000125095067134,-23744.3864179,Nes10_dDFE.Exponential_div10
927,927,297.137049355,0.000137687846124,-23741.5451018,Nes10_dDFE.Exponential_div10
928,928,340.080540062,0.000116231709186,-23700.843781,Nes10_dDFE.Exponential_div10
929,929,343.327853749,0.000112748132698,-23791.7006589,Nes10_dDFE.Exponential_div10
930,930,371.49726713,0.000105227695344,-23718.2755416,Nes10_dDFE.Exponential_div10
931,931,355.765741867,0.000108388390124,-23771.6047473,Nes10_dDFE.Exponential_div10
932,932,329.436620861,0.00011830785066,-23721.8751944,Nes10_dDFE.Exponential_div10
933,933,325.365076872,0.000123015267808,-23700.883019,Nes10_dDFE.Exponential_div10
934,934,305.659947551,0.000133132090529,-23818.924208,Nes10_dDFE.Exponential_div10
935,935,341.062256725,0.000115060595775,-23658.64017,Nes10_dDFE.Exponential_div10
936,936,323.097711234,0.000120559868139,-23691.6657297,Nes10_dDFE.Exponential_div10
937,937,332.963241028,0.00011694367986,-23790.1016896,Nes10_dDFE.Exponential_div10
938,938,345.16346172,0.000110547767454,-23640.3014144,Nes10_dDFE.Exponential_div10
939,939,343.339330696,0.00011645980594,-23722.4944243,Nes10_dDFE.Exponential_div10
940,940,317.866216649,0.000126056679276,-23664.1886871,Nes10_dDFE.Exponential_div10
941,941,346.349566484,0.000114305867733,-23785.398964,Nes10_dDFE.Exponential_div10
942,942,344.824318742,0.000112802101557,-23707.3225697,Nes10_dDFE.Exponential_div10
943,943,330.794235385,0.000120303881026,-23687.0791446,Nes10_dDFE.Exponential_div10
944,944,337.904408629,0.000117115181457,-23778.5789255,Nes10_dDFE.Exponential_div10
945,945,339.506737018,0.000114131508284,-23707.6244056,Nes10_dDFE.Exponential_div10
946,946,348.680036005,0.000111837930597,-23775.4962146,Nes10_dDFE.Exponential_div10
947,947,332.263256084,0.000118031948563,-23733.3278061,Nes10_dDFE.Exponential_div10
948,948,329.715716294,0.000120749762031,-23709.7336343,Nes10_dDFE.Exponential_div10
949,949,342.063079338,0.000114527002893,-23750.643275,Nes10_dDFE.Exponential_div10
950,950,316.98491818,0.000125892435113,-23743.1915252,Nes10_dDFE.Exponential_div10
951,951,334.352508232,0.000117004844659,-23718.2124843,Nes10_dDFE.Exponential_div10
952,952,311.23933531,0.000127657018833,-23659.9857963,Nes10_dDFE.Exponential_div10
953,953,316.925795306,0.000126654288712,-23749.5324592,Nes10_dDFE.Exponential_div10
954,954,329.599056754,0.000117800862759,-23746.1956959,Nes10_dDFE.Exponential_div10
955,955,325.731731634,0.000120776040247,-23771.129729,Nes10_dDFE.Exponential_div10
956,956,356.428971766,0.000108056541756,-23726.0225733,Nes10_dDFE.Exponential_div10
957,957,335.057802565,0.000120199342943,-23650.4706802,Nes10_dDFE.Exponential_div10
958,958,327.550046501,0.000120909467053,-23656.764949,Nes10_dDFE.Exponential_div10
959,959,339.098682683,0.000117432725482,-23704.9536618,Nes10_dDFE.Exponential_div10
960,960,339.755612293,0.000117521451578,-23772.8182948,Nes10_dDFE.Exponential_div10
961,961,367.30156502,0.000102585540591,-23758.3455019,Nes10_dDFE.Exponential_div10
962,962,352.668194829,0.000109765136031,-23691.3089886,Nes10_dDFE.Exponential_div10
963,963,327.649436067,0.000122169407667,-23724.5195114,Nes10_dDFE.Exponential_div10
964,964,340.273446732,0.000114312060684,-23733.504444,Nes10_dDFE.Exponential_div10
965,965,1.11022302473e-10,0.982698190532,89571.9509998,Nes10_dDFE.Exponential_div10
966,966,331.771577883,0.000119092391019,-23724.2576796,Nes10_dDFE.Exponential_div10
967,967,328.680415701,0.00012093523153,-23702.8865409,Nes10_dDFE.Exponential_div10
968,968,336.734214387,0.000118328569338,-23690.1488568,Nes10_dDFE.Exponential_div10
969,969,339.225590153,0.000114844913616,-23704.7827906,Nes10_dDFE.Exponential_div10
970,970,348.100807409,0.000112220228069,-23766.1208792,Nes10_dDFE.Exponential_div10
971,971,334.482761211,0.000114965160268,-23578.4779535,Nes10_dDFE.Exponential_div10
972,972,327.985382827,0.000122461057857,-23667.9460173,Nes10_dDFE.Exponential_div10
973,973,340.463232207,0.000114266044558,-23683.1927152,Nes10_dDFE.Exponential_div10
974,974,329.696705681,0.000121260351368,-23728.608206,Nes10_dDFE.Exponential_div10
975,975,349.972639828,0.000109127361497,-23739.4740393,Nes10_dDFE.Exponential_div10
976,976,338.535732561,0.000116214202025,-23737.6843039,Nes10_dDFE.Exponential_div10
977,977,330.350525915,0.000122128210984,-23726.5026934,Nes10_dDFE.Exponential_div10
978,978,333.370940188,0.000119743403555,-23758.4820953,Nes10_dDFE.Exponential_div10
979,979,337.868628284,0.000112405916675,-23680.9759965,Nes10_dDFE.Exponential_div10
980,980,334.898250078,0.000116918880471,-23773.7685867,Nes10_dDFE.Exponential_div10
981,981,322.077786927,0.000121631929379,-23740.6673412,Nes10_dDFE.Exponential_div10
982,982,346.393411327,0.000113832017251,-23706.2900126,Nes10_dDFE.Exponential_div10
983,983,335.846293414,0.000118707805133,-23657.611059,Nes10_dDFE.Exponential_div10
984,984,312.852098987,0.000127808228798,-23716.9836103,Nes10_dDFE.Exponential_div10
985,985,359.603619821,0.000111466094252,-23721.992934,Nes10_dDFE.Exponential_div10
986,986,328.032748131,0.000123042840386,-23706.1918131,Nes10_dDFE.Exponential_div10
987,987,348.889127275,0.000112194499807,-23765.6383985,Nes10_dDFE.Exponential_div10
988,988,350.09643494,0.000110377344736,-23698.8755759,Nes10_dDFE.Exponential_div10
989,989,338.428532393,0.000115914496688,-23674.2544482,Nes10_dDFE.Exponential_div10
990,990,313.715912753,0.000126105084005,-23796.7928755,Nes10_dDFE.Exponential_div10
991,991,334.83524718,0.000119461291027,-23676.4987235,Nes10_dDFE.Exponential_div10
992,992,325.751861456,0.000120529364834,-23713.035206,Nes10_dDFE.Exponential_div10
993,993,334.926850738,0.000116464335371,-23716.3258676,Nes10_dDFE.Exponential_div10
994,994,344.371738947,0.000113969806134,-23769.5589878,Nes10_dDFE.Exponential_div10
995,995,342.983463822,0.000114647270965,-23707.7170847,Nes10_dDFE.Exponential_div10
996,996,348.187866879,0.000111710055084,-23708.1928273,Nes10_dDFE.Exponential_div10
997,997,328.270974915,0.000123227421512,-23753.3493106,Nes10_dDFE.Exponential_div10
998,998,351.889791946,0.00011190524368,-23700.2345481,Nes10_dDFE.Exponential_div10
999,999,333.688625051,0.000117784216395,-23787.7128697,Nes10_dDFE.Exponential_div10
