,rep,NeSa,pa,AIC,identifier
0,0,565.199536565,0.000550200957911,-27315.2408249,Nes200_dDFE.Exponential
1,1,561.600065552,0.000554375757258,-27391.6754609,Nes200_dDFE.Exponential
2,2,560.882661085,0.000552623474768,-27384.0308968,Nes200_dDFE.Exponential
3,3,565.179450619,0.000550771353268,-27455.3931517,Nes200_dDFE.Exponential
4,4,562.406655028,0.000550349630704,-27430.4530441,Nes200_dDFE.Exponential
5,5,563.977902668,0.000550403587437,-27339.970934,Nes200_dDFE.Exponential
6,6,564.983956331,0.000551661756754,-27363.1093972,Nes200_dDFE.Exponential
7,7,565.912490191,0.00054772148119,-27469.4197179,Nes200_dDFE.Exponential
8,8,563.361058627,0.000553889061562,-27447.8277358,Nes200_dDFE.Exponential
9,9,562.467679456,0.000552048514615,-27321.1393464,Nes200_dDFE.Exponential
10,10,560.59880963,0.00055350389051,-27504.9198181,Nes200_dDFE.Exponential
11,11,562.360019007,0.000554785653952,-27480.2318843,Nes200_dDFE.Exponential
12,12,562.909769574,0.000553385259521,-27477.1752281,Nes200_dDFE.Exponential
13,13,566.916831755,0.000548082927872,-27343.9190528,Nes200_dDFE.Exponential
14,14,565.676416333,0.000548227818041,-27388.3077622,Nes200_dDFE.Exponential
15,15,565.170331982,0.000549241009438,-27321.1910921,Nes200_dDFE.Exponential
16,16,566.066579289,0.000546513775218,-27410.4951436,Nes200_dDFE.Exponential
17,17,568.899056265,0.000542940289528,-27391.9345708,Nes200_dDFE.Exponential
18,18,564.630898857,0.000551343956846,-27413.3959695,Nes200_dDFE.Exponential
19,19,563.996968671,0.000549487079457,-27478.4767458,Nes200_dDFE.Exponential
20,20,570.262352174,0.000543005432719,-27507.2573439,Nes200_dDFE.Exponential
21,21,568.560598824,0.000545626575041,-27434.6726249,Nes200_dDFE.Exponential
22,22,564.974558739,0.000549808572533,-27434.494182,Nes200_dDFE.Exponential
23,23,563.676377655,0.000551678740682,-27351.6265877,Nes200_dDFE.Exponential
24,24,560.021477552,0.000557823236892,-27432.008471,Nes200_dDFE.Exponential
25,25,566.049333504,0.000548456005694,-27435.6528369,Nes200_dDFE.Exponential
26,26,566.310915121,0.000547229865894,-27360.2849765,Nes200_dDFE.Exponential
27,27,559.92432978,0.000557236964115,-27458.9794925,Nes200_dDFE.Exponential
28,28,564.333817984,0.000548299302304,-27472.3449311,Nes200_dDFE.Exponential
29,29,564.363139824,0.00055036895919,-27391.1129554,Nes200_dDFE.Exponential
30,30,562.513894052,0.000554195240972,-27321.3994963,Nes200_dDFE.Exponential
31,31,562.672703494,0.000554204682366,-27441.8932005,Nes200_dDFE.Exponential
32,32,562.147956817,0.000553221061888,-27416.4442579,Nes200_dDFE.Exponential
33,33,562.947189402,0.000551111996979,-27343.955825,Nes200_dDFE.Exponential
34,34,568.23168778,0.000547892785975,-27422.5580547,Nes200_dDFE.Exponential
35,35,567.657154525,0.000544994043581,-27434.8883249,Nes200_dDFE.Exponential
36,36,565.237676219,0.000549594045969,-27439.0727621,Nes200_dDFE.Exponential
37,37,563.103041693,0.000552451917159,-27415.5389555,Nes200_dDFE.Exponential
38,38,562.141652069,0.000552977981353,-27399.243115,Nes200_dDFE.Exponential
39,39,566.864667124,0.000548172720924,-27354.7389525,Nes200_dDFE.Exponential
40,40,563.195781411,0.000549438399349,-27401.6174063,Nes200_dDFE.Exponential
41,41,563.464183513,0.000550859553919,-27411.6065827,Nes200_dDFE.Exponential
42,42,564.247752655,0.00055173132163,-27446.6761462,Nes200_dDFE.Exponential
43,43,565.857172549,0.000548956985017,-27411.5240408,Nes200_dDFE.Exponential
44,44,564.602970023,0.000549478179883,-27355.1484653,Nes200_dDFE.Exponential
45,45,567.618546692,0.000547616532343,-27347.8018293,Nes200_dDFE.Exponential
46,46,569.054401054,0.000545309760338,-27502.1921053,Nes200_dDFE.Exponential
47,47,566.178912796,0.000548370730646,-27356.5588332,Nes200_dDFE.Exponential
48,48,558.431038711,0.000561753555587,-27423.0942441,Nes200_dDFE.Exponential
49,49,556.587325855,0.00056349871015,-27397.9543083,Nes200_dDFE.Exponential
50,50,561.048942531,0.000555888270935,-27469.81078,Nes200_dDFE.Exponential
51,51,558.723222257,0.00055765097603,-27491.878502,Nes200_dDFE.Exponential
52,52,555.326308175,0.000562934933307,-27460.115817,Nes200_dDFE.Exponential
53,53,560.647616865,0.000555275559936,-27285.0931087,Nes200_dDFE.Exponential
54,54,564.817826692,0.000550919429228,-27358.2481574,Nes200_dDFE.Exponential
55,55,563.877423932,0.000550539908505,-27372.0905969,Nes200_dDFE.Exponential
56,56,566.641212679,0.000546287269395,-27395.2385802,Nes200_dDFE.Exponential
57,57,563.251870629,0.00055147827855,-27425.0984583,Nes200_dDFE.Exponential
58,58,563.675661821,0.000550355021306,-27337.6846246,Nes200_dDFE.Exponential
59,59,564.879306985,0.000547361831454,-27481.3951956,Nes200_dDFE.Exponential
60,60,562.259161123,0.000554171228783,-27408.8077656,Nes200_dDFE.Exponential
61,61,568.966424349,0.000545718441891,-27447.4571272,Nes200_dDFE.Exponential
62,62,570.21547517,0.000542528676328,-27423.4649581,Nes200_dDFE.Exponential
63,63,564.054154674,0.000550645388912,-27360.0524851,Nes200_dDFE.Exponential
64,64,556.086304465,0.000563617389094,-27356.2786428,Nes200_dDFE.Exponential
65,65,561.017316914,0.000554632154472,-27411.6902515,Nes200_dDFE.Exponential
66,66,561.34116786,0.000553332426507,-27323.1833379,Nes200_dDFE.Exponential
67,67,557.114235732,0.000560503782645,-27459.6693263,Nes200_dDFE.Exponential
68,68,559.851387322,0.000556782899824,-27424.0625101,Nes200_dDFE.Exponential
69,69,567.760389108,0.000546535676185,-27412.6364454,Nes200_dDFE.Exponential
70,70,558.546625305,0.000558210939179,-27397.7788077,Nes200_dDFE.Exponential
71,71,563.237477438,0.000553678813592,-27410.3722026,Nes200_dDFE.Exponential
72,72,562.531160943,0.000552237802668,-27382.7144667,Nes200_dDFE.Exponential
73,73,565.783359106,0.000547896306901,-27425.1963622,Nes200_dDFE.Exponential
74,74,563.930245631,0.000552547405071,-27487.3700615,Nes200_dDFE.Exponential
75,75,555.308442096,0.000564565477525,-27372.7165926,Nes200_dDFE.Exponential
76,76,562.498364859,0.000553806521512,-27356.753893,Nes200_dDFE.Exponential
77,77,564.056103849,0.000551965951963,-27358.6229423,Nes200_dDFE.Exponential
78,78,565.091614868,0.000551116911175,-27366.9713837,Nes200_dDFE.Exponential
79,79,563.158413331,0.000550529382378,-27325.5159613,Nes200_dDFE.Exponential
80,80,569.357415696,0.00054473177947,-27406.9111197,Nes200_dDFE.Exponential
81,81,567.136744761,0.000548186912981,-27376.0413354,Nes200_dDFE.Exponential
82,82,566.063486034,0.000546708205203,-27329.5782248,Nes200_dDFE.Exponential
83,83,563.750899696,0.000551485126801,-27423.6234261,Nes200_dDFE.Exponential
84,84,564.650057595,0.000550087118424,-27372.7851084,Nes200_dDFE.Exponential
85,85,561.392536222,0.000552453127476,-27473.5557083,Nes200_dDFE.Exponential
86,86,560.28640948,0.000558272451074,-27411.9756204,Nes200_dDFE.Exponential
87,87,562.631941185,0.000553438252936,-27443.2642241,Nes200_dDFE.Exponential
88,88,563.897171316,0.000548804832528,-27435.6599918,Nes200_dDFE.Exponential
89,89,565.186498618,0.000550146657989,-27424.7958997,Nes200_dDFE.Exponential
90,90,566.078770221,0.000548147089315,-27330.9893234,Nes200_dDFE.Exponential
91,91,564.556023737,0.000549900811151,-27444.4086936,Nes200_dDFE.Exponential
92,92,564.84430585,0.000550006128689,-27339.5371246,Nes200_dDFE.Exponential
93,93,563.907174502,0.000553976496335,-27378.3403207,Nes200_dDFE.Exponential
94,94,562.266426719,0.000555840995602,-27479.2211417,Nes200_dDFE.Exponential
95,95,559.420551644,0.000556827978521,-27349.5054008,Nes200_dDFE.Exponential
96,96,568.989560596,0.000544223851208,-27496.4960936,Nes200_dDFE.Exponential
97,97,562.629216167,0.000552300879196,-27435.6377399,Nes200_dDFE.Exponential
98,98,567.020038127,0.00054647592987,-27425.9429525,Nes200_dDFE.Exponential
99,99,565.158425517,0.000549782118823,-27417.1474383,Nes200_dDFE.Exponential
100,100,571.707400725,0.000542922256912,-27354.5247847,Nes200_dDFE.Exponential
101,101,567.089906948,0.00054731095234,-27523.5349303,Nes200_dDFE.Exponential
102,102,566.893629871,0.000547526772185,-27426.3959248,Nes200_dDFE.Exponential
103,103,566.790347588,0.000546964713682,-27390.4747776,Nes200_dDFE.Exponential
104,104,563.770825621,0.000550353434261,-27459.1462001,Nes200_dDFE.Exponential
105,105,561.393261214,0.000556833811787,-27341.150646,Nes200_dDFE.Exponential
106,106,568.055332696,0.000545771038833,-27444.5604402,Nes200_dDFE.Exponential
107,107,567.429081206,0.000546699596329,-27419.420508,Nes200_dDFE.Exponential
108,108,561.974646094,0.000555826315101,-27421.1797493,Nes200_dDFE.Exponential
109,109,565.890269663,0.000548211965905,-27462.8329187,Nes200_dDFE.Exponential
110,110,565.027149971,0.000550969245868,-27431.7132529,Nes200_dDFE.Exponential
111,111,563.558703468,0.000552530751463,-27416.9267015,Nes200_dDFE.Exponential
112,112,569.49412176,0.000543832144914,-27427.695893,Nes200_dDFE.Exponential
113,113,563.854347489,0.000549096614285,-27454.2287332,Nes200_dDFE.Exponential
114,114,558.694832661,0.000559267006523,-27438.41291,Nes200_dDFE.Exponential
115,115,560.805642179,0.000556482552885,-27421.8680751,Nes200_dDFE.Exponential
116,116,570.45200101,0.000541255020661,-27404.7454627,Nes200_dDFE.Exponential
117,117,560.117902254,0.000554759629116,-27330.8476009,Nes200_dDFE.Exponential
118,118,561.653056748,0.000555512995449,-27539.6420234,Nes200_dDFE.Exponential
119,119,568.758993101,0.000547771384683,-27325.1656877,Nes200_dDFE.Exponential
120,120,569.93269181,0.000544563707721,-27409.5990888,Nes200_dDFE.Exponential
121,121,558.449657645,0.000559124845794,-27376.8464257,Nes200_dDFE.Exponential
122,122,561.342853547,0.000553800212068,-27456.0318974,Nes200_dDFE.Exponential
123,123,563.908357067,0.000553131822577,-27500.2292111,Nes200_dDFE.Exponential
124,124,559.56588173,0.000556843898351,-27389.8196179,Nes200_dDFE.Exponential
125,125,564.382559936,0.000549045115326,-27441.8352116,Nes200_dDFE.Exponential
126,126,560.757440112,0.000553039210629,-27401.7510104,Nes200_dDFE.Exponential
127,127,564.397698458,0.000551152505185,-27434.6985924,Nes200_dDFE.Exponential
128,128,560.935820349,0.000553297779137,-27439.9671145,Nes200_dDFE.Exponential
129,129,571.652405725,0.000540784958895,-27287.8554162,Nes200_dDFE.Exponential
130,130,563.222100661,0.000552068810803,-27378.4427159,Nes200_dDFE.Exponential
131,131,565.669623359,0.000547414174984,-27410.60722,Nes200_dDFE.Exponential
132,132,564.398398777,0.000553786870481,-27439.2527862,Nes200_dDFE.Exponential
133,133,557.706085382,0.000559221290842,-27402.322552,Nes200_dDFE.Exponential
134,134,564.797819685,0.000549607422978,-27330.900366,Nes200_dDFE.Exponential
135,135,563.537309001,0.000551434799131,-27366.9283501,Nes200_dDFE.Exponential
136,136,561.595364987,0.00055573611607,-27456.4323536,Nes200_dDFE.Exponential
137,137,568.77620014,0.000544347930214,-27363.9342216,Nes200_dDFE.Exponential
138,138,568.827956661,0.000544864047914,-27323.7224225,Nes200_dDFE.Exponential
139,139,559.365930584,0.000560021156182,-27392.9316785,Nes200_dDFE.Exponential
140,140,564.288257183,0.000551776418907,-27406.1148808,Nes200_dDFE.Exponential
141,141,567.350271845,0.000547135731766,-27365.5191759,Nes200_dDFE.Exponential
142,142,561.477037818,0.000553423124332,-27405.3267731,Nes200_dDFE.Exponential
143,143,570.733467694,0.000542434929779,-27416.7174054,Nes200_dDFE.Exponential
144,144,566.23385471,0.000547144105762,-27366.6232973,Nes200_dDFE.Exponential
145,145,563.221997757,0.000550852186958,-27387.0631401,Nes200_dDFE.Exponential
146,146,568.683271604,0.000544193152469,-27427.4935619,Nes200_dDFE.Exponential
147,147,558.847083735,0.00056022711202,-27439.9340604,Nes200_dDFE.Exponential
148,148,562.280163078,0.000551114483365,-27436.2962372,Nes200_dDFE.Exponential
149,149,564.343958101,0.000549840576619,-27392.0308057,Nes200_dDFE.Exponential
150,150,558.647242885,0.000560157921696,-27428.9829795,Nes200_dDFE.Exponential
151,151,565.768860959,0.000548988614059,-27376.2298907,Nes200_dDFE.Exponential
152,152,562.988445318,0.000551335484237,-27450.3759496,Nes200_dDFE.Exponential
153,153,559.460545138,0.000556030222128,-27303.7418404,Nes200_dDFE.Exponential
154,154,563.68099474,0.000552378313907,-27441.0659743,Nes200_dDFE.Exponential
155,155,564.162589107,0.00055228385392,-27417.580911,Nes200_dDFE.Exponential
156,156,567.740283417,0.000546675220028,-27358.0168508,Nes200_dDFE.Exponential
157,157,568.762372547,0.000543754636773,-27488.2780587,Nes200_dDFE.Exponential
158,158,568.616040467,0.000546013587543,-27408.0890393,Nes200_dDFE.Exponential
159,159,565.368339156,0.000550721000167,-27426.9070712,Nes200_dDFE.Exponential
160,160,568.684801736,0.000545874443301,-27396.7770933,Nes200_dDFE.Exponential
161,161,560.60691196,0.000556896106039,-27348.080556,Nes200_dDFE.Exponential
162,162,563.117673822,0.000552190502468,-27455.5285324,Nes200_dDFE.Exponential
163,163,563.692099385,0.000550460108487,-27378.1233129,Nes200_dDFE.Exponential
164,164,563.664083565,0.000551200400591,-27363.3677937,Nes200_dDFE.Exponential
165,165,562.767897517,0.000553010113561,-27364.5027517,Nes200_dDFE.Exponential
166,166,566.404626816,0.000547375756092,-27351.1299399,Nes200_dDFE.Exponential
167,167,561.639315704,0.000554701172585,-27389.0885453,Nes200_dDFE.Exponential
168,168,566.39125115,0.00054829053165,-27392.168638,Nes200_dDFE.Exponential
169,169,560.867298174,0.000556476899166,-27393.7244089,Nes200_dDFE.Exponential
170,170,562.778566548,0.000551544070651,-27447.3925176,Nes200_dDFE.Exponential
171,171,563.346457678,0.000553969649298,-27361.1043782,Nes200_dDFE.Exponential
172,172,568.188388984,0.0005473993311,-27444.6685945,Nes200_dDFE.Exponential
173,173,564.543681692,0.000550022758837,-27415.6114076,Nes200_dDFE.Exponential
174,174,565.301984992,0.000549710556135,-27384.8952179,Nes200_dDFE.Exponential
175,175,564.737681014,0.000550572210973,-27420.4616019,Nes200_dDFE.Exponential
176,176,567.14836517,0.000547352929519,-27400.3960852,Nes200_dDFE.Exponential
177,177,561.458777728,0.000554876976805,-27439.8589314,Nes200_dDFE.Exponential
178,178,568.478469852,0.000545515841475,-27384.6927957,Nes200_dDFE.Exponential
179,179,565.809225198,0.000548311488688,-27363.0752124,Nes200_dDFE.Exponential
180,180,560.481406007,0.000555099141486,-27342.0768628,Nes200_dDFE.Exponential
181,181,563.294292736,0.000550700855696,-27375.7527455,Nes200_dDFE.Exponential
182,182,566.647560648,0.000548385397715,-27474.0079066,Nes200_dDFE.Exponential
183,183,562.576067961,0.000554032571335,-27417.2929243,Nes200_dDFE.Exponential
184,184,567.680717351,0.000550318415432,-27437.7595623,Nes200_dDFE.Exponential
185,185,560.891281878,0.000556403417395,-27295.9280047,Nes200_dDFE.Exponential
186,186,565.270767181,0.000549939985507,-27242.3444278,Nes200_dDFE.Exponential
187,187,559.395993025,0.000556549523939,-27380.7530174,Nes200_dDFE.Exponential
188,188,567.512727754,0.000546452161695,-27392.4912652,Nes200_dDFE.Exponential
189,189,566.805064982,0.000547090865746,-27394.3256348,Nes200_dDFE.Exponential
190,190,567.015356968,0.000546004283377,-27291.1678299,Nes200_dDFE.Exponential
191,191,565.460041817,0.000548690390904,-27351.2665202,Nes200_dDFE.Exponential
192,192,561.450655052,0.000552562463113,-27407.9016835,Nes200_dDFE.Exponential
193,193,561.331620773,0.00055344762486,-27383.2017013,Nes200_dDFE.Exponential
194,194,566.581862944,0.000548278061661,-27375.8869271,Nes200_dDFE.Exponential
195,195,563.741334188,0.000549797032085,-27448.4912003,Nes200_dDFE.Exponential
196,196,563.532186477,0.000552247077603,-27347.5842233,Nes200_dDFE.Exponential
197,197,568.326799353,0.000548746580046,-27414.5799005,Nes200_dDFE.Exponential
198,198,560.573253317,0.000555916173092,-27471.7723854,Nes200_dDFE.Exponential
199,199,568.601989385,0.000544192209599,-27353.326942,Nes200_dDFE.Exponential
200,200,568.218961005,0.000546125723142,-27269.9161563,Nes200_dDFE.Exponential
201,201,561.85735294,0.000553785456165,-27459.3885299,Nes200_dDFE.Exponential
202,202,561.583490625,0.00055759163682,-27458.5241783,Nes200_dDFE.Exponential
203,203,565.778515172,0.000550457804357,-27419.6747914,Nes200_dDFE.Exponential
204,204,566.589240291,0.000546568018283,-27415.2755053,Nes200_dDFE.Exponential
205,205,562.124902728,0.000554974702175,-27437.0395616,Nes200_dDFE.Exponential
206,206,557.53115407,0.000561099517661,-27392.0795551,Nes200_dDFE.Exponential
207,207,561.985538904,0.000553379215476,-27347.3825221,Nes200_dDFE.Exponential
208,208,560.272754174,0.000558988584341,-27411.7257518,Nes200_dDFE.Exponential
209,209,564.528225847,0.000549144925045,-27393.2550034,Nes200_dDFE.Exponential
210,210,563.718521072,0.000551579372425,-27315.1121522,Nes200_dDFE.Exponential
211,211,566.360693752,0.000549425084263,-27469.9395832,Nes200_dDFE.Exponential
212,212,558.705564289,0.000560085415897,-27432.8346532,Nes200_dDFE.Exponential
213,213,564.8240213,0.000550978895696,-27367.4328785,Nes200_dDFE.Exponential
214,214,561.55333612,0.000552428168638,-27448.7513479,Nes200_dDFE.Exponential
215,215,562.807263253,0.000551504420832,-27474.4718493,Nes200_dDFE.Exponential
216,216,563.821770352,0.000551347218149,-27365.2922884,Nes200_dDFE.Exponential
217,217,567.549570132,0.000545608385367,-27350.7394703,Nes200_dDFE.Exponential
218,218,562.539946015,0.00055416927742,-27503.7190129,Nes200_dDFE.Exponential
219,219,561.498870589,0.000554294483201,-27422.7152419,Nes200_dDFE.Exponential
220,220,565.062400789,0.000550110321374,-27424.0556336,Nes200_dDFE.Exponential
221,221,567.880571975,0.000546752444685,-27410.4112936,Nes200_dDFE.Exponential
222,222,565.870735496,0.000551493417939,-27424.0907702,Nes200_dDFE.Exponential
223,223,556.702854813,0.00055991132193,-27382.3453288,Nes200_dDFE.Exponential
224,224,567.817778258,0.000547728164338,-27519.5021678,Nes200_dDFE.Exponential
225,225,565.164597013,0.000549911275284,-27413.4759695,Nes200_dDFE.Exponential
226,226,567.983307674,0.00054499032006,-27396.0647745,Nes200_dDFE.Exponential
227,227,567.991334212,0.000546975848156,-27353.1896515,Nes200_dDFE.Exponential
228,228,565.202332643,0.00054937976396,-27416.7892348,Nes200_dDFE.Exponential
229,229,563.449712621,0.000552459662776,-27366.5638545,Nes200_dDFE.Exponential
230,230,560.2034745,0.000555993392865,-27369.0739852,Nes200_dDFE.Exponential
231,231,563.288316229,0.000553349939097,-27353.8638224,Nes200_dDFE.Exponential
232,232,563.782301854,0.000554204905939,-27504.7378826,Nes200_dDFE.Exponential
233,233,567.421203543,0.000549004453319,-27413.2536564,Nes200_dDFE.Exponential
234,234,567.335464942,0.000546954404164,-27333.9967246,Nes200_dDFE.Exponential
235,235,562.024453459,0.000552874251244,-27377.5380321,Nes200_dDFE.Exponential
236,236,565.106973804,0.000551115705403,-27433.1419824,Nes200_dDFE.Exponential
237,237,561.868552687,0.000554784320157,-27294.80692,Nes200_dDFE.Exponential
238,238,566.124972965,0.000551326567264,-27461.3807508,Nes200_dDFE.Exponential
239,239,566.741739378,0.000546115331634,-27338.1463203,Nes200_dDFE.Exponential
240,240,569.424622014,0.000543957008834,-27444.9221379,Nes200_dDFE.Exponential
241,241,564.541397962,0.000552409830656,-27477.0770638,Nes200_dDFE.Exponential
242,242,569.339214928,0.000545408763827,-27326.2009642,Nes200_dDFE.Exponential
243,243,564.714539902,0.000548236545737,-27491.6606933,Nes200_dDFE.Exponential
244,244,563.688788861,0.00055103130377,-27377.053007,Nes200_dDFE.Exponential
245,245,568.545332855,0.000544720314687,-27388.0126706,Nes200_dDFE.Exponential
246,246,563.553157749,0.000551281463565,-27383.7856176,Nes200_dDFE.Exponential
247,247,565.276172117,0.000549271393878,-27364.1386437,Nes200_dDFE.Exponential
248,248,565.426771757,0.000548436124522,-27337.1454982,Nes200_dDFE.Exponential
249,249,564.814187402,0.000548058657738,-27426.0775649,Nes200_dDFE.Exponential
250,250,563.947481434,0.000551473457249,-27366.8793291,Nes200_dDFE.Exponential
251,251,562.079133873,0.000554399668249,-27384.147005,Nes200_dDFE.Exponential
252,252,560.621146741,0.000553817191247,-27284.8464287,Nes200_dDFE.Exponential
253,253,565.647770343,0.000549694003235,-27465.6261942,Nes200_dDFE.Exponential
254,254,565.025747086,0.000549541831474,-27408.0946422,Nes200_dDFE.Exponential
255,255,563.315002494,0.000553085012867,-27409.5584558,Nes200_dDFE.Exponential
256,256,560.230510304,0.000555903992755,-27451.2406268,Nes200_dDFE.Exponential
257,257,567.613365702,0.000544853510258,-27529.3979339,Nes200_dDFE.Exponential
258,258,562.850416026,0.0005526000887,-27426.7109738,Nes200_dDFE.Exponential
259,259,561.88489373,0.00055792408452,-27359.2002196,Nes200_dDFE.Exponential
260,260,565.622724228,0.000548901033858,-27402.7597023,Nes200_dDFE.Exponential
261,261,561.448087897,0.000556642685705,-27416.7956383,Nes200_dDFE.Exponential
262,262,563.253387921,0.000554044394416,-27377.8772781,Nes200_dDFE.Exponential
263,263,569.386748864,0.000543845533248,-27362.3986361,Nes200_dDFE.Exponential
264,264,561.921376424,0.000554227611617,-27394.5029637,Nes200_dDFE.Exponential
265,265,569.455475252,0.000544899375307,-27468.3209513,Nes200_dDFE.Exponential
266,266,564.513385428,0.000550544752924,-27327.42343,Nes200_dDFE.Exponential
267,267,565.31777311,0.000549643891396,-27326.7006686,Nes200_dDFE.Exponential
268,268,561.124457224,0.000553455336503,-27483.0733857,Nes200_dDFE.Exponential
269,269,565.676564381,0.000551773220964,-27496.2410482,Nes200_dDFE.Exponential
270,270,561.446484049,0.000554368800223,-27399.3256321,Nes200_dDFE.Exponential
271,271,562.338733924,0.000551950210882,-27408.745172,Nes200_dDFE.Exponential
272,272,564.084054179,0.000550468679602,-27431.9989306,Nes200_dDFE.Exponential
273,273,566.977495745,0.000546196887813,-27328.5881528,Nes200_dDFE.Exponential
274,274,569.57900799,0.000544518839254,-27294.021401,Nes200_dDFE.Exponential
275,275,560.726164265,0.000553843480492,-27443.5766587,Nes200_dDFE.Exponential
276,276,561.566216928,0.000555286076185,-27375.0941259,Nes200_dDFE.Exponential
277,277,558.622112132,0.000560425062866,-27404.7442302,Nes200_dDFE.Exponential
278,278,567.291733537,0.000549363169482,-27382.5270651,Nes200_dDFE.Exponential
279,279,561.651353302,0.000554272598172,-27360.9601958,Nes200_dDFE.Exponential
280,280,567.038834118,0.000548227111474,-27453.8280668,Nes200_dDFE.Exponential
281,281,566.05517299,0.000546594582812,-27383.8368649,Nes200_dDFE.Exponential
282,282,565.026047038,0.000548359351701,-27414.791973,Nes200_dDFE.Exponential
283,283,563.339137584,0.000552297928863,-27451.6676945,Nes200_dDFE.Exponential
284,284,562.254596465,0.000554092077074,-27323.7461767,Nes200_dDFE.Exponential
285,285,562.040175962,0.000554666134504,-27402.4185652,Nes200_dDFE.Exponential
286,286,571.558261786,0.000541642819075,-27393.1639189,Nes200_dDFE.Exponential
287,287,564.919582935,0.000550717491198,-27392.8415487,Nes200_dDFE.Exponential
288,288,563.844704444,0.000550425116121,-27378.5784697,Nes200_dDFE.Exponential
289,289,566.106716957,0.000549266290653,-27455.4293715,Nes200_dDFE.Exponential
290,290,567.16067467,0.000547702215091,-27428.1549724,Nes200_dDFE.Exponential
291,291,560.767274589,0.000555165636822,-27454.9877866,Nes200_dDFE.Exponential
292,292,561.099449875,0.000556455052754,-27387.6908648,Nes200_dDFE.Exponential
293,293,556.926526311,0.000564564452001,-27508.4698142,Nes200_dDFE.Exponential
294,294,560.606256058,0.000557604743332,-27366.8449906,Nes200_dDFE.Exponential
295,295,564.902300876,0.000552191708564,-27351.9369636,Nes200_dDFE.Exponential
296,296,566.363791975,0.00054886369587,-27391.5935069,Nes200_dDFE.Exponential
297,297,565.068215949,0.000549021815239,-27453.0711216,Nes200_dDFE.Exponential
298,298,557.84190257,0.000560554676612,-27376.3657638,Nes200_dDFE.Exponential
299,299,565.200913288,0.000549338749623,-27291.1068498,Nes200_dDFE.Exponential
300,300,566.53801044,0.000544821253991,-27354.3786988,Nes200_dDFE.Exponential
301,301,568.929357161,0.000545475097842,-27394.8875388,Nes200_dDFE.Exponential
302,302,561.918471863,0.000554004025939,-27470.3421785,Nes200_dDFE.Exponential
303,303,561.284161207,0.000556681034967,-27399.4976562,Nes200_dDFE.Exponential
304,304,564.272281203,0.000550281887633,-27448.1344471,Nes200_dDFE.Exponential
305,305,563.008181049,0.000554619447882,-27418.5630878,Nes200_dDFE.Exponential
306,306,560.827489135,0.000556199488973,-27422.6996294,Nes200_dDFE.Exponential
307,307,565.185042667,0.000548550867514,-27481.7083146,Nes200_dDFE.Exponential
308,308,565.996294348,0.0005482381986,-27341.8816472,Nes200_dDFE.Exponential
309,309,571.371997057,0.000543069235507,-27421.0045693,Nes200_dDFE.Exponential
310,310,567.950436542,0.000546225692762,-27352.0259606,Nes200_dDFE.Exponential
311,311,570.060447557,0.00054414090079,-27392.0542093,Nes200_dDFE.Exponential
312,312,570.309653827,0.000542442787511,-27401.9405947,Nes200_dDFE.Exponential
313,313,568.466529716,0.000543899800478,-27334.6938838,Nes200_dDFE.Exponential
314,314,565.514548432,0.000550686066577,-27479.3447388,Nes200_dDFE.Exponential
315,315,555.944655844,0.000560707533715,-27418.0217437,Nes200_dDFE.Exponential
316,316,569.669133726,0.000544154995722,-27352.840144,Nes200_dDFE.Exponential
317,317,561.020737414,0.00055603909774,-27413.725043,Nes200_dDFE.Exponential
318,318,564.094882108,0.00055106514758,-27336.9326034,Nes200_dDFE.Exponential
319,319,569.427902388,0.00054176187049,-27365.9781598,Nes200_dDFE.Exponential
320,320,568.485338762,0.000545034117397,-27376.341493,Nes200_dDFE.Exponential
321,321,558.647395958,0.000559254802861,-27416.7640575,Nes200_dDFE.Exponential
322,322,568.794353654,0.000543723915947,-27409.3566245,Nes200_dDFE.Exponential
323,323,568.375846246,0.000545285111467,-27463.033861,Nes200_dDFE.Exponential
324,324,564.724462175,0.00055046509431,-27368.3093025,Nes200_dDFE.Exponential
325,325,567.865711854,0.00054539558962,-27414.3904402,Nes200_dDFE.Exponential
326,326,563.673367534,0.000552120636399,-27396.2812914,Nes200_dDFE.Exponential
327,327,560.55291282,0.000554392415591,-27427.698954,Nes200_dDFE.Exponential
328,328,565.573692051,0.000546996542969,-27361.640238,Nes200_dDFE.Exponential
329,329,564.177904841,0.000550398755991,-27440.8966374,Nes200_dDFE.Exponential
330,330,562.98823717,0.000553260200649,-27379.0632147,Nes200_dDFE.Exponential
331,331,566.155405584,0.000549613109548,-27478.8944448,Nes200_dDFE.Exponential
332,332,565.534074567,0.000546961663191,-27317.0155391,Nes200_dDFE.Exponential
333,333,562.361073615,0.000554187415907,-27389.0498325,Nes200_dDFE.Exponential
334,334,564.077609318,0.000550550001807,-27422.905086,Nes200_dDFE.Exponential
335,335,560.52637123,0.0005557593924,-27441.8898323,Nes200_dDFE.Exponential
336,336,563.61499475,0.000552234356411,-27453.634787,Nes200_dDFE.Exponential
337,337,564.806958803,0.000550680434798,-27416.462634,Nes200_dDFE.Exponential
338,338,558.777244804,0.000556180339499,-27362.8175678,Nes200_dDFE.Exponential
339,339,560.716290729,0.000555859696964,-27434.9602969,Nes200_dDFE.Exponential
340,340,561.515725636,0.000552829674935,-27310.2987454,Nes200_dDFE.Exponential
341,341,562.303919512,0.000555042627922,-27369.5750491,Nes200_dDFE.Exponential
342,342,561.369836243,0.000554578248568,-27491.5040912,Nes200_dDFE.Exponential
343,343,559.681054459,0.000556335289192,-27495.2442909,Nes200_dDFE.Exponential
344,344,566.088983968,0.00054628514819,-27370.2630486,Nes200_dDFE.Exponential
345,345,560.738934587,0.000556007074796,-27557.0161376,Nes200_dDFE.Exponential
346,346,563.73509516,0.000551799550406,-27381.2591981,Nes200_dDFE.Exponential
347,347,562.774487197,0.000555704350338,-27409.3947533,Nes200_dDFE.Exponential
348,348,567.719834383,0.000545472403349,-27402.4864697,Nes200_dDFE.Exponential
349,349,563.564316215,0.000554606819895,-27347.1678349,Nes200_dDFE.Exponential
350,350,559.888222839,0.000557146576246,-27430.8897801,Nes200_dDFE.Exponential
351,351,562.020972498,0.000553344738233,-27426.2554128,Nes200_dDFE.Exponential
352,352,564.396612799,0.000548206364003,-27408.3998156,Nes200_dDFE.Exponential
353,353,565.76592098,0.000547027214829,-27462.7342302,Nes200_dDFE.Exponential
354,354,565.677624129,0.000548651908096,-27426.8733398,Nes200_dDFE.Exponential
355,355,568.331789999,0.000544319190904,-27422.817559,Nes200_dDFE.Exponential
356,356,562.354706796,0.000553054946074,-27389.3533645,Nes200_dDFE.Exponential
357,357,564.157759524,0.000552090282437,-27271.9959666,Nes200_dDFE.Exponential
358,358,566.207247464,0.000548170106856,-27416.3133625,Nes200_dDFE.Exponential
359,359,568.4617973,0.000546199565257,-27384.2458742,Nes200_dDFE.Exponential
360,360,564.29534378,0.000549409624464,-27439.1992835,Nes200_dDFE.Exponential
361,361,563.154868192,0.000551325546326,-27357.8168124,Nes200_dDFE.Exponential
362,362,560.981675001,0.000558277350262,-27405.5560539,Nes200_dDFE.Exponential
363,363,559.060926665,0.000557635939025,-27447.8948298,Nes200_dDFE.Exponential
364,364,567.509744413,0.000544062944374,-27430.2331318,Nes200_dDFE.Exponential
365,365,564.046500879,0.000552655326822,-27397.018963,Nes200_dDFE.Exponential
366,366,567.723875474,0.000543453867914,-27424.2634995,Nes200_dDFE.Exponential
367,367,563.21484828,0.000549790052939,-27359.4708619,Nes200_dDFE.Exponential
368,368,564.522389444,0.000551908787362,-27440.2971621,Nes200_dDFE.Exponential
369,369,562.303966336,0.000553274392207,-27382.6420359,Nes200_dDFE.Exponential
370,370,561.342050472,0.000553923924468,-27381.4738833,Nes200_dDFE.Exponential
371,371,563.572195624,0.000553590855534,-27372.6624033,Nes200_dDFE.Exponential
372,372,567.576308256,0.000547570423604,-27448.1328855,Nes200_dDFE.Exponential
373,373,567.158274754,0.000545767490737,-27376.0706032,Nes200_dDFE.Exponential
374,374,564.937783406,0.00055079471458,-27464.5094743,Nes200_dDFE.Exponential
375,375,565.604272738,0.000551200501319,-27345.2116976,Nes200_dDFE.Exponential
376,376,570.082985231,0.000543346260065,-27394.5689438,Nes200_dDFE.Exponential
377,377,564.105858423,0.000552039485693,-27395.332448,Nes200_dDFE.Exponential
378,378,564.714231847,0.000548150312509,-27510.9843998,Nes200_dDFE.Exponential
379,379,562.914245177,0.000552238422144,-27381.0498648,Nes200_dDFE.Exponential
380,380,561.865868266,0.000553107429149,-27331.7936494,Nes200_dDFE.Exponential
381,381,563.365746957,0.000550400377414,-27362.9808323,Nes200_dDFE.Exponential
382,382,566.412238791,0.000545611744877,-27427.4969815,Nes200_dDFE.Exponential
383,383,564.788240088,0.000549919602973,-27438.9293691,Nes200_dDFE.Exponential
384,384,565.351973719,0.000550374173592,-27371.9404155,Nes200_dDFE.Exponential
385,385,562.186015541,0.000552370040396,-27373.9504002,Nes200_dDFE.Exponential
386,386,563.57030793,0.000549768644327,-27485.7320733,Nes200_dDFE.Exponential
387,387,565.412682532,0.000550763713443,-27464.3247575,Nes200_dDFE.Exponential
388,388,562.284227748,0.000556652034993,-27450.253691,Nes200_dDFE.Exponential
389,389,569.110830856,0.000543141851318,-27328.6123487,Nes200_dDFE.Exponential
390,390,567.730409569,0.000546378323813,-27371.4796483,Nes200_dDFE.Exponential
391,391,569.62292005,0.000543532817718,-27289.9788107,Nes200_dDFE.Exponential
392,392,566.323067901,0.000550361542258,-27544.5475965,Nes200_dDFE.Exponential
393,393,563.86609784,0.000551530624886,-27371.1838851,Nes200_dDFE.Exponential
394,394,561.341634087,0.000555112728459,-27408.1676152,Nes200_dDFE.Exponential
395,395,565.290385534,0.000549232424805,-27413.4240361,Nes200_dDFE.Exponential
396,396,558.031242978,0.00056098565482,-27473.1546927,Nes200_dDFE.Exponential
397,397,564.71084984,0.000551949574482,-27408.8799284,Nes200_dDFE.Exponential
398,398,562.516806182,0.000552669142713,-27420.7705196,Nes200_dDFE.Exponential
399,399,560.314592915,0.000555986355921,-27385.5488484,Nes200_dDFE.Exponential
400,400,564.639432186,0.000551717969814,-27463.0905794,Nes200_dDFE.Exponential
401,401,562.703205287,0.000552466551895,-27463.7223904,Nes200_dDFE.Exponential
402,402,561.063111161,0.000555013728295,-27353.7698748,Nes200_dDFE.Exponential
403,403,565.145072513,0.000551590705223,-27440.8247728,Nes200_dDFE.Exponential
404,404,564.36967026,0.000550573771572,-27499.1348258,Nes200_dDFE.Exponential
405,405,567.708107717,0.00054378641592,-27376.8892853,Nes200_dDFE.Exponential
406,406,569.073175404,0.000540369953414,-27390.5573947,Nes200_dDFE.Exponential
407,407,561.643376875,0.000555392256399,-27483.1081512,Nes200_dDFE.Exponential
408,408,563.264591942,0.000553604900236,-27464.3610199,Nes200_dDFE.Exponential
409,409,566.416750039,0.000548008284332,-27326.3131525,Nes200_dDFE.Exponential
410,410,563.435438765,0.000553520861459,-27472.8768086,Nes200_dDFE.Exponential
411,411,559.766306277,0.000557674558145,-27495.0048083,Nes200_dDFE.Exponential
412,412,564.736978185,0.000550167299438,-27459.7115926,Nes200_dDFE.Exponential
413,413,568.170410949,0.00054677740196,-27437.8476882,Nes200_dDFE.Exponential
414,414,561.536173327,0.000556759455931,-27426.6405722,Nes200_dDFE.Exponential
415,415,561.005341716,0.000555291364572,-27497.4906737,Nes200_dDFE.Exponential
416,416,560.488322723,0.000554379206252,-27449.1489805,Nes200_dDFE.Exponential
417,417,562.436521266,0.000551383503426,-27416.3460857,Nes200_dDFE.Exponential
418,418,562.928411403,0.000554284311446,-27414.3456534,Nes200_dDFE.Exponential
419,419,554.917651551,0.000563186020968,-27409.3615691,Nes200_dDFE.Exponential
420,420,571.700232167,0.000541107911402,-27499.4136641,Nes200_dDFE.Exponential
421,421,558.443371011,0.000560033554006,-27486.8137501,Nes200_dDFE.Exponential
422,422,558.878574527,0.000556551570438,-27423.7069917,Nes200_dDFE.Exponential
423,423,565.160688308,0.000549886535049,-27468.8713303,Nes200_dDFE.Exponential
424,424,566.118924352,0.00054985668995,-27436.3026845,Nes200_dDFE.Exponential
425,425,561.988534468,0.000556859224082,-27486.3244408,Nes200_dDFE.Exponential
426,426,565.367203708,0.000548137592392,-27369.3484512,Nes200_dDFE.Exponential
427,427,563.504320595,0.00055122771047,-27479.4905876,Nes200_dDFE.Exponential
428,428,561.129475594,0.000552968481112,-27467.1221866,Nes200_dDFE.Exponential
429,429,562.580559544,0.000553525674474,-27353.24782,Nes200_dDFE.Exponential
430,430,565.367276669,0.000550131382195,-27377.9578057,Nes200_dDFE.Exponential
431,431,563.046272816,0.000552192836794,-27410.2190356,Nes200_dDFE.Exponential
432,432,564.533357382,0.000551848438897,-27362.5780346,Nes200_dDFE.Exponential
433,433,566.874304048,0.000548317419811,-27436.2645849,Nes200_dDFE.Exponential
434,434,566.383407593,0.00054763798482,-27349.7821382,Nes200_dDFE.Exponential
435,435,565.93440522,0.000548618005638,-27320.2963743,Nes200_dDFE.Exponential
436,436,562.501620583,0.000553729589655,-27352.1625119,Nes200_dDFE.Exponential
437,437,558.782218365,0.000559137703774,-27411.3415581,Nes200_dDFE.Exponential
438,438,561.344282445,0.000554976383113,-27495.2574857,Nes200_dDFE.Exponential
439,439,559.866896598,0.00055532206636,-27332.9070191,Nes200_dDFE.Exponential
440,440,561.065540202,0.000554173698926,-27465.289321,Nes200_dDFE.Exponential
441,441,567.419127525,0.000548153720583,-27477.5213506,Nes200_dDFE.Exponential
442,442,567.001908754,0.000546057314496,-27362.3733089,Nes200_dDFE.Exponential
443,443,563.377948766,0.00055192350461,-27430.2311964,Nes200_dDFE.Exponential
444,444,565.484915045,0.000547874857319,-27366.4673104,Nes200_dDFE.Exponential
445,445,565.045036633,0.000550444683594,-27329.9895274,Nes200_dDFE.Exponential
446,446,563.648980532,0.000551715804012,-27423.4176023,Nes200_dDFE.Exponential
447,447,563.661934015,0.000550642611491,-27420.3267526,Nes200_dDFE.Exponential
448,448,566.255093198,0.000549431805256,-27398.2836917,Nes200_dDFE.Exponential
449,449,558.153073715,0.000558966179541,-27441.8818947,Nes200_dDFE.Exponential
450,450,560.044822951,0.000558358544236,-27324.289509,Nes200_dDFE.Exponential
451,451,558.558015373,0.000558987723904,-27312.378826,Nes200_dDFE.Exponential
452,452,566.397539727,0.000547826484034,-27393.4779293,Nes200_dDFE.Exponential
453,453,562.928799259,0.00055278764191,-27436.3127997,Nes200_dDFE.Exponential
454,454,562.007815687,0.000555353160265,-27361.7404251,Nes200_dDFE.Exponential
455,455,562.817147291,0.000553018830594,-27334.6966325,Nes200_dDFE.Exponential
456,456,565.73213659,0.000548817681579,-27471.2175203,Nes200_dDFE.Exponential
457,457,563.422252464,0.000553538185639,-27368.7907896,Nes200_dDFE.Exponential
458,458,568.806727244,0.000545618822036,-27378.4270638,Nes200_dDFE.Exponential
459,459,562.531710501,0.000553839807817,-27428.4256846,Nes200_dDFE.Exponential
460,460,563.407027558,0.00054891837739,-27332.9067185,Nes200_dDFE.Exponential
461,461,565.245208627,0.000549660247104,-27354.8043921,Nes200_dDFE.Exponential
462,462,563.662298679,0.000552062712211,-27375.8396575,Nes200_dDFE.Exponential
463,463,563.443042841,0.000550811038037,-27347.0583499,Nes200_dDFE.Exponential
464,464,564.044919962,0.000550225654089,-27417.6210224,Nes200_dDFE.Exponential
465,465,567.116284133,0.000546139107961,-27398.4649427,Nes200_dDFE.Exponential
466,466,566.083820369,0.00054636080266,-27392.629304,Nes200_dDFE.Exponential
467,467,566.98288671,0.000547802689653,-27476.3833002,Nes200_dDFE.Exponential
468,468,566.064810561,0.00055017952802,-27416.7602044,Nes200_dDFE.Exponential
469,469,565.089903255,0.000548678444872,-27462.8458242,Nes200_dDFE.Exponential
470,470,565.419682807,0.000548266990508,-27367.0003657,Nes200_dDFE.Exponential
471,471,559.501353559,0.000559478578116,-27445.3259422,Nes200_dDFE.Exponential
472,472,565.56104694,0.000550003486732,-27399.2243598,Nes200_dDFE.Exponential
473,473,568.505584343,0.000544026241367,-27394.8479138,Nes200_dDFE.Exponential
474,474,561.800553375,0.00055152412597,-27452.3399921,Nes200_dDFE.Exponential
475,475,560.354274375,0.000554415190773,-27403.2855335,Nes200_dDFE.Exponential
476,476,562.990495117,0.000553635789505,-27392.6213281,Nes200_dDFE.Exponential
477,477,561.620007552,0.000555747573662,-27410.1750126,Nes200_dDFE.Exponential
478,478,567.448564443,0.000546494987028,-27340.715405,Nes200_dDFE.Exponential
479,479,562.515237141,0.000552845395899,-27485.6453779,Nes200_dDFE.Exponential
480,480,561.088414407,0.000557544019737,-27452.0684634,Nes200_dDFE.Exponential
481,481,559.431736251,0.00055575030074,-27447.8514853,Nes200_dDFE.Exponential
482,482,567.621290685,0.000546560213202,-27428.4800381,Nes200_dDFE.Exponential
483,483,567.017057588,0.000547815548309,-27385.1390618,Nes200_dDFE.Exponential
484,484,566.061219791,0.00054960972797,-27358.5431391,Nes200_dDFE.Exponential
485,485,561.158075305,0.000554029759911,-27429.8747244,Nes200_dDFE.Exponential
486,486,564.429873131,0.000547015568746,-27315.9022854,Nes200_dDFE.Exponential
487,487,565.438413443,0.00055007066551,-27376.9295305,Nes200_dDFE.Exponential
488,488,566.469083576,0.000549784013273,-27381.4301889,Nes200_dDFE.Exponential
489,489,565.901083574,0.000549597414891,-27379.4120725,Nes200_dDFE.Exponential
490,490,565.14319922,0.000551089693858,-27347.7222196,Nes200_dDFE.Exponential
491,491,559.146858077,0.000557027688328,-27338.7310259,Nes200_dDFE.Exponential
492,492,564.160905649,0.000551520408987,-27454.4326519,Nes200_dDFE.Exponential
493,493,560.848592819,0.000554337613308,-27442.0456455,Nes200_dDFE.Exponential
494,494,565.99572124,0.000550491831957,-27372.8161508,Nes200_dDFE.Exponential
495,495,562.045890527,0.000553603137844,-27438.5213142,Nes200_dDFE.Exponential
496,496,566.262572083,0.000547980460675,-27329.185245,Nes200_dDFE.Exponential
497,497,563.118974097,0.000553091646464,-27375.6869655,Nes200_dDFE.Exponential
498,498,569.96454831,0.000543362603814,-27380.9703346,Nes200_dDFE.Exponential
499,499,568.641226036,0.000544834627817,-27382.2504471,Nes200_dDFE.Exponential
500,500,560.672066595,0.000557193485882,-27429.6124615,Nes200_dDFE.Exponential
501,501,563.383805743,0.000552151834377,-27448.0267273,Nes200_dDFE.Exponential
502,502,556.536048725,0.000561217179936,-27460.0021704,Nes200_dDFE.Exponential
503,503,566.469732527,0.000548528031789,-27445.684384,Nes200_dDFE.Exponential
504,504,559.198512171,0.000559495823782,-27472.1578717,Nes200_dDFE.Exponential
505,505,560.290256764,0.000556672731676,-27411.4016856,Nes200_dDFE.Exponential
506,506,567.863305216,0.000544228643949,-27406.9452792,Nes200_dDFE.Exponential
507,507,562.875756727,0.000553197982691,-27469.7850429,Nes200_dDFE.Exponential
508,508,569.273463227,0.000542489594208,-27436.1404875,Nes200_dDFE.Exponential
509,509,563.249897452,0.000555291247341,-27405.3052594,Nes200_dDFE.Exponential
510,510,563.9250914,0.000552049057787,-27493.2609838,Nes200_dDFE.Exponential
511,511,564.159008545,0.00055153461322,-27340.2943193,Nes200_dDFE.Exponential
512,512,563.006879156,0.000553005743328,-27392.4989821,Nes200_dDFE.Exponential
513,513,565.23133097,0.000551914802524,-27451.3940225,Nes200_dDFE.Exponential
514,514,565.639676459,0.000549245565235,-27461.7099448,Nes200_dDFE.Exponential
515,515,564.353315303,0.000549620994992,-27360.7054491,Nes200_dDFE.Exponential
516,516,566.351379201,0.000547072130448,-27485.490378,Nes200_dDFE.Exponential
517,517,556.103925907,0.000562290588469,-27363.4849781,Nes200_dDFE.Exponential
518,518,565.668714348,0.000549631287973,-27433.8558498,Nes200_dDFE.Exponential
519,519,562.256614719,0.000553817874984,-27400.3681409,Nes200_dDFE.Exponential
520,520,564.427484045,0.000548440273052,-27310.2102386,Nes200_dDFE.Exponential
521,521,559.823151609,0.000555372888469,-27353.7473565,Nes200_dDFE.Exponential
522,522,557.994411115,0.000560355614753,-27310.7809019,Nes200_dDFE.Exponential
523,523,560.121744451,0.000556587128369,-27415.6536823,Nes200_dDFE.Exponential
524,524,561.001106219,0.000554530935319,-27392.021573,Nes200_dDFE.Exponential
525,525,564.923527319,0.000547740198481,-27373.9268134,Nes200_dDFE.Exponential
526,526,559.698794609,0.000557351135781,-27440.6478358,Nes200_dDFE.Exponential
527,527,561.521180033,0.000554811295879,-27316.4432953,Nes200_dDFE.Exponential
528,528,562.568987972,0.000554394516135,-27497.4882568,Nes200_dDFE.Exponential
529,529,566.372980496,0.00054786535498,-27379.9565624,Nes200_dDFE.Exponential
530,530,562.479350851,0.00055106111945,-27454.8081821,Nes200_dDFE.Exponential
531,531,564.079852838,0.000550620225048,-27450.7385754,Nes200_dDFE.Exponential
532,532,563.724725295,0.000551370990886,-27370.2378289,Nes200_dDFE.Exponential
533,533,558.255916704,0.000558438517311,-27439.2111373,Nes200_dDFE.Exponential
534,534,564.78881861,0.000548697626789,-27474.4260497,Nes200_dDFE.Exponential
535,535,561.715503762,0.00055215903351,-27526.2819882,Nes200_dDFE.Exponential
536,536,564.889381723,0.000553019248264,-27390.0533294,Nes200_dDFE.Exponential
537,537,564.26937832,0.000550733906168,-27434.0115983,Nes200_dDFE.Exponential
538,538,563.991478312,0.000550302183373,-27384.815706,Nes200_dDFE.Exponential
539,539,569.819451585,0.000544956184817,-27468.3214278,Nes200_dDFE.Exponential
540,540,561.1519663,0.000552986797889,-27365.5617049,Nes200_dDFE.Exponential
541,541,555.909894455,0.000563633471818,-27389.0884241,Nes200_dDFE.Exponential
542,542,564.298545549,0.000550148983447,-27375.4353622,Nes200_dDFE.Exponential
543,543,561.427740531,0.000554326147381,-27376.1511883,Nes200_dDFE.Exponential
544,544,564.989215007,0.000551432418219,-27482.4410862,Nes200_dDFE.Exponential
545,545,562.969856902,0.000553309821864,-27418.406942,Nes200_dDFE.Exponential
546,546,558.634285309,0.000559794514771,-27442.5594287,Nes200_dDFE.Exponential
547,547,566.290417453,0.000548313928233,-27375.8184352,Nes200_dDFE.Exponential
548,548,559.186024962,0.0005575613756,-27357.5312464,Nes200_dDFE.Exponential
549,549,565.669539008,0.000547719792072,-27437.8321321,Nes200_dDFE.Exponential
550,550,571.709102121,0.000538768208024,-27411.8892449,Nes200_dDFE.Exponential
551,551,562.241944735,0.000553139184538,-27388.3551124,Nes200_dDFE.Exponential
552,552,564.787276232,0.000551761839369,-27442.2754599,Nes200_dDFE.Exponential
553,553,564.812346031,0.000551224467438,-27385.5281896,Nes200_dDFE.Exponential
554,554,561.050166873,0.000554673478974,-27390.3860259,Nes200_dDFE.Exponential
555,555,565.63422609,0.000549393145038,-27421.5409614,Nes200_dDFE.Exponential
556,556,564.740480753,0.00055072134088,-27457.957068,Nes200_dDFE.Exponential
557,557,562.140853772,0.000554558096145,-27388.6487904,Nes200_dDFE.Exponential
558,558,563.518589407,0.000551371414529,-27450.7961678,Nes200_dDFE.Exponential
559,559,564.92209034,0.000550100150934,-27358.7995954,Nes200_dDFE.Exponential
560,560,565.80349785,0.000547613288401,-27342.0254295,Nes200_dDFE.Exponential
561,561,567.024227505,0.000546653304676,-27436.6283729,Nes200_dDFE.Exponential
562,562,564.363373397,0.000552439743509,-27412.9896242,Nes200_dDFE.Exponential
563,563,564.079687555,0.000550891314133,-27367.1418529,Nes200_dDFE.Exponential
564,564,562.680124659,0.000553358404538,-27445.4793189,Nes200_dDFE.Exponential
565,565,564.915724236,0.000551541089532,-27435.1076659,Nes200_dDFE.Exponential
566,566,569.273908954,0.000541904972122,-27390.9563648,Nes200_dDFE.Exponential
567,567,561.294761181,0.000555564326434,-27493.8791213,Nes200_dDFE.Exponential
568,568,561.153441195,0.000557313237411,-27482.1550116,Nes200_dDFE.Exponential
569,569,561.614193879,0.000555167584859,-27435.3364096,Nes200_dDFE.Exponential
570,570,560.500103863,0.000557216293988,-27365.2071433,Nes200_dDFE.Exponential
571,571,563.94450237,0.000551963225935,-27328.3088555,Nes200_dDFE.Exponential
572,572,564.10421437,0.000551045473175,-27459.5055834,Nes200_dDFE.Exponential
573,573,562.674805502,0.000553307088345,-27380.5569661,Nes200_dDFE.Exponential
574,574,565.188101985,0.000548519869355,-27478.4327295,Nes200_dDFE.Exponential
575,575,561.934508641,0.000555605144533,-27457.6211555,Nes200_dDFE.Exponential
576,576,562.341121547,0.000551202767343,-27354.4631653,Nes200_dDFE.Exponential
577,577,562.125835198,0.000555607943197,-27466.0943171,Nes200_dDFE.Exponential
578,578,559.38086318,0.000557992029488,-27345.1767751,Nes200_dDFE.Exponential
579,579,569.465819135,0.0005444055634,-27438.8130238,Nes200_dDFE.Exponential
580,580,561.999106598,0.000556511489203,-27289.5048064,Nes200_dDFE.Exponential
581,581,564.662594679,0.000551517239448,-27445.0811406,Nes200_dDFE.Exponential
582,582,561.485023544,0.000553161040337,-27438.1431054,Nes200_dDFE.Exponential
583,583,564.105364835,0.000552327733313,-27406.333913,Nes200_dDFE.Exponential
584,584,562.21795554,0.000554587472351,-27443.1074558,Nes200_dDFE.Exponential
585,585,565.880311899,0.000550382166611,-27432.3974391,Nes200_dDFE.Exponential
586,586,569.259202408,0.000543421499276,-27374.2322905,Nes200_dDFE.Exponential
587,587,561.939545255,0.000552312432404,-27436.5981195,Nes200_dDFE.Exponential
588,588,567.350621368,0.000546291403082,-27435.7824317,Nes200_dDFE.Exponential
589,589,565.657199347,0.000550294428087,-27445.5282396,Nes200_dDFE.Exponential
590,590,566.857662491,0.000546524962543,-27411.2044376,Nes200_dDFE.Exponential
591,591,565.821319262,0.000546943358043,-27502.2348123,Nes200_dDFE.Exponential
592,592,559.147928958,0.00055946118107,-27346.4507608,Nes200_dDFE.Exponential
593,593,559.764379155,0.000554980624087,-27392.9764723,Nes200_dDFE.Exponential
594,594,565.330943953,0.000547311158276,-27407.9290245,Nes200_dDFE.Exponential
595,595,562.149058014,0.000554888812733,-27425.8696608,Nes200_dDFE.Exponential
596,596,564.809205827,0.000550970277806,-27410.0858092,Nes200_dDFE.Exponential
597,597,559.755205753,0.000557308197268,-27499.6171415,Nes200_dDFE.Exponential
598,598,565.800583142,0.000549351257485,-27405.2566405,Nes200_dDFE.Exponential
599,599,568.947382463,0.000543945010677,-27372.3650854,Nes200_dDFE.Exponential
600,600,563.760450224,0.000554138285071,-27394.6161115,Nes200_dDFE.Exponential
601,601,558.631323971,0.000558012583289,-27370.7624444,Nes200_dDFE.Exponential
602,602,559.107295016,0.000557159413393,-27393.1620889,Nes200_dDFE.Exponential
603,603,564.962018763,0.000551539141249,-27288.2712378,Nes200_dDFE.Exponential
604,604,561.06775398,0.000554057483635,-27427.3982219,Nes200_dDFE.Exponential
605,605,566.52299538,0.000545427520947,-27440.4218872,Nes200_dDFE.Exponential
606,606,563.999694016,0.000553306513306,-27402.4539393,Nes200_dDFE.Exponential
607,607,560.747827102,0.000556102872187,-27425.6436273,Nes200_dDFE.Exponential
608,608,562.358680002,0.000553347849823,-27381.8358416,Nes200_dDFE.Exponential
609,609,566.406673498,0.000546335520125,-27427.6303439,Nes200_dDFE.Exponential
610,610,568.696611631,0.00054579626004,-27425.4820992,Nes200_dDFE.Exponential
611,611,566.026961569,0.00054965681345,-27412.2692434,Nes200_dDFE.Exponential
612,612,563.794575838,0.000550524128766,-27339.7306864,Nes200_dDFE.Exponential
613,613,560.101732384,0.000555761625202,-27314.8399119,Nes200_dDFE.Exponential
614,614,567.07694204,0.000546040548272,-27517.4077981,Nes200_dDFE.Exponential
615,615,558.064318751,0.000557808198699,-27394.9484307,Nes200_dDFE.Exponential
616,616,561.721125088,0.000555626300152,-27402.1702782,Nes200_dDFE.Exponential
617,617,566.437213509,0.000546717951364,-27388.6484967,Nes200_dDFE.Exponential
618,618,570.415947108,0.000543195302857,-27485.945526,Nes200_dDFE.Exponential
619,619,565.556610047,0.000548336172101,-27410.9621559,Nes200_dDFE.Exponential
620,620,570.604172041,0.000540514610316,-27374.9604389,Nes200_dDFE.Exponential
621,621,566.306052557,0.000548460725518,-27380.0985122,Nes200_dDFE.Exponential
622,622,565.221477934,0.000549682826267,-27413.4173072,Nes200_dDFE.Exponential
623,623,568.567118809,0.000545737284119,-27469.7017739,Nes200_dDFE.Exponential
624,624,560.151235788,0.000557202378682,-27389.9052467,Nes200_dDFE.Exponential
625,625,567.025356866,0.000550599962104,-27401.6710113,Nes200_dDFE.Exponential
626,626,563.043888795,0.000553853342468,-27371.3245415,Nes200_dDFE.Exponential
627,627,559.230546984,0.000557162534765,-27452.1017026,Nes200_dDFE.Exponential
628,628,561.983069259,0.000552405224181,-27238.8206203,Nes200_dDFE.Exponential
629,629,566.196127425,0.000548180987226,-27416.8018808,Nes200_dDFE.Exponential
630,630,567.231365171,0.000547237078476,-27430.1310417,Nes200_dDFE.Exponential
631,631,565.175307584,0.000547589709893,-27500.5699719,Nes200_dDFE.Exponential
632,632,562.874282666,0.000550240857023,-27473.5016054,Nes200_dDFE.Exponential
633,633,563.447429792,0.000551832845323,-27493.4550866,Nes200_dDFE.Exponential
634,634,560.158009358,0.000557590750571,-27448.7626851,Nes200_dDFE.Exponential
635,635,561.631859947,0.000554077540942,-27444.4003978,Nes200_dDFE.Exponential
636,636,570.556579384,0.000543049678554,-27541.9011575,Nes200_dDFE.Exponential
637,637,560.493396209,0.000557501137922,-27437.4203013,Nes200_dDFE.Exponential
638,638,557.875751572,0.000559086051972,-27400.5748908,Nes200_dDFE.Exponential
639,639,563.601424284,0.000552009848913,-27393.8330694,Nes200_dDFE.Exponential
640,640,561.233158537,0.000555966144266,-27384.7243545,Nes200_dDFE.Exponential
641,641,562.240956971,0.000554437162457,-27517.2806534,Nes200_dDFE.Exponential
642,642,567.597578136,0.000546329848829,-27413.8332701,Nes200_dDFE.Exponential
643,643,559.397229194,0.000556437637486,-27378.8065188,Nes200_dDFE.Exponential
644,644,565.327612743,0.000550692941485,-27460.8834181,Nes200_dDFE.Exponential
645,645,565.486985878,0.000549323593861,-27320.5882701,Nes200_dDFE.Exponential
646,646,566.143546428,0.000549791121719,-27452.7050212,Nes200_dDFE.Exponential
647,647,564.412335055,0.000552041014696,-27438.2870999,Nes200_dDFE.Exponential
648,648,560.923093463,0.000553374721747,-27358.4001005,Nes200_dDFE.Exponential
649,649,565.890171003,0.00054981838033,-27362.732507,Nes200_dDFE.Exponential
650,650,567.116691274,0.000547320192353,-27365.396703,Nes200_dDFE.Exponential
651,651,558.751822594,0.00055789508182,-27406.8976314,Nes200_dDFE.Exponential
652,652,563.85837095,0.000552283423623,-27411.7978139,Nes200_dDFE.Exponential
653,653,568.642371233,0.000545253569746,-27375.4262384,Nes200_dDFE.Exponential
654,654,556.781441613,0.000560867969547,-27409.3890994,Nes200_dDFE.Exponential
655,655,557.930587218,0.000557677831392,-27407.8991712,Nes200_dDFE.Exponential
656,656,565.584852716,0.000548009795976,-27407.6356704,Nes200_dDFE.Exponential
657,657,562.708976725,0.000550855852658,-27360.9080859,Nes200_dDFE.Exponential
658,658,563.961123086,0.0005521654612,-27385.9453741,Nes200_dDFE.Exponential
659,659,563.592677106,0.00055194452903,-27452.7161486,Nes200_dDFE.Exponential
660,660,571.832451887,0.000537823827087,-27370.3035296,Nes200_dDFE.Exponential
661,661,560.193733613,0.000556205030729,-27413.2466917,Nes200_dDFE.Exponential
662,662,559.35341389,0.000558148957334,-27488.4608596,Nes200_dDFE.Exponential
663,663,558.240096433,0.000556802827693,-27400.8829037,Nes200_dDFE.Exponential
664,664,560.037363239,0.000554766945931,-27407.3514073,Nes200_dDFE.Exponential
665,665,558.394607551,0.000560456065487,-27476.9558203,Nes200_dDFE.Exponential
666,666,561.827022875,0.000554269573123,-27470.0042688,Nes200_dDFE.Exponential
667,667,560.457365425,0.000555097010273,-27407.3862724,Nes200_dDFE.Exponential
668,668,559.058275376,0.000559356562886,-27521.3203908,Nes200_dDFE.Exponential
669,669,571.353529642,0.000540901515506,-27403.9283878,Nes200_dDFE.Exponential
670,670,568.110495366,0.000544226392142,-27305.0217037,Nes200_dDFE.Exponential
671,671,563.813070745,0.000552173329556,-27419.423003,Nes200_dDFE.Exponential
672,672,565.941501646,0.000549153181125,-27332.5601668,Nes200_dDFE.Exponential
673,673,565.031562195,0.000550617901947,-27416.8854428,Nes200_dDFE.Exponential
674,674,568.512757218,0.000543970952476,-27352.2867957,Nes200_dDFE.Exponential
675,675,565.958325767,0.000549369708184,-27428.9017334,Nes200_dDFE.Exponential
676,676,562.672309068,0.000554819439622,-27503.930272,Nes200_dDFE.Exponential
677,677,561.868973516,0.000554841469731,-27361.8398008,Nes200_dDFE.Exponential
678,678,565.371462873,0.00055155604839,-27383.0565462,Nes200_dDFE.Exponential
679,679,565.021129456,0.000551123919394,-27435.5108257,Nes200_dDFE.Exponential
680,680,563.782877753,0.000552151622038,-27411.0933283,Nes200_dDFE.Exponential
681,681,560.151441506,0.000558575231656,-27411.3600238,Nes200_dDFE.Exponential
682,682,560.035839452,0.000556329153965,-27381.6181505,Nes200_dDFE.Exponential
683,683,570.703088281,0.00054319652333,-27387.5552144,Nes200_dDFE.Exponential
684,684,557.405123515,0.000560339857569,-27406.8499848,Nes200_dDFE.Exponential
685,685,557.263640537,0.000559947758832,-27354.6693022,Nes200_dDFE.Exponential
686,686,562.256192979,0.000552984795992,-27475.0747443,Nes200_dDFE.Exponential
687,687,566.260449383,0.0005494715019,-27515.2356707,Nes200_dDFE.Exponential
688,688,562.78137362,0.000553199386852,-27379.143773,Nes200_dDFE.Exponential
689,689,559.524000387,0.000557794989031,-27380.6318601,Nes200_dDFE.Exponential
690,690,564.22681252,0.000553627369698,-27381.1815176,Nes200_dDFE.Exponential
691,691,565.689357596,0.000551598934379,-27404.2819111,Nes200_dDFE.Exponential
692,692,562.205870053,0.000551908212942,-27342.5880129,Nes200_dDFE.Exponential
693,693,565.178841785,0.000550474860949,-27373.8821557,Nes200_dDFE.Exponential
694,694,566.739592678,0.000549247634087,-27379.0546847,Nes200_dDFE.Exponential
695,695,565.319905007,0.000548974196329,-27350.0939036,Nes200_dDFE.Exponential
696,696,561.981529953,0.000554339007253,-27353.2483624,Nes200_dDFE.Exponential
697,697,568.71220867,0.000545726880198,-27390.674292,Nes200_dDFE.Exponential
698,698,568.3527753,0.000542886927519,-27354.9684416,Nes200_dDFE.Exponential
699,699,561.160323803,0.000553455178521,-27421.742771,Nes200_dDFE.Exponential
700,700,568.22758236,0.000544341365596,-27475.6678585,Nes200_dDFE.Exponential
701,701,561.724723848,0.0005539364883,-27414.373018,Nes200_dDFE.Exponential
702,702,560.988343482,0.000557408791381,-27303.3702244,Nes200_dDFE.Exponential
703,703,565.597312796,0.000546643870095,-27353.7949429,Nes200_dDFE.Exponential
704,704,563.521619269,0.000550534547719,-27438.2253626,Nes200_dDFE.Exponential
705,705,566.358636979,0.000548162379136,-27435.5851977,Nes200_dDFE.Exponential
706,706,559.199697993,0.000557373419022,-27388.8745212,Nes200_dDFE.Exponential
707,707,570.893930621,0.000542560773833,-27393.2476162,Nes200_dDFE.Exponential
708,708,564.941437114,0.000551108050596,-27389.0699242,Nes200_dDFE.Exponential
709,709,559.860586464,0.000557579154579,-27451.7836765,Nes200_dDFE.Exponential
710,710,558.24459005,0.000560842828234,-27432.6982625,Nes200_dDFE.Exponential
711,711,567.205949999,0.000547198727677,-27320.1460007,Nes200_dDFE.Exponential
712,712,566.588187653,0.000545268753283,-27399.4922878,Nes200_dDFE.Exponential
713,713,558.850016291,0.000557126619829,-27376.0352379,Nes200_dDFE.Exponential
714,714,566.868622587,0.000548973840609,-27390.8617374,Nes200_dDFE.Exponential
715,715,559.967330626,0.000556213721568,-27410.3103676,Nes200_dDFE.Exponential
716,716,561.848575672,0.000552528966788,-27469.6489083,Nes200_dDFE.Exponential
717,717,562.553782539,0.000553069589933,-27361.850428,Nes200_dDFE.Exponential
718,718,565.059880757,0.000551588256536,-27450.7262101,Nes200_dDFE.Exponential
719,719,560.387821755,0.00055770055666,-27401.8337062,Nes200_dDFE.Exponential
720,720,565.495867294,0.000548853042799,-27337.2808925,Nes200_dDFE.Exponential
721,721,565.488960818,0.000549622375445,-27474.0667602,Nes200_dDFE.Exponential
722,722,563.280712511,0.000553430377164,-27387.9439991,Nes200_dDFE.Exponential
723,723,561.241479875,0.000553663916792,-27459.0072164,Nes200_dDFE.Exponential
724,724,565.109004257,0.000547907520524,-27415.100579,Nes200_dDFE.Exponential
725,725,565.859557487,0.000547486877362,-27463.237755,Nes200_dDFE.Exponential
726,726,563.210960352,0.000552751396133,-27408.9117162,Nes200_dDFE.Exponential
727,727,567.862140652,0.000545813627664,-27325.8686121,Nes200_dDFE.Exponential
728,728,560.497485892,0.000558198033723,-27393.8073332,Nes200_dDFE.Exponential
729,729,558.511775442,0.000557610504523,-27374.0192964,Nes200_dDFE.Exponential
730,730,568.028899815,0.000545538102816,-27391.0639434,Nes200_dDFE.Exponential
731,731,564.120815756,0.000550725922759,-27436.0108594,Nes200_dDFE.Exponential
732,732,563.814720959,0.000551181291415,-27358.6247568,Nes200_dDFE.Exponential
733,733,560.168846095,0.000556470663432,-27350.3767774,Nes200_dDFE.Exponential
734,734,561.207525878,0.000553985239357,-27463.9916641,Nes200_dDFE.Exponential
735,735,564.963694738,0.000549075753593,-27320.4814357,Nes200_dDFE.Exponential
736,736,566.036970208,0.000547702244962,-27409.2427326,Nes200_dDFE.Exponential
737,737,562.16034947,0.000553296184391,-27445.7056216,Nes200_dDFE.Exponential
738,738,569.656548466,0.000541971962297,-27383.1609637,Nes200_dDFE.Exponential
739,739,562.320510109,0.00055449994033,-27440.9852309,Nes200_dDFE.Exponential
740,740,559.547984628,0.00055471216234,-27369.3916808,Nes200_dDFE.Exponential
741,741,565.860253184,0.000548529684194,-27441.0421972,Nes200_dDFE.Exponential
742,742,555.962173763,0.000562264373191,-27331.0568237,Nes200_dDFE.Exponential
743,743,563.683023784,0.000553247916714,-27371.9970954,Nes200_dDFE.Exponential
744,744,562.408090855,0.000555962874132,-27390.9804642,Nes200_dDFE.Exponential
745,745,563.687654676,0.00055036491491,-27396.8974378,Nes200_dDFE.Exponential
746,746,571.221968554,0.000540616252749,-27455.9029399,Nes200_dDFE.Exponential
747,747,564.417442382,0.000550266749109,-27405.229073,Nes200_dDFE.Exponential
748,748,564.718908216,0.000550045013171,-27420.0995811,Nes200_dDFE.Exponential
749,749,563.361560614,0.0005532241487,-27459.6549955,Nes200_dDFE.Exponential
750,750,561.711195824,0.000553667880897,-27397.8147564,Nes200_dDFE.Exponential
751,751,560.254369689,0.000555245575433,-27461.3561015,Nes200_dDFE.Exponential
752,752,556.517068536,0.000562347875954,-27464.0347492,Nes200_dDFE.Exponential
753,753,564.859590112,0.000550071686069,-27407.1001737,Nes200_dDFE.Exponential
754,754,562.184335311,0.00055498168668,-27471.1730669,Nes200_dDFE.Exponential
755,755,567.825407425,0.000544434056783,-27345.0162258,Nes200_dDFE.Exponential
756,756,563.895856931,0.000552024597111,-27358.4969677,Nes200_dDFE.Exponential
757,757,560.331783098,0.000556828296205,-27346.552606,Nes200_dDFE.Exponential
758,758,563.52010812,0.000551879579674,-27368.9180938,Nes200_dDFE.Exponential
759,759,568.910116455,0.000543462736469,-27451.9993048,Nes200_dDFE.Exponential
760,760,561.469006955,0.000553621634977,-27270.0212424,Nes200_dDFE.Exponential
761,761,562.451743839,0.000552603836804,-27292.1411988,Nes200_dDFE.Exponential
762,762,567.470052687,0.000546727477064,-27447.9330911,Nes200_dDFE.Exponential
763,763,558.551765723,0.000557891002715,-27409.2799124,Nes200_dDFE.Exponential
764,764,563.940214904,0.000550332570575,-27348.9707093,Nes200_dDFE.Exponential
765,765,560.513128966,0.000557262596736,-27476.5813944,Nes200_dDFE.Exponential
766,766,567.538675016,0.00054713116863,-27448.9043242,Nes200_dDFE.Exponential
767,767,567.270059498,0.000546532090913,-27362.1975769,Nes200_dDFE.Exponential
768,768,549.923299256,0.000572568022844,-27468.2502698,Nes200_dDFE.Exponential
769,769,568.449440742,0.000545461804798,-27440.1536615,Nes200_dDFE.Exponential
770,770,566.710465007,0.00054664725148,-27358.3959924,Nes200_dDFE.Exponential
771,771,567.304755097,0.00054716063982,-27446.2531016,Nes200_dDFE.Exponential
772,772,562.685462787,0.000551152111555,-27445.9035559,Nes200_dDFE.Exponential
773,773,561.588780745,0.00055117853404,-27367.5346941,Nes200_dDFE.Exponential
774,774,567.735702551,0.000545614167676,-27374.0705192,Nes200_dDFE.Exponential
775,775,568.61104174,0.000544499267675,-27463.3278262,Nes200_dDFE.Exponential
776,776,562.287245505,0.000552782585175,-27380.1998945,Nes200_dDFE.Exponential
777,777,564.067356424,0.00054957993674,-27372.9798527,Nes200_dDFE.Exponential
778,778,567.568471497,0.000545039456936,-27357.2679997,Nes200_dDFE.Exponential
779,779,565.547753798,0.000550402854062,-27449.739267,Nes200_dDFE.Exponential
780,780,563.319282136,0.000551161266377,-27437.4831757,Nes200_dDFE.Exponential
781,781,565.450575354,0.00054954095666,-27408.3342278,Nes200_dDFE.Exponential
782,782,558.713715381,0.00055700284325,-27413.78478,Nes200_dDFE.Exponential
783,783,569.971810096,0.000543516131106,-27418.481151,Nes200_dDFE.Exponential
784,784,566.130086015,0.000549775107529,-27452.9748435,Nes200_dDFE.Exponential
785,785,568.222060599,0.000543442519808,-27422.0413353,Nes200_dDFE.Exponential
786,786,563.570265179,0.000549879112786,-27408.7564983,Nes200_dDFE.Exponential
787,787,570.068970945,0.000542655402382,-27369.8603758,Nes200_dDFE.Exponential
788,788,562.420893999,0.000550978733846,-27379.7453056,Nes200_dDFE.Exponential
789,789,564.235603115,0.000548757374187,-27371.5157244,Nes200_dDFE.Exponential
790,790,559.876018391,0.000555737494055,-27442.0762481,Nes200_dDFE.Exponential
791,791,562.103630149,0.000555796170119,-27391.0366589,Nes200_dDFE.Exponential
792,792,556.862057164,0.000558911370235,-27472.2920774,Nes200_dDFE.Exponential
793,793,564.686652996,0.000551232055108,-27411.6122658,Nes200_dDFE.Exponential
794,794,575.884279929,0.000536255106616,-27435.7648453,Nes200_dDFE.Exponential
795,795,570.792951697,0.000543790715452,-27353.5792807,Nes200_dDFE.Exponential
796,796,565.832113506,0.000549233313888,-27377.4680059,Nes200_dDFE.Exponential
797,797,563.009860744,0.000551384447934,-27366.8396403,Nes200_dDFE.Exponential
798,798,563.47279553,0.000554197703034,-27426.7026051,Nes200_dDFE.Exponential
799,799,570.377516704,0.000539966265593,-27399.2404989,Nes200_dDFE.Exponential
800,800,566.112597727,0.000546003392715,-27341.584912,Nes200_dDFE.Exponential
801,801,566.859527105,0.000546652477214,-27444.3663794,Nes200_dDFE.Exponential
802,802,558.019588145,0.0005578132969,-27393.5002268,Nes200_dDFE.Exponential
803,803,566.479808464,0.000549886531841,-27384.4802259,Nes200_dDFE.Exponential
804,804,562.43717588,0.000553343249521,-27438.7751523,Nes200_dDFE.Exponential
805,805,560.101544036,0.000554495527355,-27341.4562172,Nes200_dDFE.Exponential
806,806,569.223234523,0.000543263184863,-27290.4421656,Nes200_dDFE.Exponential
807,807,563.19623696,0.000555385365445,-27421.6175147,Nes200_dDFE.Exponential
808,808,561.758354987,0.000553870351933,-27377.9555993,Nes200_dDFE.Exponential
809,809,571.231161892,0.000542551963934,-27420.3156573,Nes200_dDFE.Exponential
810,810,563.561100972,0.000553861624966,-27402.4458851,Nes200_dDFE.Exponential
811,811,564.785432686,0.000548212676151,-27353.3690876,Nes200_dDFE.Exponential
812,812,567.79469495,0.000545639767625,-27431.1049067,Nes200_dDFE.Exponential
813,813,561.490424177,0.00055330749433,-27339.4935237,Nes200_dDFE.Exponential
814,814,563.477708174,0.00055370820137,-27468.0696562,Nes200_dDFE.Exponential
815,815,565.027919791,0.000550197118948,-27314.8918724,Nes200_dDFE.Exponential
816,816,565.479102465,0.000548943993466,-27445.3050957,Nes200_dDFE.Exponential
817,817,556.959723472,0.000560508664365,-27330.3676115,Nes200_dDFE.Exponential
818,818,561.727535629,0.000557329304997,-27399.2609634,Nes200_dDFE.Exponential
819,819,566.150515013,0.000547421084408,-27485.1459477,Nes200_dDFE.Exponential
820,820,561.592291835,0.000556282755569,-27428.9199166,Nes200_dDFE.Exponential
821,821,563.008030017,0.000552787620283,-27462.2288323,Nes200_dDFE.Exponential
822,822,565.114099027,0.00055133230299,-27374.3316265,Nes200_dDFE.Exponential
823,823,563.371370349,0.00055414869763,-27382.4352887,Nes200_dDFE.Exponential
824,824,558.529412807,0.000557350524018,-27365.9597237,Nes200_dDFE.Exponential
825,825,566.7903329,0.000546046339873,-27446.3782795,Nes200_dDFE.Exponential
826,826,567.594210692,0.000545321470634,-27497.4160441,Nes200_dDFE.Exponential
827,827,565.296271483,0.000550029789979,-27408.7130056,Nes200_dDFE.Exponential
828,828,561.442120882,0.000554175461192,-27460.9051592,Nes200_dDFE.Exponential
829,829,563.322086091,0.000551897583885,-27468.2507074,Nes200_dDFE.Exponential
830,830,562.338732992,0.000551672115445,-27412.8515744,Nes200_dDFE.Exponential
831,831,564.747618401,0.00054764070045,-27388.3960646,Nes200_dDFE.Exponential
832,832,566.933401613,0.000546913879031,-27372.0989098,Nes200_dDFE.Exponential
833,833,556.024507342,0.000562303842589,-27453.4646485,Nes200_dDFE.Exponential
834,834,565.109287431,0.000551410978825,-27304.4912437,Nes200_dDFE.Exponential
835,835,563.485257793,0.000553116724443,-27477.7574992,Nes200_dDFE.Exponential
836,836,564.830849635,0.00054952219415,-27505.0856115,Nes200_dDFE.Exponential
837,837,565.864679238,0.000550794230339,-27450.6394493,Nes200_dDFE.Exponential
838,838,564.509331365,0.000549305073479,-27400.7144433,Nes200_dDFE.Exponential
839,839,563.202796222,0.000553153242926,-27426.5202711,Nes200_dDFE.Exponential
840,840,561.532283043,0.000554669282057,-27399.2486269,Nes200_dDFE.Exponential
841,841,571.045942469,0.000541507590478,-27444.4706204,Nes200_dDFE.Exponential
842,842,567.082162431,0.000546381390158,-27385.4525004,Nes200_dDFE.Exponential
843,843,564.817759747,0.000552043116486,-27299.449373,Nes200_dDFE.Exponential
844,844,564.403977704,0.000552121202352,-27369.4392049,Nes200_dDFE.Exponential
845,845,565.526686005,0.000548455563483,-27429.0331852,Nes200_dDFE.Exponential
846,846,569.847899123,0.00054230926551,-27397.3017801,Nes200_dDFE.Exponential
847,847,561.467279728,0.000558978648626,-27378.1654118,Nes200_dDFE.Exponential
848,848,559.079203459,0.000559951242959,-27342.0469309,Nes200_dDFE.Exponential
849,849,570.77513368,0.000543276924263,-27435.9413821,Nes200_dDFE.Exponential
850,850,562.159558792,0.000553532340218,-27416.2490725,Nes200_dDFE.Exponential
851,851,566.546242827,0.000547688091384,-27376.0180323,Nes200_dDFE.Exponential
852,852,559.778543743,0.000557997570032,-27398.410286,Nes200_dDFE.Exponential
853,853,561.430169075,0.000556448124407,-27327.0770932,Nes200_dDFE.Exponential
854,854,563.679037209,0.000549783258672,-27456.2271423,Nes200_dDFE.Exponential
855,855,560.637945132,0.000553776526972,-27463.686183,Nes200_dDFE.Exponential
856,856,566.841683676,0.000550107433996,-27416.8701049,Nes200_dDFE.Exponential
857,857,561.69856261,0.000553162483062,-27440.2827693,Nes200_dDFE.Exponential
858,858,562.584343705,0.000554768920378,-27309.6972398,Nes200_dDFE.Exponential
859,859,558.705756492,0.000557808623742,-27339.4521842,Nes200_dDFE.Exponential
860,860,564.730496702,0.000550930897285,-27399.5853057,Nes200_dDFE.Exponential
861,861,563.326836495,0.000552596795334,-27387.0054939,Nes200_dDFE.Exponential
862,862,563.884445797,0.000551165029452,-27420.1539047,Nes200_dDFE.Exponential
863,863,560.575637845,0.000559000072765,-27411.5460907,Nes200_dDFE.Exponential
864,864,561.844031851,0.000553628526227,-27297.6278312,Nes200_dDFE.Exponential
865,865,567.839133582,0.000544403240752,-27429.8846162,Nes200_dDFE.Exponential
866,866,562.339640319,0.000554493119661,-27440.5504621,Nes200_dDFE.Exponential
867,867,564.439695942,0.000550762526802,-27381.1921773,Nes200_dDFE.Exponential
868,868,563.309907598,0.000550672041826,-27435.5400913,Nes200_dDFE.Exponential
869,869,565.26272331,0.000547887599973,-27426.5656329,Nes200_dDFE.Exponential
870,870,561.266063802,0.000556031344186,-27437.2519505,Nes200_dDFE.Exponential
871,871,560.011519904,0.000558228117242,-27411.8191377,Nes200_dDFE.Exponential
872,872,565.597853701,0.000547396421911,-27435.5271233,Nes200_dDFE.Exponential
873,873,562.97057926,0.000554394065993,-27373.3156717,Nes200_dDFE.Exponential
874,874,562.639268343,0.000552150860751,-27389.734083,Nes200_dDFE.Exponential
875,875,563.119589379,0.000553449385269,-27464.6718335,Nes200_dDFE.Exponential
876,876,559.743325634,0.000557199252257,-27345.3079243,Nes200_dDFE.Exponential
877,877,564.861061913,0.000551682306514,-27438.0126329,Nes200_dDFE.Exponential
878,878,561.6527456,0.000553976844529,-27401.8254484,Nes200_dDFE.Exponential
879,879,562.120443933,0.00055659522756,-27340.3123934,Nes200_dDFE.Exponential
880,880,560.296337274,0.000556465305925,-27367.5351708,Nes200_dDFE.Exponential
881,881,568.870349393,0.000544991942777,-27510.2128751,Nes200_dDFE.Exponential
882,882,561.092635759,0.000553918991583,-27483.1970482,Nes200_dDFE.Exponential
883,883,562.424100634,0.000554260079155,-27381.0318851,Nes200_dDFE.Exponential
884,884,565.577922733,0.000548824479432,-27386.4820072,Nes200_dDFE.Exponential
885,885,564.448951636,0.000550389441841,-27362.8325488,Nes200_dDFE.Exponential
886,886,563.084669396,0.00055041037036,-27269.5367981,Nes200_dDFE.Exponential
887,887,563.181288749,0.000551974769073,-27454.4334851,Nes200_dDFE.Exponential
888,888,561.169461546,0.000553511726747,-27343.956279,Nes200_dDFE.Exponential
889,889,565.956190386,0.000550747203535,-27389.7920805,Nes200_dDFE.Exponential
890,890,565.634277951,0.000547396718208,-27306.6678459,Nes200_dDFE.Exponential
891,891,561.79355829,0.000554121676483,-27461.5607387,Nes200_dDFE.Exponential
892,892,565.493312059,0.00054855026773,-27332.9115746,Nes200_dDFE.Exponential
893,893,563.697108895,0.000553659327531,-27386.7523799,Nes200_dDFE.Exponential
894,894,560.169519477,0.000555605374226,-27428.1052902,Nes200_dDFE.Exponential
895,895,559.29145171,0.000559882110775,-27385.8484617,Nes200_dDFE.Exponential
896,896,565.359059519,0.000551438302331,-27447.7309914,Nes200_dDFE.Exponential
897,897,565.949540528,0.000548900312255,-27432.7429286,Nes200_dDFE.Exponential
898,898,565.171307595,0.000551466075591,-27428.3452966,Nes200_dDFE.Exponential
899,899,567.01807136,0.000547431082662,-27432.8547987,Nes200_dDFE.Exponential
900,900,565.396689293,0.000547067068841,-27442.4979395,Nes200_dDFE.Exponential
901,901,561.254588584,0.000550476284139,-27423.6293919,Nes200_dDFE.Exponential
902,902,564.99129695,0.000550586419584,-27380.0097636,Nes200_dDFE.Exponential
903,903,564.425252091,0.000549647929479,-27454.6566766,Nes200_dDFE.Exponential
904,904,565.335695102,0.000550238946712,-27453.0064162,Nes200_dDFE.Exponential
905,905,561.590688403,0.000553095828527,-27553.0275775,Nes200_dDFE.Exponential
906,906,565.10201545,0.000549322201408,-27496.1523863,Nes200_dDFE.Exponential
907,907,561.57719259,0.00055411417665,-27495.9325514,Nes200_dDFE.Exponential
908,908,559.348176826,0.000556567419306,-27283.9659479,Nes200_dDFE.Exponential
909,909,564.586129513,0.000550888427086,-27341.7570672,Nes200_dDFE.Exponential
910,910,567.866733181,0.000545656802822,-27383.215712,Nes200_dDFE.Exponential
911,911,564.037743138,0.000551363580018,-27383.4372603,Nes200_dDFE.Exponential
912,912,562.169938994,0.000554594922265,-27391.8559657,Nes200_dDFE.Exponential
913,913,559.803004316,0.000556679605187,-27447.3744023,Nes200_dDFE.Exponential
914,914,563.003018211,0.000551344048202,-27376.8458166,Nes200_dDFE.Exponential
915,915,564.772345876,0.000549987318226,-27431.8623009,Nes200_dDFE.Exponential
916,916,562.03997255,0.000552214151831,-27424.6126706,Nes200_dDFE.Exponential
917,917,560.504560206,0.000555302094053,-27363.5764803,Nes200_dDFE.Exponential
918,918,566.779859116,0.000548089996041,-27416.3913154,Nes200_dDFE.Exponential
919,919,564.658488087,0.000552348638441,-27320.8640931,Nes200_dDFE.Exponential
920,920,570.32160822,0.00054502285993,-27454.9288401,Nes200_dDFE.Exponential
921,921,564.559586613,0.000550942735449,-27448.0269827,Nes200_dDFE.Exponential
922,922,572.870754088,0.000538674950335,-27409.4155714,Nes200_dDFE.Exponential
923,923,563.873294048,0.000552446732802,-27421.0969334,Nes200_dDFE.Exponential
924,924,562.608836112,0.000553085379369,-27416.4907197,Nes200_dDFE.Exponential
925,925,561.354986952,0.000554129174933,-27416.1753933,Nes200_dDFE.Exponential
926,926,563.665764483,0.000551578231626,-27427.734446,Nes200_dDFE.Exponential
927,927,563.745919814,0.000553592083005,-27407.3804846,Nes200_dDFE.Exponential
928,928,563.998127147,0.000550176776374,-27475.8525264,Nes200_dDFE.Exponential
929,929,564.315813421,0.000550699349642,-27409.7817887,Nes200_dDFE.Exponential
930,930,559.697463849,0.000558532731896,-27485.0141053,Nes200_dDFE.Exponential
931,931,562.117660764,0.000553791100903,-27341.8438856,Nes200_dDFE.Exponential
932,932,558.563032727,0.000558638844925,-27379.0060736,Nes200_dDFE.Exponential
933,933,565.998498952,0.00055088078641,-27366.9923283,Nes200_dDFE.Exponential
934,934,562.212140532,0.000555050657106,-27363.5387985,Nes200_dDFE.Exponential
935,935,562.615217719,0.000551969277258,-27393.9986312,Nes200_dDFE.Exponential
936,936,563.273992957,0.000551235605569,-27323.7080594,Nes200_dDFE.Exponential
937,937,563.851422073,0.000550532892428,-27464.2739061,Nes200_dDFE.Exponential
938,938,564.989983594,0.000550308538546,-27351.0116264,Nes200_dDFE.Exponential
939,939,559.533959258,0.000557820124241,-27534.5601141,Nes200_dDFE.Exponential
940,940,563.482415116,0.000551539031591,-27408.6777176,Nes200_dDFE.Exponential
941,941,564.557517501,0.000551509285564,-27330.8965945,Nes200_dDFE.Exponential
942,942,563.717278447,0.000552589449222,-27430.2556671,Nes200_dDFE.Exponential
943,943,564.634898397,0.000550119719832,-27508.955224,Nes200_dDFE.Exponential
944,944,561.055155386,0.000554431473371,-27396.5740117,Nes200_dDFE.Exponential
945,945,558.990002005,0.000558492844582,-27436.9630441,Nes200_dDFE.Exponential
946,946,564.962082396,0.000549125005296,-27360.1852255,Nes200_dDFE.Exponential
947,947,561.335291947,0.00055670953346,-27395.3114757,Nes200_dDFE.Exponential
948,948,563.392960067,0.000552507533913,-27471.6161328,Nes200_dDFE.Exponential
949,949,564.644921577,0.000552720563381,-27453.9007481,Nes200_dDFE.Exponential
950,950,563.582969046,0.00055183178798,-27486.3782064,Nes200_dDFE.Exponential
951,951,564.086417453,0.00055085937602,-27435.4440221,Nes200_dDFE.Exponential
952,952,568.424125386,0.000545099583822,-27437.7195495,Nes200_dDFE.Exponential
953,953,565.686499721,0.000548212539877,-27391.5893193,Nes200_dDFE.Exponential
954,954,559.429475116,0.000557732784588,-27344.3100723,Nes200_dDFE.Exponential
955,955,563.619921159,0.000553104433048,-27401.3702321,Nes200_dDFE.Exponential
956,956,567.959947539,0.000550086043901,-27463.6273518,Nes200_dDFE.Exponential
957,957,566.132038052,0.000549357935766,-27382.2578616,Nes200_dDFE.Exponential
958,958,564.325475145,0.000550556247012,-27395.9880677,Nes200_dDFE.Exponential
959,959,560.290901956,0.000554723196139,-27434.9306354,Nes200_dDFE.Exponential
960,960,562.101237493,0.00055579407872,-27273.2368942,Nes200_dDFE.Exponential
961,961,564.302126451,0.00055133236987,-27307.7993156,Nes200_dDFE.Exponential
962,962,559.662398953,0.000558076278428,-27385.7603927,Nes200_dDFE.Exponential
963,963,564.570339244,0.000551253556235,-27451.8217859,Nes200_dDFE.Exponential
964,964,565.561120942,0.000550097590112,-27518.038576,Nes200_dDFE.Exponential
965,965,556.934250028,0.000561792564534,-27445.5997786,Nes200_dDFE.Exponential
966,966,563.635117933,0.000550672682047,-27412.1831428,Nes200_dDFE.Exponential
967,967,554.609366482,0.000565466049676,-27384.780483,Nes200_dDFE.Exponential
968,968,568.323679332,0.00054471654978,-27433.8153504,Nes200_dDFE.Exponential
969,969,563.032277939,0.000551688325088,-27400.0388446,Nes200_dDFE.Exponential
970,970,557.467459684,0.000560713753725,-27352.5657463,Nes200_dDFE.Exponential
971,971,559.765093496,0.000557794401195,-27371.234722,Nes200_dDFE.Exponential
972,972,563.247756048,0.000551639232399,-27402.635659,Nes200_dDFE.Exponential
973,973,562.120208339,0.000553401173648,-27323.4951858,Nes200_dDFE.Exponential
974,974,568.538684384,0.000543749841444,-27401.2608612,Nes200_dDFE.Exponential
975,975,565.525816024,0.000552201862021,-27398.8073163,Nes200_dDFE.Exponential
976,976,570.276092597,0.000543902977029,-27384.9315575,Nes200_dDFE.Exponential
977,977,559.59670976,0.000557428084757,-27394.8304231,Nes200_dDFE.Exponential
978,978,564.105833126,0.000547690228877,-27426.2115354,Nes200_dDFE.Exponential
979,979,560.942093139,0.000554003882769,-27412.0391847,Nes200_dDFE.Exponential
980,980,566.252691216,0.000548919921803,-27395.3761166,Nes200_dDFE.Exponential
981,981,566.545510199,0.000547865430894,-27418.5800404,Nes200_dDFE.Exponential
982,982,559.747011742,0.000556192179226,-27355.9034369,Nes200_dDFE.Exponential
983,983,565.151221416,0.000550642619385,-27332.188461,Nes200_dDFE.Exponential
984,984,561.459995174,0.000554576288147,-27424.8388825,Nes200_dDFE.Exponential
985,985,561.278502915,0.000559063068386,-27438.9953857,Nes200_dDFE.Exponential
986,986,560.900490183,0.000555551385997,-27378.0541587,Nes200_dDFE.Exponential
987,987,564.123857711,0.000548973302886,-27445.6902421,Nes200_dDFE.Exponential
988,988,562.604821013,0.000554474138706,-27337.2763554,Nes200_dDFE.Exponential
989,989,566.912058337,0.000548972288866,-27409.8220286,Nes200_dDFE.Exponential
990,990,564.238245086,0.000551764090511,-27495.8794926,Nes200_dDFE.Exponential
991,991,562.385299518,0.000554928624967,-27375.1703009,Nes200_dDFE.Exponential
992,992,1.0114405028,0.307092483701,-27461.3120864,Nes200_dDFE.Exponential
993,993,563.755467005,0.000551515842457,-27444.1883047,Nes200_dDFE.Exponential
994,994,560.840571686,0.000556939533781,-27415.2553725,Nes200_dDFE.Exponential
995,995,565.283544238,0.000549439201897,-27410.5967098,Nes200_dDFE.Exponential
996,996,558.178272793,0.000558892850975,-27425.5386929,Nes200_dDFE.Exponential
997,997,562.327650441,0.000555060283812,-27445.8254887,Nes200_dDFE.Exponential
998,998,562.623599549,0.000551608145752,-27360.0783207,Nes200_dDFE.Exponential
999,999,563.972299951,0.000553306497905,-27435.0025469,Nes200_dDFE.Exponential
