,rep,NeSa,pa,AIC,identifier
0,0,393.361883742,0.000176466810555,-24278.6017176,Nes200_dDFE.Exponential_div10
1,1,402.911380954,0.000168582688276,-24275.5235807,Nes200_dDFE.Exponential_div10
2,2,399.405253342,0.000172787206726,-24248.836157,Nes200_dDFE.Exponential_div10
3,3,386.989495511,0.000178850583279,-24286.481572,Nes200_dDFE.Exponential_div10
4,4,377.737806496,0.000182562673232,-24202.0527972,Nes200_dDFE.Exponential_div10
5,5,384.219418733,0.000180013866334,-24345.9614316,Nes200_dDFE.Exponential_div10
6,6,385.900796607,0.000177984369558,-24302.3859139,Nes200_dDFE.Exponential_div10
7,7,404.071876681,0.000169587881198,-24238.5427108,Nes200_dDFE.Exponential_div10
8,8,371.14201756,0.000188755963596,-24150.4254411,Nes200_dDFE.Exponential_div10
9,9,381.637448415,0.000183582166713,-24342.7294679,Nes200_dDFE.Exponential_div10
10,10,397.798588395,0.000173157127713,-24207.3290583,Nes200_dDFE.Exponential_div10
11,11,383.561180068,0.000183018789143,-24339.6434953,Nes200_dDFE.Exponential_div10
12,12,388.617598875,0.000175462340069,-24236.6907604,Nes200_dDFE.Exponential_div10
13,13,368.729166935,0.000194169266892,-24261.819592,Nes200_dDFE.Exponential_div10
14,14,381.783776699,0.00018194517439,-24203.081927,Nes200_dDFE.Exponential_div10
15,15,386.98969012,0.000180662552183,-24344.432344,Nes200_dDFE.Exponential_div10
16,16,382.78196866,0.000181404876441,-24324.0491638,Nes200_dDFE.Exponential_div10
17,17,381.057638625,0.000184095429494,-24269.2034446,Nes200_dDFE.Exponential_div10
18,18,391.800879885,0.000174019864577,-24268.1810854,Nes200_dDFE.Exponential_div10
19,19,384.250177998,0.000183975287008,-24288.7367409,Nes200_dDFE.Exponential_div10
20,20,397.297873316,0.000175313335668,-24217.9392989,Nes200_dDFE.Exponential_div10
21,21,388.684655224,0.000179881636025,-24294.8025025,Nes200_dDFE.Exponential_div10
22,22,387.871308588,0.000178466431998,-24225.6913134,Nes200_dDFE.Exponential_div10
23,23,381.953341417,0.000180871183011,-24287.307502,Nes200_dDFE.Exponential_div10
24,24,387.302774952,0.000178845254924,-24248.375328,Nes200_dDFE.Exponential_div10
25,25,392.00343632,0.000176970730551,-24328.8547351,Nes200_dDFE.Exponential_div10
26,26,397.975296186,0.000173129296421,-24326.7112373,Nes200_dDFE.Exponential_div10
27,27,374.275134664,0.00018646274007,-24228.4003345,Nes200_dDFE.Exponential_div10
28,28,378.311212548,0.000182941785482,-24292.4708997,Nes200_dDFE.Exponential_div10
29,29,381.149131449,0.000181620533024,-24308.8273906,Nes200_dDFE.Exponential_div10
30,30,399.31171125,0.000171137397031,-24292.7444195,Nes200_dDFE.Exponential_div10
31,31,391.920026355,0.000176000115842,-24289.8757204,Nes200_dDFE.Exponential_div10
32,32,383.538732518,0.00018205931509,-24251.556078,Nes200_dDFE.Exponential_div10
33,33,385.147316479,0.000180953127864,-24254.6644275,Nes200_dDFE.Exponential_div10
34,34,381.551134365,0.000181817913979,-24295.7399786,Nes200_dDFE.Exponential_div10
35,35,392.058010334,0.000175786923228,-24189.5038269,Nes200_dDFE.Exponential_div10
36,36,378.889437264,0.000183113073594,-24304.1233506,Nes200_dDFE.Exponential_div10
37,37,379.305766505,0.000184110911701,-24312.1427832,Nes200_dDFE.Exponential_div10
38,38,390.84691309,0.000178081375213,-24303.7849613,Nes200_dDFE.Exponential_div10
39,39,378.646917849,0.000185070553629,-24259.7482118,Nes200_dDFE.Exponential_div10
40,40,386.100094561,0.000179927972737,-24265.2354934,Nes200_dDFE.Exponential_div10
41,41,378.860109255,0.000182359383303,-24348.5738885,Nes200_dDFE.Exponential_div10
42,42,386.440866862,0.000182778152443,-24249.1034867,Nes200_dDFE.Exponential_div10
43,43,400.545258221,0.000169272838852,-24211.013992,Nes200_dDFE.Exponential_div10
44,44,379.807737446,0.00018605316522,-24360.2623373,Nes200_dDFE.Exponential_div10
45,45,394.096220045,0.000174664810195,-24354.030769,Nes200_dDFE.Exponential_div10
46,46,385.646856849,0.000179695168334,-24265.4634662,Nes200_dDFE.Exponential_div10
47,47,395.993545571,0.000174330034104,-24322.8274273,Nes200_dDFE.Exponential_div10
48,48,394.201413321,0.000174777141614,-24236.6392481,Nes200_dDFE.Exponential_div10
49,49,387.559172795,0.000178766609383,-24236.1710024,Nes200_dDFE.Exponential_div10
50,50,381.989552349,0.000183456105323,-24359.1939484,Nes200_dDFE.Exponential_div10
51,51,382.452450901,0.00018261412745,-24184.4189072,Nes200_dDFE.Exponential_div10
52,52,385.619812063,0.000179514064881,-24232.4902538,Nes200_dDFE.Exponential_div10
53,53,390.13086243,0.000177233967315,-24291.4265101,Nes200_dDFE.Exponential_div10
54,54,381.495286968,0.000182710088213,-24249.5844622,Nes200_dDFE.Exponential_div10
55,55,400.592490998,0.000170424347295,-24255.3607694,Nes200_dDFE.Exponential_div10
56,56,382.692310372,0.000181067068342,-24191.1198949,Nes200_dDFE.Exponential_div10
57,57,400.677328487,0.000171539302853,-24237.6610654,Nes200_dDFE.Exponential_div10
58,58,382.998091483,0.000181058338064,-24313.3704752,Nes200_dDFE.Exponential_div10
59,59,389.36874609,0.000177551280654,-24299.255925,Nes200_dDFE.Exponential_div10
60,60,394.402470002,0.0001762699057,-24283.0744077,Nes200_dDFE.Exponential_div10
61,61,381.416106318,0.000180864810093,-24267.8467608,Nes200_dDFE.Exponential_div10
62,62,385.926685992,0.000183440738366,-24314.3954142,Nes200_dDFE.Exponential_div10
63,63,402.508497145,0.000171098047907,-24261.7806995,Nes200_dDFE.Exponential_div10
64,64,375.578526312,0.000187532591265,-24247.2188639,Nes200_dDFE.Exponential_div10
65,65,381.058690725,0.000181133727107,-24257.515513,Nes200_dDFE.Exponential_div10
66,66,382.847484696,0.000184424942954,-24225.2968682,Nes200_dDFE.Exponential_div10
67,67,368.995480264,0.000192675826865,-24290.9884094,Nes200_dDFE.Exponential_div10
68,68,387.394153233,0.00017976907613,-24280.8652645,Nes200_dDFE.Exponential_div10
69,69,383.563778517,0.000180441363215,-24237.0003853,Nes200_dDFE.Exponential_div10
70,70,385.552221047,0.000181076940172,-24232.9636851,Nes200_dDFE.Exponential_div10
71,71,392.092370363,0.00017530342307,-24248.8941499,Nes200_dDFE.Exponential_div10
72,72,387.428054519,0.000179193445261,-24290.5086528,Nes200_dDFE.Exponential_div10
73,73,388.68151205,0.00017812671525,-24315.472662,Nes200_dDFE.Exponential_div10
74,74,392.266432705,0.000175656860821,-24299.0358165,Nes200_dDFE.Exponential_div10
75,75,393.856551645,0.000174654554958,-24221.0421684,Nes200_dDFE.Exponential_div10
76,76,383.1560973,0.000182236621776,-24227.2183591,Nes200_dDFE.Exponential_div10
77,77,382.309834818,0.000183674420265,-24351.9042174,Nes200_dDFE.Exponential_div10
78,78,373.794591961,0.000189050677201,-24158.0030997,Nes200_dDFE.Exponential_div10
79,79,395.986447524,0.000174388830701,-24305.9294256,Nes200_dDFE.Exponential_div10
80,80,387.588900797,0.00017788105363,-24357.1551088,Nes200_dDFE.Exponential_div10
81,81,384.595041497,0.000181289697056,-24261.6856938,Nes200_dDFE.Exponential_div10
82,82,382.623843828,0.000182714578496,-24272.1915227,Nes200_dDFE.Exponential_div10
83,83,370.684744911,0.000192141223852,-24303.9469229,Nes200_dDFE.Exponential_div10
84,84,380.586709645,0.000182794297021,-24229.6354922,Nes200_dDFE.Exponential_div10
85,85,408.198287129,0.000168204082916,-24265.5047047,Nes200_dDFE.Exponential_div10
86,86,394.800070798,0.000174392370265,-24192.1170836,Nes200_dDFE.Exponential_div10
87,87,378.559889668,0.000180137270662,-24279.1938883,Nes200_dDFE.Exponential_div10
88,88,402.223714261,0.000171319749027,-24363.3324314,Nes200_dDFE.Exponential_div10
89,89,396.213482315,0.000175440624542,-24311.589848,Nes200_dDFE.Exponential_div10
90,90,390.438530328,0.000178635102107,-24329.75142,Nes200_dDFE.Exponential_div10
91,91,391.070321134,0.000176726155996,-24333.179674,Nes200_dDFE.Exponential_div10
92,92,382.95051877,0.000181892312226,-24237.279236,Nes200_dDFE.Exponential_div10
93,93,384.94766035,0.000180349796254,-24290.9131156,Nes200_dDFE.Exponential_div10
94,94,392.4200933,0.00017612183915,-24267.5090903,Nes200_dDFE.Exponential_div10
95,95,387.233819183,0.000179723490687,-24228.7118859,Nes200_dDFE.Exponential_div10
96,96,387.406716769,0.000176935568413,-24306.6202396,Nes200_dDFE.Exponential_div10
97,97,381.5497443,0.000181743997702,-24277.9627304,Nes200_dDFE.Exponential_div10
98,98,404.617340712,0.000166631180044,-24193.0321499,Nes200_dDFE.Exponential_div10
99,99,383.45415092,0.00018133558561,-24279.796783,Nes200_dDFE.Exponential_div10
100,100,385.689227486,0.000181218763879,-24232.354821,Nes200_dDFE.Exponential_div10
101,101,385.92973761,0.000180368334966,-24219.9410531,Nes200_dDFE.Exponential_div10
102,102,376.288375059,0.000186175834488,-24244.6270166,Nes200_dDFE.Exponential_div10
103,103,393.726639172,0.000175123391559,-24217.1158487,Nes200_dDFE.Exponential_div10
104,104,377.142398077,0.000187226989277,-24289.8279481,Nes200_dDFE.Exponential_div10
105,105,394.869333959,0.000173925455854,-24250.1509529,Nes200_dDFE.Exponential_div10
106,106,393.165140597,0.000174664079219,-24284.3044396,Nes200_dDFE.Exponential_div10
107,107,381.794255929,0.000182774274823,-24226.0920972,Nes200_dDFE.Exponential_div10
108,108,388.728572503,0.000178979493556,-24185.9661625,Nes200_dDFE.Exponential_div10
109,109,392.269365622,0.000175890655434,-24290.5736109,Nes200_dDFE.Exponential_div10
110,110,398.97307388,0.000173709621164,-24267.92049,Nes200_dDFE.Exponential_div10
111,111,386.882695121,0.000178501581473,-24260.1320405,Nes200_dDFE.Exponential_div10
112,112,378.206800516,0.000186760748626,-24255.4417397,Nes200_dDFE.Exponential_div10
113,113,400.163656218,0.000171509649695,-24155.2719138,Nes200_dDFE.Exponential_div10
114,114,392.435678747,0.000174921166837,-24213.5073545,Nes200_dDFE.Exponential_div10
115,115,392.877952369,0.000175276315348,-24251.5266979,Nes200_dDFE.Exponential_div10
116,116,394.238384023,0.000174686263565,-24230.6755936,Nes200_dDFE.Exponential_div10
117,117,388.521124168,0.000179596413325,-24252.9813504,Nes200_dDFE.Exponential_div10
118,118,390.951583277,0.000180082685475,-24248.6394784,Nes200_dDFE.Exponential_div10
119,119,385.751618864,0.000180972203996,-24237.5753697,Nes200_dDFE.Exponential_div10
120,120,387.114455131,0.000177976588694,-24316.1415987,Nes200_dDFE.Exponential_div10
121,121,372.873274664,0.000189732225208,-24375.2557354,Nes200_dDFE.Exponential_div10
122,122,391.561305147,0.000176313115329,-24338.7845197,Nes200_dDFE.Exponential_div10
123,123,391.821154222,0.000175279629486,-24275.7291664,Nes200_dDFE.Exponential_div10
124,124,395.024571198,0.00017606408041,-24232.4678844,Nes200_dDFE.Exponential_div10
125,125,379.304969342,0.000186002160228,-24395.264946,Nes200_dDFE.Exponential_div10
126,126,407.969890898,0.00016701488689,-24210.6246901,Nes200_dDFE.Exponential_div10
127,127,381.990160626,0.00018290319965,-24324.5089833,Nes200_dDFE.Exponential_div10
128,128,387.448147653,0.000179097333701,-24253.1790729,Nes200_dDFE.Exponential_div10
129,129,377.89369053,0.000188452993051,-24306.7903167,Nes200_dDFE.Exponential_div10
130,130,395.426697885,0.000171619760688,-24217.6260448,Nes200_dDFE.Exponential_div10
131,131,399.321472773,0.00017066136411,-24169.4308813,Nes200_dDFE.Exponential_div10
132,132,383.513132839,0.000182558021745,-24309.0661959,Nes200_dDFE.Exponential_div10
133,133,390.319113888,0.000176725818427,-24288.250995,Nes200_dDFE.Exponential_div10
134,134,377.836560014,0.000185603829028,-24224.0441913,Nes200_dDFE.Exponential_div10
135,135,388.166869224,0.000179681396696,-24255.4566059,Nes200_dDFE.Exponential_div10
136,136,380.367818072,0.000184553811863,-24229.0025193,Nes200_dDFE.Exponential_div10
137,137,383.894665635,0.000182631418089,-24272.9461469,Nes200_dDFE.Exponential_div10
138,138,375.8080016,0.000186801269475,-24260.1421507,Nes200_dDFE.Exponential_div10
139,139,381.784285315,0.000182043096565,-24297.8165538,Nes200_dDFE.Exponential_div10
140,140,390.415543749,0.000178401825874,-24294.3690693,Nes200_dDFE.Exponential_div10
141,141,388.726969213,0.000180646272187,-24320.5427124,Nes200_dDFE.Exponential_div10
142,142,385.3944115,0.000178035603389,-24246.3151499,Nes200_dDFE.Exponential_div10
143,143,380.044904618,0.000182320235656,-24246.4707266,Nes200_dDFE.Exponential_div10
144,144,381.358277693,0.000182778228669,-24217.9607211,Nes200_dDFE.Exponential_div10
145,145,371.881143808,0.000188657718727,-24358.5430271,Nes200_dDFE.Exponential_div10
146,146,393.877147987,0.000172690637655,-24217.5089617,Nes200_dDFE.Exponential_div10
147,147,385.267568826,0.000183698816918,-24209.5122507,Nes200_dDFE.Exponential_div10
148,148,390.316544806,0.00017752373692,-24248.4687491,Nes200_dDFE.Exponential_div10
149,149,398.668488698,0.000172654363533,-24287.4899755,Nes200_dDFE.Exponential_div10
150,150,389.926946423,0.000177787727394,-24304.0939186,Nes200_dDFE.Exponential_div10
151,151,402.166629518,0.000169110808806,-24197.4745187,Nes200_dDFE.Exponential_div10
152,152,388.64244827,0.000177602029016,-24268.3952258,Nes200_dDFE.Exponential_div10
153,153,379.274022659,0.000185281049752,-24236.2083376,Nes200_dDFE.Exponential_div10
154,154,397.359651897,0.000173559871068,-24319.7742542,Nes200_dDFE.Exponential_div10
155,155,388.411587295,0.000180092348278,-24290.7878031,Nes200_dDFE.Exponential_div10
156,156,381.301929801,0.000184091524753,-24211.6322885,Nes200_dDFE.Exponential_div10
157,157,404.890335112,0.000167968373351,-24188.742386,Nes200_dDFE.Exponential_div10
158,158,377.081760314,0.000185653403111,-24214.2417079,Nes200_dDFE.Exponential_div10
159,159,379.552466258,0.000182290457322,-24288.7435977,Nes200_dDFE.Exponential_div10
160,160,378.417857417,0.000183960986826,-24236.4204072,Nes200_dDFE.Exponential_div10
161,161,386.601819824,0.000176714635012,-24260.5734138,Nes200_dDFE.Exponential_div10
162,162,385.236060337,0.000177429579672,-24355.5290098,Nes200_dDFE.Exponential_div10
163,163,383.044880344,0.000181654377441,-24280.264978,Nes200_dDFE.Exponential_div10
164,164,380.528878552,0.000181134674179,-24272.1831315,Nes200_dDFE.Exponential_div10
165,165,385.65400457,0.000179305769664,-24234.6676902,Nes200_dDFE.Exponential_div10
166,166,387.362663714,0.000180413480206,-24271.4853742,Nes200_dDFE.Exponential_div10
167,167,382.229054324,0.000181170086943,-24276.8085405,Nes200_dDFE.Exponential_div10
168,168,388.735024107,0.000177274927594,-24237.1885238,Nes200_dDFE.Exponential_div10
169,169,404.685185363,0.000168985273607,-24232.0944397,Nes200_dDFE.Exponential_div10
170,170,401.75657453,0.000171026916887,-24263.3646488,Nes200_dDFE.Exponential_div10
171,171,401.348007754,0.000170372557175,-24309.8687169,Nes200_dDFE.Exponential_div10
172,172,394.854009286,0.000174727978694,-24295.6608312,Nes200_dDFE.Exponential_div10
173,173,381.766127934,0.00018313330343,-24212.7070619,Nes200_dDFE.Exponential_div10
174,174,385.573634211,0.000179588483695,-24301.3498347,Nes200_dDFE.Exponential_div10
175,175,382.410757207,0.000181374421764,-24227.3954348,Nes200_dDFE.Exponential_div10
176,176,382.073954798,0.000182873898007,-24329.7740502,Nes200_dDFE.Exponential_div10
177,177,379.943446127,0.00018435431717,-24245.725241,Nes200_dDFE.Exponential_div10
178,178,388.535876484,0.000180347707368,-24270.2387236,Nes200_dDFE.Exponential_div10
179,179,385.63515015,0.000180063229136,-24304.1445683,Nes200_dDFE.Exponential_div10
180,180,384.580740015,0.000180363443057,-24278.7664312,Nes200_dDFE.Exponential_div10
181,181,385.16098792,0.000178957291777,-24219.8814052,Nes200_dDFE.Exponential_div10
182,182,384.592250751,0.000177622664933,-24294.4923603,Nes200_dDFE.Exponential_div10
183,183,380.31329399,0.000181060473146,-24255.0166833,Nes200_dDFE.Exponential_div10
184,184,391.674090122,0.000175852515739,-24250.2768422,Nes200_dDFE.Exponential_div10
185,185,388.340113086,0.000177748093474,-24271.947599,Nes200_dDFE.Exponential_div10
186,186,380.811252224,0.000182833811859,-24293.2657466,Nes200_dDFE.Exponential_div10
187,187,395.856313196,0.000173634111743,-24282.8289614,Nes200_dDFE.Exponential_div10
188,188,396.644846818,0.000170852034943,-24233.5640681,Nes200_dDFE.Exponential_div10
189,189,376.289973262,0.000186999991034,-24269.8734253,Nes200_dDFE.Exponential_div10
190,190,390.065379825,0.000177778532781,-24315.4112212,Nes200_dDFE.Exponential_div10
191,191,390.328386158,0.000177679559776,-24308.4455794,Nes200_dDFE.Exponential_div10
192,192,377.362864073,0.000183838537143,-24276.1751922,Nes200_dDFE.Exponential_div10
193,193,406.962235652,0.000167953244289,-24287.5456254,Nes200_dDFE.Exponential_div10
194,194,400.395838945,0.000171995050854,-24262.856233,Nes200_dDFE.Exponential_div10
195,195,387.57724264,0.000179370583068,-24280.1761996,Nes200_dDFE.Exponential_div10
196,196,379.216007604,0.000184441479128,-24223.9971775,Nes200_dDFE.Exponential_div10
197,197,384.998741046,0.000180002979355,-24325.4610711,Nes200_dDFE.Exponential_div10
198,198,389.461687865,0.000178202889066,-24282.2818616,Nes200_dDFE.Exponential_div10
199,199,396.035947522,0.000173056780583,-24270.1556438,Nes200_dDFE.Exponential_div10
200,200,374.913043757,0.000187412330029,-24252.126291,Nes200_dDFE.Exponential_div10
201,201,377.683107553,0.000186952745333,-24226.912777,Nes200_dDFE.Exponential_div10
202,202,395.933247577,0.000174235170911,-24243.7575085,Nes200_dDFE.Exponential_div10
203,203,378.940147977,0.000183475521306,-24237.7866928,Nes200_dDFE.Exponential_div10
204,204,399.872931245,0.000172425264691,-24229.3826802,Nes200_dDFE.Exponential_div10
205,205,386.630872769,0.000178387316819,-24276.4413472,Nes200_dDFE.Exponential_div10
206,206,379.294607069,0.000183439702334,-24230.0778423,Nes200_dDFE.Exponential_div10
207,207,395.453531077,0.000172091031642,-24273.2168655,Nes200_dDFE.Exponential_div10
208,208,382.373950042,0.00018371722669,-24246.3242262,Nes200_dDFE.Exponential_div10
209,209,381.156930884,0.000185154351321,-24286.760876,Nes200_dDFE.Exponential_div10
210,210,386.386767637,0.000180266205906,-24282.9417234,Nes200_dDFE.Exponential_div10
211,211,389.50795635,0.000177698499123,-24321.5650449,Nes200_dDFE.Exponential_div10
212,212,381.030709655,0.000185801939102,-24295.4559047,Nes200_dDFE.Exponential_div10
213,213,377.219443906,0.000186338809935,-24345.6597128,Nes200_dDFE.Exponential_div10
214,214,383.573983679,0.000182873198444,-24290.8890282,Nes200_dDFE.Exponential_div10
215,215,385.981721312,0.000182232873619,-24301.3006028,Nes200_dDFE.Exponential_div10
216,216,375.396904157,0.000185702183535,-24235.0231149,Nes200_dDFE.Exponential_div10
217,217,387.396784367,0.000178919585416,-24226.2229774,Nes200_dDFE.Exponential_div10
218,218,388.719164144,0.000178619898789,-24285.8688187,Nes200_dDFE.Exponential_div10
219,219,385.262760198,0.000179044980698,-24279.1523638,Nes200_dDFE.Exponential_div10
220,220,373.43014622,0.000188456347194,-24346.9821202,Nes200_dDFE.Exponential_div10
221,221,396.002002242,0.000173598564182,-24236.386226,Nes200_dDFE.Exponential_div10
222,222,379.466700282,0.000184685333682,-24266.1098218,Nes200_dDFE.Exponential_div10
223,223,389.670315619,0.000175116251519,-24208.5817402,Nes200_dDFE.Exponential_div10
224,224,401.200267994,0.000168569347939,-24241.384058,Nes200_dDFE.Exponential_div10
225,225,391.037940722,0.000175881890561,-24284.2716558,Nes200_dDFE.Exponential_div10
226,226,382.445398982,0.00018280165105,-24241.913004,Nes200_dDFE.Exponential_div10
227,227,396.224012809,0.000171582616722,-24235.0146263,Nes200_dDFE.Exponential_div10
228,228,395.979982557,0.000173406897593,-24229.7373909,Nes200_dDFE.Exponential_div10
229,229,390.853044279,0.000174438626088,-24297.1433699,Nes200_dDFE.Exponential_div10
230,230,393.186958506,0.000174458391566,-24264.7972174,Nes200_dDFE.Exponential_div10
231,231,397.024659788,0.000174055757743,-24299.049024,Nes200_dDFE.Exponential_div10
232,232,382.633776138,0.000183086118742,-24307.2050304,Nes200_dDFE.Exponential_div10
233,233,390.119547244,0.000176263505191,-24290.3710532,Nes200_dDFE.Exponential_div10
234,234,384.276803167,0.000179623589966,-24272.6547786,Nes200_dDFE.Exponential_div10
235,235,385.284867243,0.000179656039509,-24312.8978702,Nes200_dDFE.Exponential_div10
236,236,387.070289466,0.000179954095649,-24258.0371997,Nes200_dDFE.Exponential_div10
237,237,379.098001092,0.000184545779349,-24226.7670732,Nes200_dDFE.Exponential_div10
238,238,399.456795701,0.000172972415942,-24271.8006843,Nes200_dDFE.Exponential_div10
239,239,388.52353272,0.000178740236153,-24317.1218707,Nes200_dDFE.Exponential_div10
240,240,390.947998488,0.000176269634316,-24253.7736006,Nes200_dDFE.Exponential_div10
241,241,393.226183245,0.000176674198547,-24236.9387977,Nes200_dDFE.Exponential_div10
242,242,388.430502891,0.000180164195511,-24252.6005748,Nes200_dDFE.Exponential_div10
243,243,394.011191685,0.000174897602151,-24254.9672972,Nes200_dDFE.Exponential_div10
244,244,394.863447587,0.000175260267486,-24308.8016245,Nes200_dDFE.Exponential_div10
245,245,390.362062555,0.000178813304646,-24250.4382677,Nes200_dDFE.Exponential_div10
246,246,380.845890049,0.000183184702418,-24244.4186915,Nes200_dDFE.Exponential_div10
247,247,386.022890294,0.000179712958125,-24307.4142633,Nes200_dDFE.Exponential_div10
248,248,388.926391061,0.000176970571354,-24281.0900698,Nes200_dDFE.Exponential_div10
249,249,392.926397766,0.000177316761701,-24309.0767715,Nes200_dDFE.Exponential_div10
250,250,381.776718186,0.000184508040463,-24283.2754285,Nes200_dDFE.Exponential_div10
251,251,381.839116907,0.00017987272916,-24297.3648691,Nes200_dDFE.Exponential_div10
252,252,380.976601464,0.000182330487351,-24294.9534906,Nes200_dDFE.Exponential_div10
253,253,389.230038051,0.000175610978693,-24273.9370011,Nes200_dDFE.Exponential_div10
254,254,385.025417476,0.000181856101171,-24314.3405141,Nes200_dDFE.Exponential_div10
255,255,389.383218185,0.000174347853052,-24189.6715679,Nes200_dDFE.Exponential_div10
256,256,379.629629611,0.000185073675327,-24272.5278038,Nes200_dDFE.Exponential_div10
257,257,381.086433951,0.000182380460698,-24267.7636174,Nes200_dDFE.Exponential_div10
258,258,377.333986709,0.00018317309621,-24259.2766687,Nes200_dDFE.Exponential_div10
259,259,384.373392728,0.000182146946198,-24295.6610895,Nes200_dDFE.Exponential_div10
260,260,381.550534498,0.000183965563494,-24289.2392796,Nes200_dDFE.Exponential_div10
261,261,375.8847856,0.000186858508657,-24226.3129746,Nes200_dDFE.Exponential_div10
262,262,377.114533252,0.000184653363434,-24328.269793,Nes200_dDFE.Exponential_div10
263,263,390.017743124,0.00017879484981,-24289.1865628,Nes200_dDFE.Exponential_div10
264,264,397.507669984,0.000173143440085,-24330.1438222,Nes200_dDFE.Exponential_div10
265,265,388.704990668,0.000179241301514,-24293.8222116,Nes200_dDFE.Exponential_div10
266,266,382.450359543,0.000180964158968,-24291.8328448,Nes200_dDFE.Exponential_div10
267,267,387.879838795,0.000178082147485,-24285.3846935,Nes200_dDFE.Exponential_div10
268,268,386.105156211,0.000179251899565,-24214.6778775,Nes200_dDFE.Exponential_div10
269,269,383.527104808,0.000182172139116,-24274.0053494,Nes200_dDFE.Exponential_div10
270,270,384.378462078,0.000178954499822,-24271.0004467,Nes200_dDFE.Exponential_div10
271,271,391.349120967,0.000178947676993,-24216.1052872,Nes200_dDFE.Exponential_div10
272,272,390.718283173,0.000176327576935,-24308.7211582,Nes200_dDFE.Exponential_div10
273,273,379.741030364,0.000184227968339,-24329.6160221,Nes200_dDFE.Exponential_div10
274,274,386.32822017,0.000178248742796,-24280.7222558,Nes200_dDFE.Exponential_div10
275,275,393.621587821,0.000172933818001,-24283.3659501,Nes200_dDFE.Exponential_div10
276,276,373.589826917,0.000187774985061,-24260.4383379,Nes200_dDFE.Exponential_div10
277,277,390.718927725,0.000177424337613,-24301.9434203,Nes200_dDFE.Exponential_div10
278,278,407.040950992,0.000168188473239,-24176.5097664,Nes200_dDFE.Exponential_div10
279,279,396.394922068,0.000174078899391,-24250.8970311,Nes200_dDFE.Exponential_div10
280,280,377.734673862,0.000185698900198,-24303.8929862,Nes200_dDFE.Exponential_div10
281,281,381.456756428,0.000181658542738,-24273.9790261,Nes200_dDFE.Exponential_div10
282,282,388.87980371,0.000179051132332,-24299.644634,Nes200_dDFE.Exponential_div10
283,283,389.648949517,0.000176612622508,-24287.5676676,Nes200_dDFE.Exponential_div10
284,284,375.289439741,0.000185513052635,-24274.3001418,Nes200_dDFE.Exponential_div10
285,285,379.290500207,0.000186199063454,-24314.1597775,Nes200_dDFE.Exponential_div10
286,286,382.825029545,0.000181015700461,-24309.7699793,Nes200_dDFE.Exponential_div10
287,287,391.955760999,0.000173830831953,-24205.0861848,Nes200_dDFE.Exponential_div10
288,288,392.712570805,0.000176327105793,-24256.6289408,Nes200_dDFE.Exponential_div10
289,289,392.370350534,0.000175107306161,-24226.4134,Nes200_dDFE.Exponential_div10
290,290,376.138992228,0.00018714947021,-24284.5904223,Nes200_dDFE.Exponential_div10
291,291,392.239448694,0.000172615535692,-24218.4270999,Nes200_dDFE.Exponential_div10
292,292,385.104347192,0.00018017117404,-24301.9847467,Nes200_dDFE.Exponential_div10
293,293,382.856100656,0.000180852581813,-24270.8443939,Nes200_dDFE.Exponential_div10
294,294,394.686386318,0.000174590310341,-24278.527829,Nes200_dDFE.Exponential_div10
295,295,395.164153371,0.000173196326233,-24292.0928775,Nes200_dDFE.Exponential_div10
296,296,381.378008721,0.00018262461039,-24308.3315379,Nes200_dDFE.Exponential_div10
297,297,389.370678508,0.000178815919587,-24354.0706973,Nes200_dDFE.Exponential_div10
298,298,403.092999637,0.000169249236086,-24277.9417766,Nes200_dDFE.Exponential_div10
299,299,397.981709596,0.000177276694872,-24325.9885104,Nes200_dDFE.Exponential_div10
300,300,385.668078899,0.000178692277178,-24302.218506,Nes200_dDFE.Exponential_div10
301,301,371.587458877,0.000188129548632,-24214.5879108,Nes200_dDFE.Exponential_div10
302,302,390.67443797,0.000175320131238,-24169.8840499,Nes200_dDFE.Exponential_div10
303,303,369.436035109,0.000191338487509,-24244.0857733,Nes200_dDFE.Exponential_div10
304,304,393.971637944,0.000175544140912,-24263.4840875,Nes200_dDFE.Exponential_div10
305,305,374.625299147,0.000188626529049,-24284.931973,Nes200_dDFE.Exponential_div10
306,306,385.692501586,0.00017913512305,-24247.2390192,Nes200_dDFE.Exponential_div10
307,307,395.291171349,0.000174935937126,-24222.921294,Nes200_dDFE.Exponential_div10
308,308,383.469306931,0.000180810350464,-24264.7466954,Nes200_dDFE.Exponential_div10
309,309,382.070740802,0.000185577741619,-24224.700229,Nes200_dDFE.Exponential_div10
310,310,388.506684167,0.000180655954836,-24264.5418854,Nes200_dDFE.Exponential_div10
311,311,379.845455837,0.000183952612708,-24389.0249513,Nes200_dDFE.Exponential_div10
312,312,371.035139983,0.00018958103307,-24210.7596899,Nes200_dDFE.Exponential_div10
313,313,369.671717187,0.000191816523542,-24284.7089777,Nes200_dDFE.Exponential_div10
314,314,395.833487357,0.000173960727336,-24269.2416225,Nes200_dDFE.Exponential_div10
315,315,392.470739484,0.000175844337054,-24342.7416486,Nes200_dDFE.Exponential_div10
316,316,393.935307638,0.000177532870204,-24191.5414821,Nes200_dDFE.Exponential_div10
317,317,382.50857662,0.000181854653432,-24307.6168349,Nes200_dDFE.Exponential_div10
318,318,371.064762584,0.000191500059863,-24277.579224,Nes200_dDFE.Exponential_div10
319,319,388.351646354,0.000179209803335,-24310.8508288,Nes200_dDFE.Exponential_div10
320,320,384.486044123,0.000179305826749,-24262.98381,Nes200_dDFE.Exponential_div10
321,321,380.439151614,0.000183397981504,-24193.5045908,Nes200_dDFE.Exponential_div10
322,322,404.366206386,0.000166647898941,-24210.5406699,Nes200_dDFE.Exponential_div10
323,323,386.13654172,0.000181835363286,-24299.5680891,Nes200_dDFE.Exponential_div10
324,324,391.034789773,0.000176400943069,-24352.6152951,Nes200_dDFE.Exponential_div10
325,325,389.765371195,0.000178505014759,-24203.3650895,Nes200_dDFE.Exponential_div10
326,326,378.596084066,0.000183339682171,-24252.5137191,Nes200_dDFE.Exponential_div10
327,327,392.402275336,0.000175248076775,-24262.6010027,Nes200_dDFE.Exponential_div10
328,328,396.559351592,0.000173225020333,-24210.120358,Nes200_dDFE.Exponential_div10
329,329,400.063644043,0.00017018265402,-24276.6968392,Nes200_dDFE.Exponential_div10
330,330,373.493022381,0.000188146682736,-24237.8554511,Nes200_dDFE.Exponential_div10
331,331,381.373239468,0.000180117551897,-24256.725892,Nes200_dDFE.Exponential_div10
332,332,389.810395077,0.000178303227469,-24242.3962199,Nes200_dDFE.Exponential_div10
333,333,382.885508202,0.00018411935846,-24205.5588251,Nes200_dDFE.Exponential_div10
334,334,383.097988758,0.000181764570558,-24297.1767707,Nes200_dDFE.Exponential_div10
335,335,1.0158945008,0.0687639518388,-24285.3065194,Nes200_dDFE.Exponential_div10
336,336,395.006410765,0.00017377823344,-24266.7791521,Nes200_dDFE.Exponential_div10
337,337,392.698682884,0.000175713801011,-24328.277042,Nes200_dDFE.Exponential_div10
338,338,372.728446965,0.000185245219581,-24310.9871976,Nes200_dDFE.Exponential_div10
339,339,392.843656947,0.00017770733899,-24331.1981506,Nes200_dDFE.Exponential_div10
340,340,391.611399349,0.000175394873048,-24279.2118292,Nes200_dDFE.Exponential_div10
341,341,381.93665465,0.000182339584953,-24308.5124188,Nes200_dDFE.Exponential_div10
342,342,382.287523424,0.000180680372816,-24255.4917277,Nes200_dDFE.Exponential_div10
343,343,391.826793696,0.000179691352838,-24302.9988912,Nes200_dDFE.Exponential_div10
344,344,391.377882506,0.000175434022523,-24292.6278044,Nes200_dDFE.Exponential_div10
345,345,404.444298576,0.000168540309484,-24210.9634322,Nes200_dDFE.Exponential_div10
346,346,390.800305665,0.000177272626287,-24269.6969911,Nes200_dDFE.Exponential_div10
347,347,392.165691878,0.000176037010047,-24310.8993945,Nes200_dDFE.Exponential_div10
348,348,401.095961719,0.000171649138576,-24346.570849,Nes200_dDFE.Exponential_div10
349,349,381.129645895,0.000184068986053,-24298.2615092,Nes200_dDFE.Exponential_div10
350,350,366.869062986,0.000192862391098,-24193.4710234,Nes200_dDFE.Exponential_div10
351,351,374.573256266,0.000187242333229,-24295.9976484,Nes200_dDFE.Exponential_div10
352,352,392.192105433,0.000175458599228,-24280.2661825,Nes200_dDFE.Exponential_div10
353,353,385.10597811,0.000180644809012,-24250.6456743,Nes200_dDFE.Exponential_div10
354,354,394.526454784,0.000175239245418,-24208.7180976,Nes200_dDFE.Exponential_div10
355,355,396.046768833,0.000176236058163,-24334.3773686,Nes200_dDFE.Exponential_div10
356,356,379.335965586,0.000184307985083,-24299.8860376,Nes200_dDFE.Exponential_div10
357,357,389.375117314,0.000178545712706,-24211.6392544,Nes200_dDFE.Exponential_div10
358,358,391.459012661,0.000176671313822,-24204.9853007,Nes200_dDFE.Exponential_div10
359,359,385.270800505,0.000179692137643,-24202.4744113,Nes200_dDFE.Exponential_div10
360,360,389.387969016,0.00017582858844,-24371.059631,Nes200_dDFE.Exponential_div10
361,361,402.079978305,0.000171731283293,-24309.08973,Nes200_dDFE.Exponential_div10
362,362,377.925313977,0.000185770316756,-24337.0455215,Nes200_dDFE.Exponential_div10
363,363,382.997709921,0.00018016204966,-24257.1903197,Nes200_dDFE.Exponential_div10
364,364,371.84885929,0.000189599244508,-24232.9337468,Nes200_dDFE.Exponential_div10
365,365,384.350783952,0.000184770186947,-24297.4324769,Nes200_dDFE.Exponential_div10
366,366,390.674217149,0.00017533088281,-24268.4713712,Nes200_dDFE.Exponential_div10
367,367,375.512766644,0.00018919398226,-24293.6740548,Nes200_dDFE.Exponential_div10
368,368,375.784552252,0.000185003520553,-24297.2211342,Nes200_dDFE.Exponential_div10
369,369,386.186457239,0.00018006673684,-24333.7596741,Nes200_dDFE.Exponential_div10
370,370,404.489563836,0.00016850284634,-24199.2628303,Nes200_dDFE.Exponential_div10
371,371,400.134508958,0.000170103745212,-24205.9734709,Nes200_dDFE.Exponential_div10
372,372,402.324161559,0.000172094349072,-24348.9987019,Nes200_dDFE.Exponential_div10
373,373,410.373795346,0.000167033878785,-24229.9526719,Nes200_dDFE.Exponential_div10
374,374,395.449170032,0.000172372655001,-24221.3535889,Nes200_dDFE.Exponential_div10
375,375,383.552756882,0.000181213586657,-24292.4400801,Nes200_dDFE.Exponential_div10
376,376,383.867257839,0.000177138126889,-24184.1307347,Nes200_dDFE.Exponential_div10
377,377,394.010799389,0.000173821524987,-24240.6574781,Nes200_dDFE.Exponential_div10
378,378,391.373303459,0.000178386379702,-24307.139097,Nes200_dDFE.Exponential_div10
379,379,381.073215911,0.000184569194385,-24236.1081229,Nes200_dDFE.Exponential_div10
380,380,391.541263294,0.000175498825195,-24276.3751324,Nes200_dDFE.Exponential_div10
381,381,389.039669944,0.000177617168572,-24296.6990501,Nes200_dDFE.Exponential_div10
382,382,390.525739166,0.000176483980752,-24280.570168,Nes200_dDFE.Exponential_div10
383,383,373.315931152,0.000187062482176,-24159.3207478,Nes200_dDFE.Exponential_div10
384,384,398.890922874,0.000171998631383,-24206.3642764,Nes200_dDFE.Exponential_div10
385,385,385.457537429,0.000178602933229,-24267.7494033,Nes200_dDFE.Exponential_div10
386,386,395.632024308,0.000174618343827,-24250.0805985,Nes200_dDFE.Exponential_div10
387,387,384.490710971,0.000181406988483,-24209.1233741,Nes200_dDFE.Exponential_div10
388,388,394.388209744,0.000172832069758,-24241.4340401,Nes200_dDFE.Exponential_div10
389,389,381.08082193,0.000184348865931,-24294.3490065,Nes200_dDFE.Exponential_div10
390,390,383.649535829,0.000182028663272,-24268.8369809,Nes200_dDFE.Exponential_div10
391,391,397.486097237,0.000174726860983,-24280.8635865,Nes200_dDFE.Exponential_div10
392,392,383.818674613,0.000180639923078,-24225.1660069,Nes200_dDFE.Exponential_div10
393,393,397.714489021,0.000173584075514,-24234.1732508,Nes200_dDFE.Exponential_div10
394,394,379.924646651,0.000182311869051,-24214.1236778,Nes200_dDFE.Exponential_div10
395,395,386.563870193,0.00017879029967,-24246.55128,Nes200_dDFE.Exponential_div10
396,396,385.943607848,0.000178808480668,-24311.0287359,Nes200_dDFE.Exponential_div10
397,397,391.701706486,0.000177009879105,-24273.9199749,Nes200_dDFE.Exponential_div10
398,398,384.550442494,0.000179454577957,-24320.7603369,Nes200_dDFE.Exponential_div10
399,399,385.310837193,0.000179468059118,-24303.8653883,Nes200_dDFE.Exponential_div10
400,400,382.330670473,0.000181579209489,-24235.2631553,Nes200_dDFE.Exponential_div10
401,401,391.524969732,0.000177380162449,-24265.8814249,Nes200_dDFE.Exponential_div10
402,402,379.577650012,0.000182206870917,-24239.7563293,Nes200_dDFE.Exponential_div10
403,403,378.962769882,0.000184066216165,-24299.1476135,Nes200_dDFE.Exponential_div10
404,404,390.246033864,0.00017902390096,-24261.5017204,Nes200_dDFE.Exponential_div10
405,405,386.896978821,0.000179959780985,-24262.1384293,Nes200_dDFE.Exponential_div10
406,406,387.318237223,0.000179099036341,-24251.4790157,Nes200_dDFE.Exponential_div10
407,407,394.912209645,0.000173967798323,-24347.8472438,Nes200_dDFE.Exponential_div10
408,408,391.634180574,0.000173989740059,-24234.9275413,Nes200_dDFE.Exponential_div10
409,409,405.531576528,0.00016633548076,-24262.2960673,Nes200_dDFE.Exponential_div10
410,410,386.526183016,0.000178174854439,-24280.5240234,Nes200_dDFE.Exponential_div10
411,411,387.974529577,0.000181007630603,-24300.3289415,Nes200_dDFE.Exponential_div10
412,412,381.478886369,0.000183048881083,-24295.435148,Nes200_dDFE.Exponential_div10
413,413,385.460356371,0.000178293965943,-24278.7934678,Nes200_dDFE.Exponential_div10
414,414,392.90210023,0.000174679094896,-24171.3300199,Nes200_dDFE.Exponential_div10
415,415,394.758372424,0.000173201988274,-24271.6886214,Nes200_dDFE.Exponential_div10
416,416,1.11022302473e-10,0.404664411288,89571.9509998,Nes200_dDFE.Exponential_div10
417,417,395.068138934,0.000173703675789,-24293.7907123,Nes200_dDFE.Exponential_div10
418,418,372.136787995,0.000190154953187,-24251.1182669,Nes200_dDFE.Exponential_div10
419,419,384.981900275,0.000179428583634,-24326.7724688,Nes200_dDFE.Exponential_div10
420,420,381.288553123,0.000183719096595,-24241.8817169,Nes200_dDFE.Exponential_div10
421,421,373.351654918,0.000188615915525,-24249.3060161,Nes200_dDFE.Exponential_div10
422,422,395.361309352,0.00017504607664,-24318.6853092,Nes200_dDFE.Exponential_div10
423,423,392.940430118,0.00017447309647,-24276.53105,Nes200_dDFE.Exponential_div10
424,424,382.613943147,0.00018464162587,-24285.5196176,Nes200_dDFE.Exponential_div10
425,425,384.604910677,0.000179806374711,-24230.9048865,Nes200_dDFE.Exponential_div10
426,426,386.95297744,0.000179309866013,-24210.5380555,Nes200_dDFE.Exponential_div10
427,427,383.047387108,0.000182466725283,-24233.9077574,Nes200_dDFE.Exponential_div10
428,428,395.279825835,0.000172352698058,-24264.5442154,Nes200_dDFE.Exponential_div10
429,429,375.561425176,0.000187707931901,-24255.9152707,Nes200_dDFE.Exponential_div10
430,430,397.264173676,0.000172585725827,-24267.7891945,Nes200_dDFE.Exponential_div10
431,431,375.502441233,0.000186708200262,-24230.4099728,Nes200_dDFE.Exponential_div10
432,432,393.209772508,0.000175413290764,-24337.4734768,Nes200_dDFE.Exponential_div10
433,433,374.680044663,0.000189270651396,-24285.2600989,Nes200_dDFE.Exponential_div10
434,434,391.82053228,0.000171330804772,-24207.8686922,Nes200_dDFE.Exponential_div10
435,435,396.19152261,0.000172630349758,-24263.8483384,Nes200_dDFE.Exponential_div10
436,436,387.233245311,0.000178933432026,-24148.7862649,Nes200_dDFE.Exponential_div10
437,437,387.720844982,0.000179243424158,-24331.4587569,Nes200_dDFE.Exponential_div10
438,438,376.544558687,0.000185679429881,-24325.9300815,Nes200_dDFE.Exponential_div10
439,439,387.582481571,0.000178181798941,-24307.7179407,Nes200_dDFE.Exponential_div10
440,440,394.321537791,0.000171407458146,-24254.6185901,Nes200_dDFE.Exponential_div10
441,441,383.002740646,0.00018241288545,-24279.4559605,Nes200_dDFE.Exponential_div10
442,442,389.3145108,0.000177315655105,-24232.9862263,Nes200_dDFE.Exponential_div10
443,443,393.254889337,0.000172582472119,-24247.048355,Nes200_dDFE.Exponential_div10
444,444,377.755067494,0.000183918433917,-24254.280235,Nes200_dDFE.Exponential_div10
445,445,383.936843227,0.000180544933369,-24237.9213277,Nes200_dDFE.Exponential_div10
446,446,394.157718504,0.0001746569523,-24190.3506597,Nes200_dDFE.Exponential_div10
447,447,390.588471887,0.000179433589216,-24275.1689368,Nes200_dDFE.Exponential_div10
448,448,383.550317663,0.000181484158961,-24332.6925878,Nes200_dDFE.Exponential_div10
449,449,385.016288714,0.000182987358958,-24204.9905114,Nes200_dDFE.Exponential_div10
450,450,389.649720456,0.000175486506781,-24232.3916717,Nes200_dDFE.Exponential_div10
451,451,377.062273686,0.000187178453331,-24272.2664445,Nes200_dDFE.Exponential_div10
452,452,380.831574563,0.00018252890212,-24256.1390643,Nes200_dDFE.Exponential_div10
453,453,390.473362219,0.000178130349434,-24292.0708031,Nes200_dDFE.Exponential_div10
454,454,387.227481925,0.000174951671429,-24265.1083032,Nes200_dDFE.Exponential_div10
455,455,376.712885185,0.000187888659316,-24312.9162484,Nes200_dDFE.Exponential_div10
456,456,385.067285889,0.000179915176777,-24231.1472672,Nes200_dDFE.Exponential_div10
457,457,382.867967226,0.000182002294842,-24251.7056733,Nes200_dDFE.Exponential_div10
458,458,401.640046539,0.000168188265092,-24234.5979244,Nes200_dDFE.Exponential_div10
459,459,387.525928796,0.000177234260682,-24304.5231049,Nes200_dDFE.Exponential_div10
460,460,390.112993905,0.000179897848644,-24247.364593,Nes200_dDFE.Exponential_div10
461,461,384.396504816,0.000180657409274,-24226.7990797,Nes200_dDFE.Exponential_div10
462,462,397.163861267,0.000171616556387,-24272.4196642,Nes200_dDFE.Exponential_div10
463,463,395.779853387,0.000173360937482,-24272.7455378,Nes200_dDFE.Exponential_div10
464,464,386.97354265,0.000178077938624,-24331.1984063,Nes200_dDFE.Exponential_div10
465,465,391.570245068,0.000174474998182,-24313.0537193,Nes200_dDFE.Exponential_div10
466,466,384.798421836,0.000182477536232,-24263.7292313,Nes200_dDFE.Exponential_div10
467,467,391.288706669,0.000176570828154,-24305.1536187,Nes200_dDFE.Exponential_div10
468,468,403.005748448,0.000170039500138,-24252.0434827,Nes200_dDFE.Exponential_div10
469,469,391.982653277,0.000177800389757,-24329.9406165,Nes200_dDFE.Exponential_div10
470,470,396.975022275,0.000174825846964,-24289.1287507,Nes200_dDFE.Exponential_div10
471,471,377.276939725,0.000183264799452,-24265.2089843,Nes200_dDFE.Exponential_div10
472,472,382.966694903,0.000182643090256,-24311.4853124,Nes200_dDFE.Exponential_div10
473,473,391.885183457,0.000176546803609,-24265.2508002,Nes200_dDFE.Exponential_div10
474,474,393.044949224,0.000173744705057,-24255.2685567,Nes200_dDFE.Exponential_div10
475,475,373.574953126,0.000189121911511,-24187.712446,Nes200_dDFE.Exponential_div10
476,476,390.072626273,0.000178995534292,-24282.8459872,Nes200_dDFE.Exponential_div10
477,477,389.939864073,0.000177658752375,-24265.7269973,Nes200_dDFE.Exponential_div10
478,478,373.768313668,0.000185355433543,-24341.2392462,Nes200_dDFE.Exponential_div10
479,479,388.156298887,0.000178035180253,-24292.6152781,Nes200_dDFE.Exponential_div10
480,480,383.358770192,0.000181129759958,-24246.6890066,Nes200_dDFE.Exponential_div10
481,481,384.423872553,0.000179565156184,-24264.6300181,Nes200_dDFE.Exponential_div10
482,482,388.487687805,0.000176464369083,-24273.6510863,Nes200_dDFE.Exponential_div10
483,483,388.356318155,0.00017711649226,-24263.6878966,Nes200_dDFE.Exponential_div10
484,484,392.378309122,0.000175842764292,-24330.6763252,Nes200_dDFE.Exponential_div10
485,485,391.749820671,0.000176161440109,-24277.6995403,Nes200_dDFE.Exponential_div10
486,486,390.864088502,0.000177462080857,-24322.1702012,Nes200_dDFE.Exponential_div10
487,487,384.677906037,0.000180665640028,-24227.2252679,Nes200_dDFE.Exponential_div10
488,488,396.827971013,0.000171720863986,-24168.2820443,Nes200_dDFE.Exponential_div10
489,489,396.617078011,0.000172264765083,-24253.6512563,Nes200_dDFE.Exponential_div10
490,490,383.672524542,0.000181047420189,-24236.5735773,Nes200_dDFE.Exponential_div10
491,491,394.980232643,0.000172456275148,-24253.3560776,Nes200_dDFE.Exponential_div10
492,492,379.413346845,0.000183452965708,-24235.4660055,Nes200_dDFE.Exponential_div10
493,493,365.800296812,0.000191444963568,-24181.0723438,Nes200_dDFE.Exponential_div10
494,494,393.481445422,0.0001740759171,-24234.4002557,Nes200_dDFE.Exponential_div10
495,495,401.678483052,0.000169422704141,-24318.2952966,Nes200_dDFE.Exponential_div10
496,496,385.613813503,0.000180171029632,-24302.8037467,Nes200_dDFE.Exponential_div10
497,497,384.863400588,0.000180490525975,-24240.1259836,Nes200_dDFE.Exponential_div10
498,498,408.982557779,0.000167618772799,-24230.1178842,Nes200_dDFE.Exponential_div10
499,499,403.244237814,0.000166584119051,-24236.8684243,Nes200_dDFE.Exponential_div10
500,500,395.365417172,0.000172659274735,-24264.9217164,Nes200_dDFE.Exponential_div10
501,501,392.519970164,0.000176246504323,-24310.136869,Nes200_dDFE.Exponential_div10
502,502,380.678668362,0.000181082281399,-24195.5564249,Nes200_dDFE.Exponential_div10
503,503,384.049403449,0.000179157414686,-24250.380325,Nes200_dDFE.Exponential_div10
504,504,385.202494845,0.000179528643355,-24279.8476835,Nes200_dDFE.Exponential_div10
505,505,401.6294481,0.00017057986039,-24293.4366944,Nes200_dDFE.Exponential_div10
506,506,407.169496173,0.000169043238752,-24259.1539085,Nes200_dDFE.Exponential_div10
507,507,367.096152825,0.000193227636635,-24305.3407842,Nes200_dDFE.Exponential_div10
508,508,1.0156710753,0.0688190970418,-24165.2343821,Nes200_dDFE.Exponential_div10
509,509,380.694096736,0.00018324123497,-24227.4177313,Nes200_dDFE.Exponential_div10
510,510,388.650720392,0.000177270131319,-24270.4350365,Nes200_dDFE.Exponential_div10
511,511,397.044653567,0.000170506474733,-24326.4805301,Nes200_dDFE.Exponential_div10
512,512,387.464758473,0.000181560784066,-24273.3636486,Nes200_dDFE.Exponential_div10
513,513,377.054645978,0.00018283215229,-24190.7084029,Nes200_dDFE.Exponential_div10
514,514,381.230206566,0.000182641634004,-24325.6116868,Nes200_dDFE.Exponential_div10
515,515,383.569618318,0.000183400128115,-24298.9597937,Nes200_dDFE.Exponential_div10
516,516,388.263696509,0.000178774742127,-24241.309334,Nes200_dDFE.Exponential_div10
517,517,374.069957198,0.000188581932189,-24221.2386554,Nes200_dDFE.Exponential_div10
518,518,383.605012656,0.000181679706074,-24262.8075345,Nes200_dDFE.Exponential_div10
519,519,394.189118777,0.00017426004931,-24340.7303589,Nes200_dDFE.Exponential_div10
520,520,380.912939338,0.000182534798585,-24192.0625926,Nes200_dDFE.Exponential_div10
521,521,398.194274465,0.000174589957456,-24260.3232327,Nes200_dDFE.Exponential_div10
522,522,389.46377343,0.000175130186789,-24285.0702158,Nes200_dDFE.Exponential_div10
523,523,379.434936485,0.000185149752709,-24360.9769108,Nes200_dDFE.Exponential_div10
524,524,390.91640821,0.000176317016436,-24236.9233297,Nes200_dDFE.Exponential_div10
525,525,378.862623434,0.000184155553706,-24265.3353605,Nes200_dDFE.Exponential_div10
526,526,381.966104741,0.000183305352226,-24246.4618143,Nes200_dDFE.Exponential_div10
527,527,388.211533487,0.000177690182863,-24313.2309875,Nes200_dDFE.Exponential_div10
528,528,391.095479204,0.000176735193682,-24346.00597,Nes200_dDFE.Exponential_div10
529,529,390.402410154,0.000177964262312,-24318.8629844,Nes200_dDFE.Exponential_div10
530,530,396.371188523,0.000173802752643,-24303.8775219,Nes200_dDFE.Exponential_div10
531,531,379.28226077,0.000186779086029,-24291.7084285,Nes200_dDFE.Exponential_div10
532,532,393.77922907,0.000175310714522,-24316.2534464,Nes200_dDFE.Exponential_div10
533,533,389.422320521,0.000176987521833,-24325.3106934,Nes200_dDFE.Exponential_div10
534,534,388.731930742,0.000176934225094,-24322.6529045,Nes200_dDFE.Exponential_div10
535,535,379.498661642,0.000183463709749,-24332.6508028,Nes200_dDFE.Exponential_div10
536,536,384.466032369,0.000181536882352,-24288.781978,Nes200_dDFE.Exponential_div10
537,537,383.777316392,0.00017920278503,-24272.7410158,Nes200_dDFE.Exponential_div10
538,538,379.037887133,0.000184930711086,-24279.5286804,Nes200_dDFE.Exponential_div10
539,539,380.656405259,0.000182907907226,-24288.7545826,Nes200_dDFE.Exponential_div10
540,540,396.876084502,0.000173213668324,-24296.8976517,Nes200_dDFE.Exponential_div10
541,541,393.015491158,0.000176666540192,-24297.6689506,Nes200_dDFE.Exponential_div10
542,542,385.859868056,0.000182298860819,-24303.8896291,Nes200_dDFE.Exponential_div10
543,543,395.547503118,0.000174073454372,-24276.1709102,Nes200_dDFE.Exponential_div10
544,544,392.096477678,0.000175985699126,-24289.6964362,Nes200_dDFE.Exponential_div10
545,545,399.661013,0.000174810421695,-24257.8337306,Nes200_dDFE.Exponential_div10
546,546,397.063155823,0.000171292738094,-24265.4399416,Nes200_dDFE.Exponential_div10
547,547,386.202091327,0.00018057329821,-24273.5557567,Nes200_dDFE.Exponential_div10
548,548,399.344825941,0.000174823823125,-24174.5329094,Nes200_dDFE.Exponential_div10
549,549,388.265862085,0.000177799174351,-24282.8190413,Nes200_dDFE.Exponential_div10
550,550,379.763159849,0.000183647535427,-24194.0148907,Nes200_dDFE.Exponential_div10
551,551,389.329802303,0.000176276772637,-24239.6355344,Nes200_dDFE.Exponential_div10
552,552,389.77941294,0.000177726011465,-24205.0731054,Nes200_dDFE.Exponential_div10
553,553,391.536383615,0.000176220722808,-24187.6062274,Nes200_dDFE.Exponential_div10
554,554,398.199017968,0.000171905721963,-24280.3737803,Nes200_dDFE.Exponential_div10
555,555,393.040237601,0.000177546834438,-24302.3829483,Nes200_dDFE.Exponential_div10
556,556,385.220980916,0.000180904919086,-24239.0406094,Nes200_dDFE.Exponential_div10
557,557,375.873614335,0.000186493582895,-24321.2787689,Nes200_dDFE.Exponential_div10
558,558,394.04325328,0.000174667666917,-24309.8286253,Nes200_dDFE.Exponential_div10
559,559,392.704715602,0.000177152237473,-24234.9582907,Nes200_dDFE.Exponential_div10
560,560,398.842168354,0.000171560310431,-24230.0697499,Nes200_dDFE.Exponential_div10
561,561,383.396408649,0.000180288156142,-24325.2729082,Nes200_dDFE.Exponential_div10
562,562,376.977010375,0.000184122162929,-24318.0399785,Nes200_dDFE.Exponential_div10
563,563,396.449678696,0.000175890481452,-24297.1027149,Nes200_dDFE.Exponential_div10
564,564,384.557994381,0.000180663728459,-24228.2212681,Nes200_dDFE.Exponential_div10
565,565,385.941906699,0.000179180900649,-24266.0952108,Nes200_dDFE.Exponential_div10
566,566,385.563241594,0.000178046827377,-24263.715724,Nes200_dDFE.Exponential_div10
567,567,400.986366361,0.000170562281274,-24255.9864162,Nes200_dDFE.Exponential_div10
568,568,379.232255531,0.000186629953615,-24258.7306452,Nes200_dDFE.Exponential_div10
569,569,377.593893673,0.000184938706269,-24346.0905541,Nes200_dDFE.Exponential_div10
570,570,379.118242523,0.000183848066657,-24251.107853,Nes200_dDFE.Exponential_div10
571,571,390.270027326,0.000181333334388,-24292.2851607,Nes200_dDFE.Exponential_div10
572,572,384.514619699,0.000181038042094,-24236.62832,Nes200_dDFE.Exponential_div10
573,573,395.979891569,0.000173600393525,-24241.5025411,Nes200_dDFE.Exponential_div10
574,574,1.01555822662,0.0675870681195,-24244.4284845,Nes200_dDFE.Exponential_div10
575,575,388.513885046,0.000178175781284,-24282.3218407,Nes200_dDFE.Exponential_div10
576,576,398.339578492,0.000173385400074,-24260.1198715,Nes200_dDFE.Exponential_div10
577,577,401.725228433,0.000170423903758,-24221.4943305,Nes200_dDFE.Exponential_div10
578,578,392.280952736,0.000174547358081,-24290.6232636,Nes200_dDFE.Exponential_div10
579,579,390.230194876,0.000174559709296,-24257.9648331,Nes200_dDFE.Exponential_div10
580,580,388.999811518,0.000177679820618,-24343.358351,Nes200_dDFE.Exponential_div10
581,581,395.501616547,0.00017415860852,-24228.297475,Nes200_dDFE.Exponential_div10
582,582,384.50277203,0.000180389521576,-24289.5258183,Nes200_dDFE.Exponential_div10
583,583,395.702264273,0.000176257500614,-24279.3991813,Nes200_dDFE.Exponential_div10
584,584,381.35482144,0.000181796363778,-24277.5551109,Nes200_dDFE.Exponential_div10
585,585,391.333163602,0.000177463680392,-24318.1253326,Nes200_dDFE.Exponential_div10
586,586,383.108871846,0.000180773229419,-24312.3500972,Nes200_dDFE.Exponential_div10
587,587,398.181180898,0.00017198671383,-24259.0121558,Nes200_dDFE.Exponential_div10
588,588,381.46065016,0.000180245764892,-24304.0734931,Nes200_dDFE.Exponential_div10
589,589,393.926726944,0.000176366972484,-24226.8377578,Nes200_dDFE.Exponential_div10
590,590,383.712192627,0.000179430851542,-24299.4776385,Nes200_dDFE.Exponential_div10
591,591,388.221607894,0.000180342366327,-24300.3575222,Nes200_dDFE.Exponential_div10
592,592,389.05582494,0.000175724738507,-24253.7876071,Nes200_dDFE.Exponential_div10
593,593,385.979401149,0.000180270999941,-24216.3152086,Nes200_dDFE.Exponential_div10
594,594,385.773272509,0.000180322888182,-24333.4323312,Nes200_dDFE.Exponential_div10
595,595,389.795764212,0.000179581021884,-24316.2316855,Nes200_dDFE.Exponential_div10
596,596,374.45307013,0.00018778080991,-24256.4952317,Nes200_dDFE.Exponential_div10
597,597,389.800542377,0.000178191638632,-24316.4645093,Nes200_dDFE.Exponential_div10
598,598,378.792292839,0.000185098952986,-24331.8923385,Nes200_dDFE.Exponential_div10
599,599,389.203268608,0.000178473351589,-24355.0981715,Nes200_dDFE.Exponential_div10
600,600,378.630154503,0.000185372952679,-24264.7798661,Nes200_dDFE.Exponential_div10
601,601,376.653651066,0.000186283313471,-24280.4977953,Nes200_dDFE.Exponential_div10
602,602,395.367255787,0.000173735843795,-24320.6648924,Nes200_dDFE.Exponential_div10
603,603,391.617945567,0.000176620487536,-24258.9247902,Nes200_dDFE.Exponential_div10
604,604,388.508397719,0.000176246309283,-24248.1100119,Nes200_dDFE.Exponential_div10
605,605,387.143644959,0.000180627374282,-24223.204038,Nes200_dDFE.Exponential_div10
606,606,387.40942108,0.000178333344114,-24303.7617131,Nes200_dDFE.Exponential_div10
607,607,387.960767626,0.000179792145586,-24280.884317,Nes200_dDFE.Exponential_div10
608,608,384.327187495,0.000178450480772,-24316.5129888,Nes200_dDFE.Exponential_div10
609,609,395.95957148,0.000174016078878,-24293.8513875,Nes200_dDFE.Exponential_div10
610,610,389.025079265,0.000177762344258,-24284.5424232,Nes200_dDFE.Exponential_div10
611,611,404.379679794,0.00016838633717,-24259.9330715,Nes200_dDFE.Exponential_div10
612,612,386.606747389,0.000180543973873,-24336.2710405,Nes200_dDFE.Exponential_div10
613,613,396.181795098,0.000174499495179,-24356.7447418,Nes200_dDFE.Exponential_div10
614,614,376.971599586,0.000183755701334,-24277.0736186,Nes200_dDFE.Exponential_div10
615,615,388.716737273,0.000178168475332,-24245.9869446,Nes200_dDFE.Exponential_div10
616,616,370.538706931,0.000190231368118,-24286.0547337,Nes200_dDFE.Exponential_div10
617,617,379.672587171,0.0001834464588,-24229.4192272,Nes200_dDFE.Exponential_div10
618,618,395.093141732,0.000176378585249,-24255.6167947,Nes200_dDFE.Exponential_div10
619,619,403.653561805,0.000173021861445,-24213.0801933,Nes200_dDFE.Exponential_div10
620,620,382.700381405,0.000181189111344,-24204.0219305,Nes200_dDFE.Exponential_div10
621,621,391.610849821,0.000176345456778,-24232.5164499,Nes200_dDFE.Exponential_div10
622,622,376.254516943,0.000185729400912,-24226.4841738,Nes200_dDFE.Exponential_div10
623,623,386.218590189,0.000178427654442,-24321.8872263,Nes200_dDFE.Exponential_div10
624,624,384.384770944,0.00018165119886,-24225.0983934,Nes200_dDFE.Exponential_div10
625,625,384.371779611,0.000182234621834,-24276.1381616,Nes200_dDFE.Exponential_div10
626,626,377.721235398,0.000181084784921,-24205.4631535,Nes200_dDFE.Exponential_div10
627,627,386.604337251,0.000180746008389,-24303.3021472,Nes200_dDFE.Exponential_div10
628,628,387.037950418,0.00018067103713,-24253.5781258,Nes200_dDFE.Exponential_div10
629,629,401.021112851,0.000168159302791,-24287.6875645,Nes200_dDFE.Exponential_div10
630,630,399.114230749,0.000169220237778,-24302.3852361,Nes200_dDFE.Exponential_div10
631,631,403.87659212,0.000172343496909,-24334.235398,Nes200_dDFE.Exponential_div10
632,632,398.887395255,0.00017057054774,-24177.8650134,Nes200_dDFE.Exponential_div10
633,633,388.509659802,0.000178682942933,-24288.3546388,Nes200_dDFE.Exponential_div10
634,634,378.101851766,0.000183062396464,-24269.133224,Nes200_dDFE.Exponential_div10
635,635,390.523829498,0.000178192289243,-24256.4743066,Nes200_dDFE.Exponential_div10
636,636,385.120482633,0.000180583486232,-24255.6054051,Nes200_dDFE.Exponential_div10
637,637,393.92932165,0.000173198068129,-24238.4022107,Nes200_dDFE.Exponential_div10
638,638,396.11970366,0.000174561972707,-24329.2051605,Nes200_dDFE.Exponential_div10
639,639,384.546479195,0.000180854143779,-24308.3543094,Nes200_dDFE.Exponential_div10
640,640,390.305185571,0.000176782460779,-24271.1588097,Nes200_dDFE.Exponential_div10
641,641,386.370820651,0.000179765257841,-24197.5173766,Nes200_dDFE.Exponential_div10
642,642,390.886278157,0.000176268461399,-24268.637545,Nes200_dDFE.Exponential_div10
643,643,389.809072002,0.000180215707242,-24244.9289697,Nes200_dDFE.Exponential_div10
644,644,408.812176719,0.000167980269789,-24285.6140023,Nes200_dDFE.Exponential_div10
645,645,381.187353465,0.000182543021236,-24284.1714947,Nes200_dDFE.Exponential_div10
646,646,377.375944609,0.000185991808497,-24248.2904715,Nes200_dDFE.Exponential_div10
647,647,378.704762672,0.00018568238914,-24246.8720559,Nes200_dDFE.Exponential_div10
648,648,379.769611522,0.000181611275402,-24245.0740734,Nes200_dDFE.Exponential_div10
649,649,395.108259666,0.000173576415514,-24286.8863198,Nes200_dDFE.Exponential_div10
650,650,393.775074618,0.000175473921426,-24168.8848632,Nes200_dDFE.Exponential_div10
651,651,384.680646007,0.000181885411905,-24276.2115814,Nes200_dDFE.Exponential_div10
652,652,380.579491821,0.000182564507242,-24262.5084783,Nes200_dDFE.Exponential_div10
653,653,406.278337165,0.000169560281137,-24224.652821,Nes200_dDFE.Exponential_div10
654,654,381.551016528,0.000182127553458,-24209.0951171,Nes200_dDFE.Exponential_div10
655,655,389.676555319,0.000176185179334,-24261.2281244,Nes200_dDFE.Exponential_div10
656,656,387.945811646,0.000176381401265,-24301.0095753,Nes200_dDFE.Exponential_div10
657,657,389.627905685,0.000176100838997,-24287.7104286,Nes200_dDFE.Exponential_div10
658,658,377.049577123,0.000185144933711,-24258.2673125,Nes200_dDFE.Exponential_div10
659,659,383.639297396,0.00017891895903,-24193.864795,Nes200_dDFE.Exponential_div10
660,660,386.210570092,0.00017739799021,-24250.5305407,Nes200_dDFE.Exponential_div10
661,661,383.122488039,0.000182167525119,-24228.5816158,Nes200_dDFE.Exponential_div10
662,662,381.973632812,0.000182685253079,-24230.4894085,Nes200_dDFE.Exponential_div10
663,663,380.501091289,0.00018320182504,-24158.1998365,Nes200_dDFE.Exponential_div10
664,664,387.36932898,0.000181212880988,-24255.1367762,Nes200_dDFE.Exponential_div10
665,665,377.028782597,0.000184653692315,-24244.2385428,Nes200_dDFE.Exponential_div10
666,666,393.652266406,0.000172937770721,-24221.6013834,Nes200_dDFE.Exponential_div10
667,667,374.905861392,0.000186163931535,-24210.8790481,Nes200_dDFE.Exponential_div10
668,668,388.120598606,0.00017716527534,-24310.7575087,Nes200_dDFE.Exponential_div10
669,669,394.5496905,0.000173175736632,-24282.971694,Nes200_dDFE.Exponential_div10
670,670,382.455826079,0.000181444502126,-24315.0968833,Nes200_dDFE.Exponential_div10
671,671,379.069841428,0.000184831268345,-24254.2751072,Nes200_dDFE.Exponential_div10
672,672,378.267697644,0.000184289025314,-24233.2793049,Nes200_dDFE.Exponential_div10
673,673,396.457834524,0.000175036344877,-24336.194244,Nes200_dDFE.Exponential_div10
674,674,373.355852381,0.000189507915292,-24293.2361376,Nes200_dDFE.Exponential_div10
675,675,388.887774146,0.000179755904312,-24329.9705658,Nes200_dDFE.Exponential_div10
676,676,380.358622857,0.000180629950098,-24288.1146352,Nes200_dDFE.Exponential_div10
677,677,385.708156929,0.000179126594044,-24306.7701789,Nes200_dDFE.Exponential_div10
678,678,406.242877344,0.000167169851931,-24255.3241468,Nes200_dDFE.Exponential_div10
679,679,389.232082428,0.000176621605454,-24262.9347732,Nes200_dDFE.Exponential_div10
680,680,384.449757741,0.000183974755734,-24320.3151952,Nes200_dDFE.Exponential_div10
681,681,380.012446163,0.000183316064718,-24226.4990545,Nes200_dDFE.Exponential_div10
682,682,386.065310287,0.000178334036506,-24271.0017907,Nes200_dDFE.Exponential_div10
683,683,387.803404779,0.000180607304297,-24272.3823752,Nes200_dDFE.Exponential_div10
684,684,392.412535697,0.000175826586326,-24244.1888486,Nes200_dDFE.Exponential_div10
685,685,378.376904103,0.000185195471715,-24256.3880377,Nes200_dDFE.Exponential_div10
686,686,376.218399825,0.000186813491306,-24238.8995616,Nes200_dDFE.Exponential_div10
687,687,379.002807426,0.000185520132255,-24343.2906244,Nes200_dDFE.Exponential_div10
688,688,377.331847972,0.000184531242388,-24285.569636,Nes200_dDFE.Exponential_div10
689,689,385.163067399,0.000180124467073,-24274.1884044,Nes200_dDFE.Exponential_div10
690,690,389.724163594,0.000176589926272,-24269.9459586,Nes200_dDFE.Exponential_div10
691,691,393.344318139,0.000174972714416,-24277.806063,Nes200_dDFE.Exponential_div10
692,692,377.549205614,0.00018494549052,-24230.1226764,Nes200_dDFE.Exponential_div10
693,693,371.673401545,0.0001877328335,-24343.033049,Nes200_dDFE.Exponential_div10
694,694,395.627144224,0.000174259093713,-24272.5599106,Nes200_dDFE.Exponential_div10
695,695,384.392243238,0.000180022122394,-24276.6008217,Nes200_dDFE.Exponential_div10
696,696,386.711248666,0.000179182029008,-24325.8506986,Nes200_dDFE.Exponential_div10
697,697,397.777153926,0.000171928110021,-24203.8392692,Nes200_dDFE.Exponential_div10
698,698,376.588152571,0.000186944006574,-24259.5051906,Nes200_dDFE.Exponential_div10
699,699,376.403409128,0.000185630862868,-24271.3860795,Nes200_dDFE.Exponential_div10
700,700,397.118795734,0.000174644305512,-24320.6903102,Nes200_dDFE.Exponential_div10
701,701,381.212734033,0.000180448755912,-24244.516409,Nes200_dDFE.Exponential_div10
702,702,381.890707824,0.000185252679521,-24300.6591752,Nes200_dDFE.Exponential_div10
703,703,390.156393475,0.000175972443594,-24224.5449745,Nes200_dDFE.Exponential_div10
704,704,385.979976018,0.000179145201851,-24314.8437445,Nes200_dDFE.Exponential_div10
705,705,397.287077649,0.000171068992309,-24299.0226213,Nes200_dDFE.Exponential_div10
706,706,376.064639454,0.000186471934713,-24254.3484652,Nes200_dDFE.Exponential_div10
707,707,394.437720272,0.000174339499758,-24225.6999142,Nes200_dDFE.Exponential_div10
708,708,388.751421386,0.00017674222613,-24221.2409682,Nes200_dDFE.Exponential_div10
709,709,389.309067056,0.000175918959164,-24210.5802586,Nes200_dDFE.Exponential_div10
710,710,374.978538869,0.000188272038756,-24325.5431085,Nes200_dDFE.Exponential_div10
711,711,381.941017115,0.000181926561788,-24253.0687518,Nes200_dDFE.Exponential_div10
712,712,381.464090169,0.000181275513685,-24274.2691027,Nes200_dDFE.Exponential_div10
713,713,401.435114968,0.00016918309902,-24248.7237487,Nes200_dDFE.Exponential_div10
714,714,387.394163146,0.000179618097022,-24278.3703511,Nes200_dDFE.Exponential_div10
715,715,384.134865269,0.000180862137365,-24325.0034438,Nes200_dDFE.Exponential_div10
716,716,381.674577488,0.000182664609002,-24262.5148812,Nes200_dDFE.Exponential_div10
717,717,385.886030743,0.000178613071891,-24314.7377068,Nes200_dDFE.Exponential_div10
718,718,377.382697788,0.000182384187934,-24230.1364547,Nes200_dDFE.Exponential_div10
719,719,394.830350646,0.000175078930162,-24331.6190706,Nes200_dDFE.Exponential_div10
720,720,386.873755869,0.000180112201877,-24239.7725231,Nes200_dDFE.Exponential_div10
721,721,376.285464021,0.000186916854003,-24276.6852885,Nes200_dDFE.Exponential_div10
722,722,388.339841173,0.00017746684601,-24312.3974481,Nes200_dDFE.Exponential_div10
723,723,385.710400658,0.000179854224178,-24239.8816207,Nes200_dDFE.Exponential_div10
724,724,390.584735916,0.00017601392201,-24220.4710033,Nes200_dDFE.Exponential_div10
725,725,380.237464397,0.000183848439,-24251.6244359,Nes200_dDFE.Exponential_div10
726,726,384.093429194,0.000180740740733,-24259.9961164,Nes200_dDFE.Exponential_div10
727,727,398.107230021,0.000172834768655,-24278.5966713,Nes200_dDFE.Exponential_div10
728,728,391.229967417,0.000175510534356,-24306.5826182,Nes200_dDFE.Exponential_div10
729,729,391.459487291,0.00017688472512,-24279.2440064,Nes200_dDFE.Exponential_div10
730,730,380.273195254,0.000183780981439,-24274.6681757,Nes200_dDFE.Exponential_div10
731,731,390.239666092,0.000179008693508,-24276.3257887,Nes200_dDFE.Exponential_div10
732,732,381.220584255,0.000184007477628,-24301.2547809,Nes200_dDFE.Exponential_div10
733,733,383.324328094,0.000180672180889,-24307.3992634,Nes200_dDFE.Exponential_div10
734,734,375.442524721,0.000188613723781,-24302.5048133,Nes200_dDFE.Exponential_div10
735,735,375.158064771,0.000186025962362,-24342.7941508,Nes200_dDFE.Exponential_div10
736,736,393.821851532,0.00017383477442,-24287.0590245,Nes200_dDFE.Exponential_div10
737,737,393.505945632,0.000176776301357,-24290.608364,Nes200_dDFE.Exponential_div10
738,738,392.134097729,0.000176797722928,-24314.3671013,Nes200_dDFE.Exponential_div10
739,739,393.857530393,0.00017723028001,-24318.940646,Nes200_dDFE.Exponential_div10
740,740,384.725416328,0.00018261690322,-24207.3244341,Nes200_dDFE.Exponential_div10
741,741,386.671486742,0.000179352266448,-24278.3242255,Nes200_dDFE.Exponential_div10
742,742,390.231908054,0.000177576900265,-24253.9243124,Nes200_dDFE.Exponential_div10
743,743,377.425645475,0.000186699717893,-24256.2505253,Nes200_dDFE.Exponential_div10
744,744,380.058232974,0.000183464967515,-24357.8582304,Nes200_dDFE.Exponential_div10
745,745,403.165892668,0.000170629033517,-24293.1748905,Nes200_dDFE.Exponential_div10
746,746,382.865037226,0.000181398450454,-24291.1257485,Nes200_dDFE.Exponential_div10
747,747,397.128503309,0.000172545811362,-24206.6148193,Nes200_dDFE.Exponential_div10
748,748,380.545871654,0.000182688632753,-24279.1816704,Nes200_dDFE.Exponential_div10
749,749,391.518144198,0.000174903209703,-24380.4003692,Nes200_dDFE.Exponential_div10
750,750,387.358790058,0.000179770127733,-24294.908817,Nes200_dDFE.Exponential_div10
751,751,387.23558873,0.000180275804286,-24274.9623433,Nes200_dDFE.Exponential_div10
752,752,377.637997827,0.000183803576805,-24233.6729822,Nes200_dDFE.Exponential_div10
753,753,373.028997313,0.000185944354585,-24243.8235993,Nes200_dDFE.Exponential_div10
754,754,384.529565539,0.000179300571134,-24356.5938928,Nes200_dDFE.Exponential_div10
755,755,403.781104743,0.000169511152262,-24341.6423557,Nes200_dDFE.Exponential_div10
756,756,391.193403652,0.000175706023464,-24254.912162,Nes200_dDFE.Exponential_div10
757,757,389.950128505,0.000177178101382,-24199.1099868,Nes200_dDFE.Exponential_div10
758,758,388.955889534,0.00017708928894,-24254.7222753,Nes200_dDFE.Exponential_div10
759,759,376.260300035,0.000186586945322,-24258.3513034,Nes200_dDFE.Exponential_div10
760,760,381.332070012,0.000182857074963,-24230.970916,Nes200_dDFE.Exponential_div10
761,761,374.213280401,0.000187066398659,-24226.7272521,Nes200_dDFE.Exponential_div10
762,762,388.593787156,0.00017963868771,-24318.1104941,Nes200_dDFE.Exponential_div10
763,763,388.218690263,0.000177316469717,-24256.3655229,Nes200_dDFE.Exponential_div10
764,764,379.605233876,0.000182328948623,-24284.0493294,Nes200_dDFE.Exponential_div10
765,765,387.236505371,0.000179994603665,-24289.3736876,Nes200_dDFE.Exponential_div10
766,766,385.651147312,0.00018078411172,-24273.8898774,Nes200_dDFE.Exponential_div10
767,767,373.308436597,0.000187706876575,-24353.1673005,Nes200_dDFE.Exponential_div10
768,768,389.872992809,0.000176085261193,-24215.4676628,Nes200_dDFE.Exponential_div10
769,769,381.783250794,0.000184675902289,-24236.8290138,Nes200_dDFE.Exponential_div10
770,770,382.408032829,0.000179015241175,-24225.3371297,Nes200_dDFE.Exponential_div10
771,771,394.386482391,0.000174193920694,-24257.5405201,Nes200_dDFE.Exponential_div10
772,772,392.101573508,0.000174474469863,-24300.4158268,Nes200_dDFE.Exponential_div10
773,773,396.570494595,0.000173985192149,-24215.7954807,Nes200_dDFE.Exponential_div10
774,774,389.70246411,0.000178486745982,-24308.8314342,Nes200_dDFE.Exponential_div10
775,775,369.528435546,0.000191124210352,-24262.785576,Nes200_dDFE.Exponential_div10
776,776,374.167096021,0.000188004687911,-24267.4768199,Nes200_dDFE.Exponential_div10
777,777,397.006168323,0.000171158124261,-24283.505436,Nes200_dDFE.Exponential_div10
778,778,387.192461867,0.000181807622621,-24320.3729853,Nes200_dDFE.Exponential_div10
779,779,387.183355756,0.000179310508249,-24247.0779536,Nes200_dDFE.Exponential_div10
780,780,390.391429983,0.00017675718056,-24306.0398401,Nes200_dDFE.Exponential_div10
781,781,387.179603125,0.00017956145922,-24258.8281572,Nes200_dDFE.Exponential_div10
782,782,393.416331927,0.000175698116623,-24308.9383306,Nes200_dDFE.Exponential_div10
783,783,386.783812158,0.000179000200399,-24274.4351349,Nes200_dDFE.Exponential_div10
784,784,391.345260296,0.000175996774951,-24235.3157201,Nes200_dDFE.Exponential_div10
785,785,390.562624049,0.000178975752928,-24315.0453806,Nes200_dDFE.Exponential_div10
786,786,381.432071808,0.00018207212934,-24305.7305745,Nes200_dDFE.Exponential_div10
787,787,396.133990365,0.00017385331831,-24326.1354919,Nes200_dDFE.Exponential_div10
788,788,388.063253153,0.000178110059508,-24250.9966536,Nes200_dDFE.Exponential_div10
789,789,395.984784638,0.000172102699982,-24288.5185051,Nes200_dDFE.Exponential_div10
790,790,382.90421335,0.000179890825807,-24295.0639669,Nes200_dDFE.Exponential_div10
791,791,391.605893185,0.000177234449331,-24354.7446446,Nes200_dDFE.Exponential_div10
792,792,384.800030724,0.000182048552504,-24321.1272334,Nes200_dDFE.Exponential_div10
793,793,377.507261282,0.000183158891434,-24199.2206705,Nes200_dDFE.Exponential_div10
794,794,393.644513461,0.000175568736352,-24297.2338771,Nes200_dDFE.Exponential_div10
795,795,376.408683659,0.000186680445848,-24278.2722394,Nes200_dDFE.Exponential_div10
796,796,383.466056299,0.000183128551666,-24288.440089,Nes200_dDFE.Exponential_div10
797,797,393.706166635,0.000171888274486,-24234.9097598,Nes200_dDFE.Exponential_div10
798,798,384.798204968,0.000181941935657,-24330.8276331,Nes200_dDFE.Exponential_div10
799,799,389.450191913,0.000179202049609,-24350.4379696,Nes200_dDFE.Exponential_div10
800,800,387.692456866,0.000179423721006,-24307.6674676,Nes200_dDFE.Exponential_div10
801,801,381.498960764,0.000184148093547,-24239.9005756,Nes200_dDFE.Exponential_div10
802,802,396.835931269,0.000172820108875,-24225.1464309,Nes200_dDFE.Exponential_div10
803,803,392.05679305,0.00017541830332,-24309.0529164,Nes200_dDFE.Exponential_div10
804,804,378.685521049,0.000187035119439,-24323.8775259,Nes200_dDFE.Exponential_div10
805,805,381.860671048,0.000182727638348,-24257.6097735,Nes200_dDFE.Exponential_div10
806,806,383.447869235,0.000182278861478,-24282.2848581,Nes200_dDFE.Exponential_div10
807,807,385.056801601,0.00017985573755,-24234.5749161,Nes200_dDFE.Exponential_div10
808,808,393.535060414,0.000176530460674,-24267.5214661,Nes200_dDFE.Exponential_div10
809,809,390.807189647,0.000175688916828,-24218.805633,Nes200_dDFE.Exponential_div10
810,810,382.314095013,0.000182144142741,-24241.3369213,Nes200_dDFE.Exponential_div10
811,811,393.571178694,0.000175196672228,-24327.3100389,Nes200_dDFE.Exponential_div10
812,812,382.931822914,0.000179574477162,-24322.464937,Nes200_dDFE.Exponential_div10
813,813,393.622987733,0.000175996960216,-24357.4468672,Nes200_dDFE.Exponential_div10
814,814,390.554646652,0.00017812939934,-24272.0824958,Nes200_dDFE.Exponential_div10
815,815,388.725915803,0.000176410497756,-24304.4310682,Nes200_dDFE.Exponential_div10
816,816,395.078791335,0.000172699700142,-24232.0161646,Nes200_dDFE.Exponential_div10
817,817,386.93100772,0.000178869409331,-24322.0184725,Nes200_dDFE.Exponential_div10
818,818,377.570322564,0.000182940394535,-24283.2581006,Nes200_dDFE.Exponential_div10
819,819,390.486114165,0.000179034293394,-24233.8889796,Nes200_dDFE.Exponential_div10
820,820,380.887525325,0.000183514587798,-24239.5700885,Nes200_dDFE.Exponential_div10
821,821,393.910765137,0.000174949885594,-24305.4078939,Nes200_dDFE.Exponential_div10
822,822,384.610159827,0.000183187738993,-24250.7930688,Nes200_dDFE.Exponential_div10
823,823,391.07793314,0.000175064200011,-24301.9386533,Nes200_dDFE.Exponential_div10
824,824,385.034804629,0.000180996654475,-24352.2363342,Nes200_dDFE.Exponential_div10
825,825,393.246797034,0.000176133908348,-24282.6059425,Nes200_dDFE.Exponential_div10
826,826,370.10156811,0.000188546103651,-24295.4377202,Nes200_dDFE.Exponential_div10
827,827,375.987185562,0.000188582416759,-24267.2818464,Nes200_dDFE.Exponential_div10
828,828,385.317841786,0.000178028303211,-24280.5172332,Nes200_dDFE.Exponential_div10
829,829,392.254934476,0.000178004620036,-24243.2355424,Nes200_dDFE.Exponential_div10
830,830,370.739386249,0.00019079170409,-24251.0597945,Nes200_dDFE.Exponential_div10
831,831,396.548677056,0.000173279773176,-24278.3712346,Nes200_dDFE.Exponential_div10
832,832,380.549565394,0.000183424765131,-24294.3897134,Nes200_dDFE.Exponential_div10
833,833,377.992897453,0.000182108369509,-24208.5412062,Nes200_dDFE.Exponential_div10
834,834,380.028492112,0.000182690757012,-24327.8689975,Nes200_dDFE.Exponential_div10
835,835,374.105502217,0.000187783829361,-24353.2328286,Nes200_dDFE.Exponential_div10
836,836,382.752613397,0.000180516434876,-24299.9103122,Nes200_dDFE.Exponential_div10
837,837,387.52636503,0.00017770161712,-24218.5268358,Nes200_dDFE.Exponential_div10
838,838,386.656264454,0.000181951002742,-24310.6052852,Nes200_dDFE.Exponential_div10
839,839,400.964717071,0.000171412385409,-24296.1277207,Nes200_dDFE.Exponential_div10
840,840,382.618342529,0.000183326304485,-24284.7761226,Nes200_dDFE.Exponential_div10
841,841,382.413735407,0.000183267925731,-24322.8106492,Nes200_dDFE.Exponential_div10
842,842,388.099108825,0.000176672012824,-24228.1953202,Nes200_dDFE.Exponential_div10
843,843,397.257937179,0.000173391537111,-24241.2839019,Nes200_dDFE.Exponential_div10
844,844,376.247239169,0.000185201575393,-24279.2622678,Nes200_dDFE.Exponential_div10
845,845,385.73801893,0.000180824717268,-24242.31571,Nes200_dDFE.Exponential_div10
846,846,371.077624928,0.000187900892142,-24294.0602993,Nes200_dDFE.Exponential_div10
847,847,401.764370855,0.000170436550839,-24249.2215544,Nes200_dDFE.Exponential_div10
848,848,375.823158248,0.000186771971629,-24258.4629627,Nes200_dDFE.Exponential_div10
849,849,391.209882646,0.000177541805392,-24201.1051285,Nes200_dDFE.Exponential_div10
850,850,392.123030477,0.000176631178659,-24325.8696528,Nes200_dDFE.Exponential_div10
851,851,374.253432189,0.000185162953105,-24243.3462764,Nes200_dDFE.Exponential_div10
852,852,389.06873083,0.000180139521156,-24256.8845948,Nes200_dDFE.Exponential_div10
853,853,379.092701859,0.000187184229591,-24299.5638465,Nes200_dDFE.Exponential_div10
854,854,393.563171071,0.000176315037668,-24324.2021458,Nes200_dDFE.Exponential_div10
855,855,392.801908606,0.000175266591347,-24343.6150619,Nes200_dDFE.Exponential_div10
856,856,385.684162292,0.000182610268163,-24258.288202,Nes200_dDFE.Exponential_div10
857,857,388.979081052,0.000175792188223,-24324.214105,Nes200_dDFE.Exponential_div10
858,858,388.752871464,0.000178279566857,-24244.6288518,Nes200_dDFE.Exponential_div10
859,859,387.976885738,0.000177642690763,-24238.9336479,Nes200_dDFE.Exponential_div10
860,860,383.366021406,0.000181653317226,-24269.4857224,Nes200_dDFE.Exponential_div10
861,861,375.705393007,0.000184871430865,-24245.816175,Nes200_dDFE.Exponential_div10
862,862,374.089867467,0.00018701449668,-24254.8858708,Nes200_dDFE.Exponential_div10
863,863,379.65601044,0.000183798061039,-24292.2365079,Nes200_dDFE.Exponential_div10
864,864,370.815527016,0.000191594196627,-24282.6507627,Nes200_dDFE.Exponential_div10
865,865,376.885428652,0.000186003033691,-24283.8248663,Nes200_dDFE.Exponential_div10
866,866,377.55248984,0.000187027241976,-24256.7612662,Nes200_dDFE.Exponential_div10
867,867,390.340622485,0.000178078358583,-24208.8630231,Nes200_dDFE.Exponential_div10
868,868,396.394229248,0.000173631129279,-24300.4706047,Nes200_dDFE.Exponential_div10
869,869,390.624374799,0.000177096569459,-24229.5502152,Nes200_dDFE.Exponential_div10
870,870,375.516265595,0.000186842285945,-24237.8326117,Nes200_dDFE.Exponential_div10
871,871,387.690675048,0.000178099792894,-24248.4066595,Nes200_dDFE.Exponential_div10
872,872,374.755080774,0.000187489029902,-24215.0176804,Nes200_dDFE.Exponential_div10
873,873,387.38836573,0.00018086631741,-24255.018433,Nes200_dDFE.Exponential_div10
874,874,392.396992126,0.000177453191126,-24280.048074,Nes200_dDFE.Exponential_div10
875,875,373.095690368,0.000188815022373,-24290.2454765,Nes200_dDFE.Exponential_div10
876,876,387.975976819,0.000180601647305,-24327.2166368,Nes200_dDFE.Exponential_div10
877,877,368.463340658,0.000191005601488,-24289.1765644,Nes200_dDFE.Exponential_div10
878,878,398.266872785,0.000173154320591,-24297.4211442,Nes200_dDFE.Exponential_div10
879,879,369.629876132,0.000191049757608,-24411.1523088,Nes200_dDFE.Exponential_div10
880,880,379.381787276,0.000183171582355,-24272.5589493,Nes200_dDFE.Exponential_div10
881,881,394.333013403,0.000173884155674,-24286.5928953,Nes200_dDFE.Exponential_div10
882,882,388.245561528,0.000179117275537,-24290.1574566,Nes200_dDFE.Exponential_div10
883,883,375.665370724,0.000186732087243,-24248.5875174,Nes200_dDFE.Exponential_div10
884,884,382.133632092,0.00018190513173,-24253.0939182,Nes200_dDFE.Exponential_div10
885,885,378.398686405,0.000184144028078,-24186.1561279,Nes200_dDFE.Exponential_div10
886,886,384.116971045,0.000181850784035,-24232.7317471,Nes200_dDFE.Exponential_div10
887,887,379.68467008,0.000186056540053,-24271.5619954,Nes200_dDFE.Exponential_div10
888,888,397.378174916,0.000170484161892,-24232.2858948,Nes200_dDFE.Exponential_div10
889,889,371.006799042,0.000189551287523,-24239.6389615,Nes200_dDFE.Exponential_div10
890,890,393.698222899,0.000176568722404,-24264.607697,Nes200_dDFE.Exponential_div10
891,891,389.034813612,0.000178749815867,-24205.6507951,Nes200_dDFE.Exponential_div10
892,892,394.7810277,0.000174226167759,-24239.525731,Nes200_dDFE.Exponential_div10
893,893,387.820001054,0.000179515073203,-24197.8484841,Nes200_dDFE.Exponential_div10
894,894,389.095107998,0.00017724825892,-24274.8870341,Nes200_dDFE.Exponential_div10
895,895,375.351922647,0.000186272245639,-24263.3510811,Nes200_dDFE.Exponential_div10
896,896,389.043480197,0.000181792117477,-24349.9331216,Nes200_dDFE.Exponential_div10
897,897,388.683817375,0.000176511008948,-24298.0249075,Nes200_dDFE.Exponential_div10
898,898,391.290137879,0.000175830794703,-24276.6413189,Nes200_dDFE.Exponential_div10
899,899,390.023003317,0.000176915444158,-24236.4747072,Nes200_dDFE.Exponential_div10
900,900,377.232998716,0.000185272922797,-24312.6124166,Nes200_dDFE.Exponential_div10
901,901,383.798806231,0.000181520892823,-24291.3152222,Nes200_dDFE.Exponential_div10
902,902,388.53658636,0.000177998080722,-24292.4895729,Nes200_dDFE.Exponential_div10
903,903,391.677280773,0.000174736703477,-24269.8570646,Nes200_dDFE.Exponential_div10
904,904,392.018348714,0.000174670019448,-24296.0918715,Nes200_dDFE.Exponential_div10
905,905,381.807992585,0.000179547187577,-24180.9322816,Nes200_dDFE.Exponential_div10
906,906,378.650036626,0.000185608726374,-24218.0450144,Nes200_dDFE.Exponential_div10
907,907,392.143691075,0.000176081662945,-24291.0106046,Nes200_dDFE.Exponential_div10
908,908,386.620660867,0.00017787106232,-24301.7988757,Nes200_dDFE.Exponential_div10
909,909,401.001896081,0.000171495674057,-24204.3297708,Nes200_dDFE.Exponential_div10
910,910,373.660232977,0.000185787768897,-24288.7032046,Nes200_dDFE.Exponential_div10
911,911,388.063020927,0.000177613607168,-24279.763307,Nes200_dDFE.Exponential_div10
912,912,390.055791406,0.000176937918455,-24283.9580905,Nes200_dDFE.Exponential_div10
913,913,389.541944962,0.0001788377783,-24192.7996485,Nes200_dDFE.Exponential_div10
914,914,388.169903615,0.000179553655028,-24270.5351562,Nes200_dDFE.Exponential_div10
915,915,388.977445128,0.000179326759997,-24307.1334198,Nes200_dDFE.Exponential_div10
916,916,380.668711409,0.000183118242982,-24329.2913831,Nes200_dDFE.Exponential_div10
917,917,384.300709976,0.000179668644993,-24325.5094033,Nes200_dDFE.Exponential_div10
918,918,388.759230749,0.000177849744906,-24256.6093479,Nes200_dDFE.Exponential_div10
919,919,381.36400272,0.000179575734845,-24205.3885531,Nes200_dDFE.Exponential_div10
920,920,397.750207182,0.000173084236079,-24200.3638328,Nes200_dDFE.Exponential_div10
921,921,376.506716669,0.000185251400802,-24285.8001546,Nes200_dDFE.Exponential_div10
922,922,390.972234049,0.000176482739642,-24270.4201194,Nes200_dDFE.Exponential_div10
923,923,383.107548017,0.000181488016724,-24234.5585245,Nes200_dDFE.Exponential_div10
924,924,388.387164966,0.000178880112968,-24240.1410482,Nes200_dDFE.Exponential_div10
925,925,394.233367651,0.000173601772052,-24313.7422663,Nes200_dDFE.Exponential_div10
926,926,388.027505061,0.000178810978822,-24295.7609062,Nes200_dDFE.Exponential_div10
927,927,390.958763045,0.000179615982164,-24325.8991397,Nes200_dDFE.Exponential_div10
928,928,383.787396308,0.000182574071579,-24313.9412773,Nes200_dDFE.Exponential_div10
929,929,390.84631441,0.000176743544679,-24261.1186004,Nes200_dDFE.Exponential_div10
930,930,372.913232321,0.000187130699242,-24271.7600534,Nes200_dDFE.Exponential_div10
931,931,381.644372293,0.000181486886662,-24205.5761273,Nes200_dDFE.Exponential_div10
932,932,393.158906097,0.000175816656926,-24298.1991551,Nes200_dDFE.Exponential_div10
933,933,379.083273736,0.000182758761134,-24339.9178135,Nes200_dDFE.Exponential_div10
934,934,382.625130637,0.000181625921378,-24217.2494216,Nes200_dDFE.Exponential_div10
935,935,385.95628427,0.000178771587237,-24259.8438187,Nes200_dDFE.Exponential_div10
936,936,375.252840407,0.000186854330854,-24241.0681898,Nes200_dDFE.Exponential_div10
937,937,405.170168526,0.000167343434742,-24278.3963139,Nes200_dDFE.Exponential_div10
938,938,395.235415206,0.000173133235193,-24302.0325834,Nes200_dDFE.Exponential_div10
939,939,391.29521736,0.000176167777548,-24263.5043662,Nes200_dDFE.Exponential_div10
940,940,382.396591189,0.000180628316748,-24333.3322953,Nes200_dDFE.Exponential_div10
941,941,380.416337208,0.000184518033018,-24190.2135436,Nes200_dDFE.Exponential_div10
942,942,383.436085703,0.000183643008143,-24265.4308594,Nes200_dDFE.Exponential_div10
943,943,387.803332589,0.000178978871507,-24312.7130942,Nes200_dDFE.Exponential_div10
944,944,385.00813269,0.000181238362737,-24283.993736,Nes200_dDFE.Exponential_div10
945,945,379.084220568,0.000185604579384,-24308.2043488,Nes200_dDFE.Exponential_div10
946,946,380.311239077,0.000182539467889,-24292.7936549,Nes200_dDFE.Exponential_div10
947,947,389.769269694,0.000176962978729,-24314.7490646,Nes200_dDFE.Exponential_div10
948,948,377.745619392,0.000184367964887,-24294.309597,Nes200_dDFE.Exponential_div10
949,949,383.83362596,0.000181329762431,-24264.9984058,Nes200_dDFE.Exponential_div10
950,950,377.811973985,0.000185539227961,-24324.0432605,Nes200_dDFE.Exponential_div10
951,951,374.488621665,0.00018856709696,-24285.0846718,Nes200_dDFE.Exponential_div10
952,952,369.760178084,0.000192311179101,-24320.4940816,Nes200_dDFE.Exponential_div10
953,953,399.510892093,0.00017078686268,-24317.955393,Nes200_dDFE.Exponential_div10
954,954,384.344071681,0.000182040567185,-24343.7697788,Nes200_dDFE.Exponential_div10
955,955,380.505665949,0.000183116726288,-24289.9328372,Nes200_dDFE.Exponential_div10
956,956,398.846748791,0.000171997798914,-24190.2820691,Nes200_dDFE.Exponential_div10
957,957,400.816086028,0.00017061566444,-24326.635317,Nes200_dDFE.Exponential_div10
958,958,384.628172648,0.000182195210478,-24206.1067606,Nes200_dDFE.Exponential_div10
959,959,396.715938243,0.00017458854405,-24288.5865652,Nes200_dDFE.Exponential_div10
960,960,390.084406039,0.000177341040899,-24251.3467016,Nes200_dDFE.Exponential_div10
961,961,392.430661946,0.000176947685681,-24266.3062464,Nes200_dDFE.Exponential_div10
962,962,388.990479319,0.000174485178722,-24307.444284,Nes200_dDFE.Exponential_div10
963,963,372.865706395,0.000188578591672,-24201.2088009,Nes200_dDFE.Exponential_div10
964,964,415.491693186,0.000163539106759,-24279.4494194,Nes200_dDFE.Exponential_div10
965,965,395.348068354,0.000173469589761,-24228.9884227,Nes200_dDFE.Exponential_div10
966,966,388.234908818,0.000178760436788,-24274.3344056,Nes200_dDFE.Exponential_div10
967,967,382.928437134,0.000181514894152,-24301.2953225,Nes200_dDFE.Exponential_div10
968,968,396.22376918,0.000174624311683,-24306.3134331,Nes200_dDFE.Exponential_div10
969,969,386.334402649,0.000181374358812,-24317.2377606,Nes200_dDFE.Exponential_div10
970,970,397.78749478,0.000171657518656,-24253.5195034,Nes200_dDFE.Exponential_div10
971,971,392.071913832,0.000178685704328,-24292.7641669,Nes200_dDFE.Exponential_div10
972,972,390.425743406,0.000178612371203,-24315.1763745,Nes200_dDFE.Exponential_div10
973,973,379.71393267,0.000184916570759,-24295.9887613,Nes200_dDFE.Exponential_div10
974,974,375.778702106,0.0001874578058,-24272.2029002,Nes200_dDFE.Exponential_div10
975,975,385.003917979,0.000178042914035,-24208.2547479,Nes200_dDFE.Exponential_div10
976,976,379.873434492,0.000185290059696,-24341.7017965,Nes200_dDFE.Exponential_div10
977,977,380.483253286,0.000183885104678,-24264.4660761,Nes200_dDFE.Exponential_div10
978,978,379.244642454,0.000184588243939,-24310.1012041,Nes200_dDFE.Exponential_div10
979,979,396.930439388,0.000172434451588,-24270.6189595,Nes200_dDFE.Exponential_div10
980,980,395.502335553,0.00017247516816,-24324.3853403,Nes200_dDFE.Exponential_div10
981,981,374.803783789,0.000186918719404,-24304.2021708,Nes200_dDFE.Exponential_div10
982,982,387.4733575,0.000181424119446,-24231.5004332,Nes200_dDFE.Exponential_div10
983,983,386.098739447,0.000177855255648,-24291.0669531,Nes200_dDFE.Exponential_div10
984,984,394.714476307,0.000173421319704,-24283.6520999,Nes200_dDFE.Exponential_div10
985,985,380.151561424,0.000184412694331,-24282.6496607,Nes200_dDFE.Exponential_div10
986,986,381.45483144,0.000183655370489,-24298.8968694,Nes200_dDFE.Exponential_div10
987,987,389.076818756,0.000178729367606,-24241.9548724,Nes200_dDFE.Exponential_div10
988,988,388.528979086,0.000177725097817,-24282.312505,Nes200_dDFE.Exponential_div10
989,989,385.999730857,0.000179545032604,-24316.2914124,Nes200_dDFE.Exponential_div10
990,990,396.292496599,0.000175857770204,-24263.3059236,Nes200_dDFE.Exponential_div10
991,991,380.815505452,0.00018211487745,-24321.0501645,Nes200_dDFE.Exponential_div10
992,992,371.828910877,0.000188942115451,-24331.7548737,Nes200_dDFE.Exponential_div10
993,993,385.852314618,0.000179819540318,-24252.0090159,Nes200_dDFE.Exponential_div10
994,994,388.755956156,0.000182361594959,-24383.284387,Nes200_dDFE.Exponential_div10
995,995,379.652205726,0.000185035230126,-24320.3840622,Nes200_dDFE.Exponential_div10
996,996,379.859660028,0.000183423959505,-24287.5243418,Nes200_dDFE.Exponential_div10
997,997,376.764181783,0.000184322300475,-24286.6393153,Nes200_dDFE.Exponential_div10
998,998,392.951326704,0.000175097284452,-24306.0357214,Nes200_dDFE.Exponential_div10
999,999,391.209796579,0.000176134262623,-24249.3726941,Nes200_dDFE.Exponential_div10
