,mid,label,pi,fam_div_jc,rat_div_jc,tajima,sites
0,-0.0,all,0.008303750045466119,0.03929791097191221,0.21299082052715285,0.16093766918932897,28940
1,0.0,all,0.007427538596056221,0.03693053707737243,0.20829819245075434,0.1469544814395212,24198
2,-0.08423255810757291,all,0.0052589750512398335,0.03656823944715916,0.19653300850829475,-0.01224526603011597,13841
3,0.08423255810757291,all,0.0054119623973383916,0.03571321839446849,0.19922302147463788,-0.3273551707595696,15598
4,-0.17556024006049165,all,0.007703277823318698,0.03531091543524094,0.185064698626203,0.2203733681021796,14061
5,0.17556024006049165,all,0.006497720898311203,0.03621113427622012,0.2041375697363149,0.1973978261171801,13267
6,-0.27458068629033927,all,0.00548300870285951,0.03481127570174169,0.1829718321476357,-0.3483705455246478,25400
7,0.27458068629033927,all,0.005296535892153048,0.031589501080962694,0.18772362602312975,-0.1855241269864779,21918
8,-0.3819418780110806,all,0.006657278971805461,0.03669434013327894,0.18256915329509107,-0.18830401731093124,21753
9,0.3819418780110806,all,0.006980796192980516,0.04158738760809896,0.2081641165292497,-0.30982294990152875,18094
10,-0.49834637755193745,all,0.006397856069791459,0.03382571569515784,0.17098446120369892,-0.3024072318535526,28693
11,0.49834637755193745,all,0.007004614711381627,0.03708881897712808,0.18309947568691126,-0.2536063916116154,21168
12,-0.6245559258643523,all,0.006751294712754426,0.03667157465091133,0.1844366212130715,-0.301797962870509,32775
13,0.6245559258643523,all,0.005988190110215828,0.03440754788322791,0.18215346918780423,-0.2999614829862657,25037
14,-0.7613964272887233,all,0.0048202357698034345,0.03224984812268552,0.1620800779548393,-0.5202666756596354,30824
15,0.7613964272887233,all,0.005026500415875632,0.032883963462376646,0.17183115130986681,-0.4895298458832281,28222
16,-0.9097633542007921,all,0.006295821341560985,0.036591017339387015,0.174459329758978,-0.2373364750123122,23353
17,0.9097633542007921,all,0.007324493317120763,0.03634268760584233,0.1748543704803438,-0.4457228701288846,21902
18,-1.0706276069052238,all,0.0075722865457247225,0.03588943606804426,0.16862413370503282,-0.20743379213575402,32302
19,1.0706276069052238,all,0.00632254252310809,0.03303816046889746,0.17062695570886074,-0.2830014259532743,28681
20,-1.245041867123013,all,0.006413741156271585,0.03494727666775188,0.16378215231299195,-0.38855971259009775,50519
21,1.245041867123013,all,0.006678446792765027,0.036419722085324735,0.16944897347007906,-0.37970734965444136,44023
22,-1.434147486649386,all,0.005909213066291734,0.033458418893682514,0.17268116983446605,-0.3333093173431448,64236
23,1.434147486649386,all,0.006519770141188111,0.03709170454639045,0.18362093928847453,-0.3106268409107221,55320
24,-1.639181956260983,all,0.006607585952858665,0.03384910205691041,0.17156580928875542,-0.49880675664222496,39007
25,1.639181956260983,all,0.006680911252219446,0.034297318686905595,0.17138036465521567,-0.4096349406418319,33229
26,-1.861487003748194,all,0.006674683026971351,0.03597177957447319,0.1745257693430872,-0.44656410818950615,44558
27,1.861487003748194,all,0.006115075472404947,0.034360756248776096,0.17089358686865427,-0.5601460218575207,37933
28,-2.102517374065479,all,0.006493731752473183,0.03497798778940676,0.16657501860116147,-0.3994647051401665,68881
29,2.102517374065479,all,0.0063385736369928145,0.033664984653309256,0.16660146992818692,-0.34710628097712576,65096
30,-2.3638503490562037,all,0.006355451736136458,0.03329889528107172,0.15905314002665155,-0.3270444531585331,43260
31,2.3638503490562037,all,0.006953390048419245,0.03233983209042976,0.15611853320696042,-0.3024651799780991,33773
32,-2.64719606904826,all,0.007018584794408537,0.03675131740752785,0.1685345173122175,-0.39587323128397334,64045
33,2.64719606904826,all,0.006653627589154008,0.034038230262835104,0.17689873358185787,-0.48035250866238455,51236
34,-2.9544087238640793,all,0.006760545716066173,0.03549821758954995,0.16392614079067647,-0.5370036762305547,67145
35,2.9544087238640793,all,0.0071467166038392815,0.036829819353967105,0.16500369953180274,-0.4036865659509678,58347
36,-3.287498686478054,all,0.006876642132080874,0.036182179786405345,0.16759439436335488,-0.5066296806382572,72615
37,3.287498686478054,all,0.005887858901590024,0.03321278256285564,0.16599038048406964,-0.6408921902917197,65901
38,-3.64864566872296,all,0.007650279088970028,0.0350235449442456,0.16660097937909707,-0.2740291025247584,73557
39,3.64864566872296,all,0.006517565283040972,0.03533583210890695,0.16004919896676184,-0.5568387190137462,64694
40,-4.040212985135184,all,0.005852429146542612,0.03380179850131095,0.1600042957418557,-0.6487659583453576,124382
41,4.040212985135184,all,0.006632003103392136,0.034783261428665606,0.16618770900330762,-0.5298950860704051,108947
42,-4.4647630182801255,all,0.0068355093409897755,0.035585723716654374,0.16401743960634577,-0.3447859827209371,103094
43,4.4647630182801255,all,0.006201894257283299,0.03402867355385098,0.16360446036526008,-0.44960787595914803,92190
44,-4.925073986761522,all,0.007264607514749186,0.03470234236503614,0.16724651521365932,-0.39385399940644134,83216
45,4.925073986761522,all,0.007551411200556446,0.03602182005004527,0.1697686793330911,-0.36207962222972023,75063
46,-5.424158125643081,all,0.006780300356599347,0.03463779401713058,0.16842126263229484,-0.49932792258340974,93205
47,5.424158125643081,all,0.007311702759252748,0.03484467072853609,0.1637939112334656,-0.3960197793583287,82179
48,-5.965281398253548,all,0.007129001752557023,0.03291901381112924,0.1665264262489925,-0.3839713210043558,81535
49,5.965281398253548,all,0.007194416061493451,0.03483610671050162,0.17148731732165395,-0.44600138062445494,76852
50,-6.551984868367538,all,0.0074516189451933135,0.03604954118662377,0.16457183243581502,-0.47073778671569505,87110
51,6.551984868367538,all,0.008051101373439697,0.03523863105467257,0.16527341675533974,-0.3539689224912516,78696
52,-7.188107872619819,all,0.007357744621142332,0.0342083580753625,0.1690751644623872,-0.4223206161159621,91298
53,7.188107872619819,all,0.007529369084542548,0.0346222020136909,0.1643554313052077,-0.29912659478791687,76311
54,-7.877813144791343,all,0.007887854659036509,0.03637115864093811,0.16676707744397865,-0.39083002125490435,78387
55,7.877813144791343,all,0.008461224747942867,0.03772937692575119,0.16825859666005105,-0.3170243489204488,72399
56,-8.625614056378152,all,0.008973353856760522,0.03786097873272479,0.17055399454247955,-0.3341210000359529,87944
57,8.625614056378152,all,0.008141431865825123,0.03665826842034835,0.1722225308036197,-0.42349499435750737,74266
58,-9.436404151703096,all,0.007939904191504447,0.03532434755175098,0.16482214344006982,-0.3909126002168461,123459
59,9.436404151703096,all,0.008422870854302966,0.03631885495541133,0.16639484755039008,-0.41959599607331005,114629
60,-10.315489170845543,all,0.0073379660477074235,0.034952504588540635,0.16569084334471687,-0.4758826933981598,97158
61,10.315489170845543,all,0.007506340564339594,0.036201179948112075,0.16316409453291758,-0.502716206235882,80642
62,-11.268621769944403,all,0.007635527211184074,0.03528501655570541,0.16244757311033559,-0.4735390829764587,92579
63,11.268621769944403,all,0.007628332734170015,0.03482380291459232,0.1659126805864124,-0.4649120159586097,88281
64,-12.30203916608108,all,0.006938585578928663,0.0349450206404594,0.16351058508322364,-0.5518149942712945,90032
65,12.30203916608108,all,0.007230518468803184,0.03609032246953522,0.16456587899495334,-0.4317989659112081,83438
66,-13.422503953087217,all,0.00767031463344864,0.03533506312809644,0.16487187320480629,-0.34904418091265504,71388
67,13.422503953087217,all,0.007095421263669406,0.03634280261921391,0.1676362714306474,-0.4661812335863609,67087
68,-14.637348355372337,all,0.007859129279779392,0.03572733264960103,0.1661183079382868,-0.39088604134007426,83291
69,14.637348355372337,all,0.007417735850490299,0.03613167334556498,0.16945550797553238,-0.4542151163000665,83118
70,-15.954522209364598,all,0.007552349123914684,0.036193613203280774,0.16480552561441913,-0.4114862018120029,88696
71,15.954522209364598,all,0.008135370254697417,0.03671014078426533,0.16793308958114797,-0.3702181177339038,81058
72,-17.38264498655104,all,0.007427042813085952,0.036050662523103585,0.16975700691135648,-0.4279295032967629,88812
73,17.38264498655104,all,0.008514695991150045,0.036957816621873335,0.1668328449865093,-0.3426304163532559,80833
74,-18.931062198551583,all,0.00779283705376559,0.03666562049708385,0.16815765539572103,-0.44146227779771424,81685
75,18.931062198551583,all,0.007737801413815907,0.036068562765841854,0.1692346785180603,-0.4114227097000502,90416
76,-20.60990655333673,all,0.0076478325277072046,0.03509339440643668,0.16234861294332315,-0.4284970624327349,98877
77,20.60990655333673,all,0.007888542737794104,0.0348393548756556,0.16692660296835157,-0.4196152886005166,86245
78,-22.43016426278989,all,0.007102674537553038,0.03581077124370957,0.1703022665240808,-0.42054717247625817,75838
79,22.43016426278989,all,0.007341363628954703,0.03687836971899501,0.16499996101066236,-0.485002317524668,64580
80,-24.40374693552532,all,0.0075373240025460005,0.035474483521210534,0.1666507859952105,-0.346405579055726,92529
81,24.40374693552532,all,0.008325804195894584,0.03662485692959322,0.16676388842633516,-0.2760985597256573,81438
82,-26.54356952542202,all,0.007170687942385504,0.03427402376837646,0.16450394385885664,-0.4704569493502968,86411
83,26.54356952542202,all,0.008284183569471307,0.03740059328334301,0.17090858233360423,-0.29813827724724146,79269
84,-28.863634845962107,all,0.007667842116248668,0.03637631118058478,0.16619753012145286,-0.4807665509047004,119775
85,28.863634845962107,all,0.0073251642519189634,0.03524826312113567,0.16598417596918338,-0.4870716775903358,99382
86,-31.379125203427954,all,0.0075321896425108075,0.03486364987192357,0.16297788753825637,-0.3067473152961421,93026
87,31.379125203427954,all,0.007298838798772838,0.034960487469232665,0.16573284486529394,-0.4246430834675941,75004
88,-34.10650174859808,all,0.007725765666402141,0.03616787759045309,0.1664690598549633,-0.42469567324332974,93912
89,34.10650174859808,all,0.007537508638450955,0.034850568835084306,0.16344867545917222,-0.5058573994065964,81490
90,-37.06361219709048,all,0.0067414558500259805,0.03523284993432465,0.16435372632598375,-0.6432103885853352,84781
91,37.06361219709048,all,0.007074000534792824,0.035243982339021,0.16497656991595783,-0.4489680032127109,92510
92,-40.269807623266026,all,0.007773864422150142,0.036433441738026644,0.16579426357601237,-0.3840640619057197,104351
93,40.269807623266026,all,0.007716048225301409,0.03618749565789177,0.16401782434107456,-0.5346922312918791,84210
94,-43.746069091981134,all,0.007753197735374293,0.03529840630704205,0.16571398598336462,-0.3921053087839177,97388
95,43.746069091981134,all,0.008045359237731243,0.036290112283000914,0.16564190187351063,-0.41706272404944283,79320
96,-47.515144956856915,all,0.007670927678378761,0.03510655387912657,0.16383762276329036,-0.481254528813399,114148
97,47.515144956856915,all,0.007799931953814417,0.03657733587969523,0.1646073400778288,-0.4495707991484709,85855
98,-51.60169972353269,all,0.0075550054862479794,0.0348450805649296,0.16698106602543666,-0.4230338644466714,101210
99,51.60169972353269,all,0.008437936533517338,0.03865195152749108,0.17066116536755568,-0.36995982828905793,90463
100,-56.03247545205226,all,0.008142001521045232,0.03561491755343728,0.1660795200242851,-0.3769869048731382,111004
101,56.03247545205226,all,0.007449547421312644,0.0352052528072761,0.16402933356088817,-0.3854153778853123,94732
102,-60.836466754585985,all,0.007621996737819434,0.03493853641803173,0.16725661887380416,-0.37971299211588144,103289
103,60.836466754585985,all,0.008347280725564774,0.03611123546172827,0.16678499052321738,-0.2625566069109004,95786
104,-66.04511053365866,all,0.00757421558856248,0.03571055089783035,0.16497812129278427,-0.38986952109159984,100018
105,66.04511053365866,all,0.007807742496737711,0.03517806101949199,0.16755880395815864,-0.3632511964492954,86394
106,-71.6924917025137,all,0.008018217329615726,0.03616271666106797,0.16685025912141924,-0.366418261726996,106388
107,71.6924917025137,all,0.00773539148748301,0.03590301568791762,0.165953576700048,-0.4845525773070536,85118
108,-77.81556623382995,all,0.007834214602360733,0.034806976110121214,0.16164786644933005,-0.45567600785075,93615
109,77.81556623382995,all,0.0074659412346781365,0.03422486997901824,0.163079779085035,-0.4377067725778487,94782
110,-84.45440299640231,all,0.007902112659463636,0.03499220449108002,0.16721048171204603,-0.47100171513883393,102754
111,84.45440299640231,all,0.007940776069858409,0.03632028352767554,0.16688998667114657,-0.42487474373693646,90312
112,-91.65244596234467,all,0.008217956978673294,0.0362117137084142,0.16552922860387803,-0.36019155066850367,107577
113,91.65244596234467,all,0.008499737518194762,0.03728576106407249,0.16912129659282663,-0.3509478358318611,105872
114,-99.4567985006767,all,0.008121032012662682,0.03557225803401521,0.16472983445515466,-0.3859571543712762,102614
115,99.4567985006767,all,0.008757129581698124,0.03681708280628683,0.16976146888342963,-0.24681692379966994,100757
116,-107.91853161768563,all,0.00802433730131984,0.03604803363501265,0.16669062496185064,-0.4369295311997716,117913
117,107.91853161768563,all,0.008745707219933565,0.035794050258103366,0.16517248691198455,-0.4011788037991229,99218
118,-117.09301816116393,all,0.007930734942452783,0.035278698674332504,0.16205953438081894,-0.40574804923255214,100517
119,117.09301816116393,all,0.00829613090947673,0.03564087500754951,0.16249665100919122,-0.2887285533653107,91274
120,-127.04029517552277,all,0.008173783085370354,0.034531759987807845,0.16525821104269448,-0.36240726489723424,108537
121,127.04029517552277,all,0.009037332056452426,0.03753378225783932,0.1716788045733264,-0.32192313109970006,91341
122,-137.82545677900586,all,0.0083041465210543,0.037276481690140195,0.16459811116470083,-0.4557271060307721,110435
123,137.82545677900586,all,0.008517905149160955,0.036575035714970276,0.1674456067330492,-0.2840921686028617,93816
124,-149.51908013395376,all,0.008539174905835051,0.03559210794564177,0.16538184095906572,-0.328699039307933,124278
125,149.51908013395376,all,0.008791521776843348,0.03724561060738896,0.16546295149560744,-0.3382521686492185,101635
126,-162.19768729763553,all,0.008420838838504988,0.03669438484394419,0.16824676774537028,-0.41040103684832885,123090
127,162.19768729763553,all,0.008487946870833997,0.03610341099340694,0.16314313506396433,-0.4363553141381447,81763
128,-175.94424597595506,all,0.008193285827269223,0.03623874604325029,0.1684108454010521,-0.3882946689925901,132430
129,175.94424597595506,all,0.00869425507886117,0.036924421815654314,0.16594269079496038,-0.3920474465486114,89758
130,-190.84871245692528,all,0.008242150899649034,0.035036923793811334,0.16246351254940564,-0.37216624818908556,125938
131,190.84871245692528,all,0.008288828728725835,0.036475938080370585,0.16575641879161604,-0.40657744521587474,98334
132,-207.0086202768164,all,0.008856125963964052,0.03734316161945178,0.16752464383444285,-0.35858684224219206,128772
133,207.0086202768164,all,0.00833903798831341,0.03678405229028241,0.1657878497414691,-0.43459839711590886,95413
134,-224.5297184711593,all,0.008628530562542971,0.03596136375693644,0.1652522587802334,-0.3908624421155672,133427
135,224.5297184711593,all,0.008750196315456331,0.03533429780684179,0.16814363444839292,-0.38907050159715206,110590
136,-243.52666358726592,all,0.008588816301590666,0.0363321763939202,0.16201722294009524,-0.45329885868849157,134889
137,243.52666358726592,all,0.008826629336708223,0.03596080984365759,0.16462990100397892,-0.35329957667644923,103468
138,-264.12376998673113,all,0.008181269000502778,0.03692119811204752,0.1647601276457925,-0.47735486370123686,123629
139,264.12376998673113,all,0.008724238788664464,0.03633020059640259,0.16595341019527132,-0.3731147036207519,104584
140,-286.4558233478374,all,0.008608428265470432,0.035989917113767915,0.16617148892583472,-0.43088005277145225,133096
141,286.4558233478374,all,0.008770634547365385,0.03682019653848505,0.16564591637987516,-0.3764355148023797,117837
142,-310.6689626913442,all,0.008418947867856512,0.03644241957661736,0.16431161563233043,-0.4248195574203223,147535
143,310.6689626913442,all,0.00900925591177145,0.03652199715937681,0.16895429122344835,-0.38630010941867454,108312
144,-336.92163670157004,all,0.008409476807619696,0.03690571863631327,0.16119552687682684,-0.4761561797352762,147949
145,336.92163670157004,all,0.00918753333252459,0.03563765219104485,0.16489513188335245,-0.251815432843909,117141
146,-365.385640600841,all,0.008565489613298227,0.036169556081794195,0.16561781101001805,-0.4422263486854006,150377
147,365.385640600841,all,0.00877615551122618,0.036672208012387235,0.16851778526868735,-0.4940181566319497,94244
148,-396.2472403625319,all,0.008138330118489941,0.03581553892838686,0.1624165151871832,-0.4570320067939551,152800
149,396.2472403625319,all,0.008855719069965318,0.035630280568607356,0.1644215531054433,-0.37387717814135496,101445
150,-429.7083916194416,all,0.008459186087273744,0.036359134809755625,0.16470944614343125,-0.44088574292687754,129269
151,429.7083916194416,all,0.009028389165914504,0.037006534059730894,0.17012359878589148,-0.44924149601724905,113824
152,-465.98806124394576,all,0.008916616784366265,0.036377928943453,0.16582873685560667,-0.3755039576183828,139539
153,465.98806124394576,all,0.009222624546379234,0.03820365578776661,0.16947652357469828,-0.36754517581690677,104626
154,-505.323660248219,all,0.008440673011511786,0.0360215744519677,0.16551784226000088,-0.3896297434110827,175006
155,505.323660248219,all,0.008734472174803321,0.0380225641338911,0.16655904750775394,-0.490370550447745,146973
156,-547.9725973813165,all,0.008748978893292911,0.0365208974061758,0.16810435980086774,-0.41925773566515834,146384
157,547.9725973813165,all,0.009484253963657424,0.036750136227377814,0.16806294685510065,-0.36700028702920806,109050
158,-594.2139635897032,all,0.008263946881346379,0.03620329683818958,0.16321786717650524,-0.5151864793184667,141554
159,594.2139635897032,all,0.00959463501245641,0.03773455894289797,0.1711124342444093,-0.32289695181314,91329
160,-644.350358364212,all,0.00891706200746431,0.03739636559788706,0.1689234636964743,-0.4823127566327844,163106
161,644.350358364212,all,0.009143537524889528,0.03758515488005776,0.16708366599971256,-0.39766454329355405,120189
162,-698.7098699248681,all,0.008563180463991125,0.03588335727766688,0.16443377683140373,-0.47288313677851324,135023
163,698.7098699248681,all,0.008815708079240115,0.0371287143176496,0.168767214562825,-0.4751472904081363,95377
164,-757.6482222017565,all,0.008227637194675312,0.03553649196894576,0.1630487623232359,-0.4337846215838616,134725
165,757.6482222017565,all,0.008786429786533202,0.0364253929186025,0.16635315397371106,-0.3949287293724374,96189
166,-821.5511026615734,all,0.008216590572670072,0.03583274928046491,0.16215469732626803,-0.469878840036882,114632
167,821.5511026615734,all,0.00868095799285109,0.035622815150406474,0.16598380448668304,-0.41367222876913623,102673
168,-890.8366862129621,all,0.008227644627442863,0.03579426257028438,0.16434794033212682,-0.5165673915040385,96099
169,890.8366862129621,all,0.009159161192505054,0.03639697231108719,0.16264526231878237,-0.40760029889307775,97163
170,-965.9583717068613,all,0.009003341446309971,0.03730766211113217,0.1660490413625279,-0.4059746529418362,96964
171,965.9583717068613,all,0.009614390323084877,0.036943054279517044,0.16627553304078374,-0.36608610299191596,83167
172,-1047.407748939263,all,0.00818368461172153,0.0363279464068486,0.16575956505654116,-0.5015698313765007,90519
173,1047.407748939263,all,0.009382684910776214,0.03664109874621914,0.16577506050168508,-0.315839865805182,126872
174,-1135.71781557222,all,0.008117460299017316,0.035008943938562354,0.16353168631018594,-0.38966709909034036,72476
175,1135.71781557222,all,0.010079812468605235,0.03713030769310558,0.166533563110852,-0.28877682214406636,87699
176,-1231.4664650243199,all,0.00869432197247284,0.037600490160373666,0.16323657857074975,-0.39710929871479383,65715
177,1231.4664650243199,all,0.009814967105263157,0.03773452816835418,0.16676681897564255,-0.2737604062776123,48640
178,-1335.2802681551166,all,0.008357060923134256,0.03684573586284495,0.16420438343623361,-0.4583475716723105,72312
179,1335.2802681551166,all,0.009991965981814586,0.0392669131448239,0.1733944237311829,-0.3973201054320403,42058
180,-1447.8385734904948,all,0.009069669869567528,0.03754874965384755,0.16625001990176247,-0.47780278206595034,48547
181,1447.8385734904948,all,0.008760377447659857,0.03637076245395787,0.16102553727180322,-0.4195225555205407,43433
182,-1569.8779528205268,all,0.009103754782371474,0.03883126010041739,0.1637039828721998,-0.4526240168684933,39743
183,1569.8779528205268,all,0.008425394617702241,0.03726321694290266,0.16027120684219154,-0.7254779401090292,29819
184,-1702.1970212613862,all,0.0093416434417342,0.03653349223668473,0.1734322253826696,-0.29530691943301257,19659
185,1702.1970212613862,all,0.008537157652008576,0.03750978630411915,0.16836718195362285,-0.43311641046288124,26020
186,-1845.661663323432,all,0.007924519211818346,0.03640229194980586,0.16211783414342124,-0.45941955192306266,24034
187,1845.661663323432,all,0.007799156175415976,0.03700376094108773,0.15194912195698468,-0.3858932075879924,4653
188,-2001.2106991843496,all,0.009536431005571482,0.026144159805001635,0.12496362364912855,-0.125539091822126,973
189,2001.2106991843496,all,0.005915932828179397,0.030778640523835513,0.16347667164314417,-1.036022657641518,2056
190,-2169.8620282470006,all,0.005929427529219087,0.04668497576391584,0.17884906947696655,-1.2966006950076994,1414
191,2169.8620282470006,all,0.004145839458982652,0.024607885589398366,0.08259811830232763,-0.4209301074756527,537
192,-2352.719290184839,all,0.0080711984041737,0.03694057024535371,0.16803713895500888,-0.8494470326400493,3773
193,2352.719290184839,all,0.01062207405305717,0.0369464801753933,0.16811613312724125,-0.24777997592634,2968
194,-2550.9790870642473,all,0.009456347851697156,0.0384883783473563,0.16561893269437208,-0.6911447445313303,15726
195,2550.9790870642473,all,0.004860989683511104,0.013408178330554424,0.13425360312597057,1.9505335358279572,301
196,-2765.938813804699,all,0.009845113492280537,0.0382773197035072,0.1813333156926392,-0.11204217087431223,4234
197,2765.938813804699,all,0.0033463287849252762,0.031517242331135946,0.1423174014611045,-0.08997827404026777,162
