,mid,label,pi,fam_div_jc,rat_div_jc,tajima,sites
0,0.0,all,0.007904740586080731,0.03821892874100428,0.21085024843241562,0.1551773365981178,53138
1,0.08423255810757291,all,0.005340034075814217,0.036115092517148215,0.19795708683784796,-0.18817496739621742,29439
2,0.17556024006049165,all,0.007118012757303094,0.03574781222417026,0.19426349695345202,0.21085315361496243,27328
3,0.27458068629033927,all,0.005396633305229344,0.03331720832365668,0.18516915114720622,-0.27659610404787727,47318
4,0.3819418780110806,all,0.006804183898147255,0.03891225293081201,0.1940833455019249,-0.24639461128213735,39847
5,0.49834637755193745,all,0.006655449518081319,0.03520930044711691,0.17610388671436034,-0.28123132499481673,49861
6,0.6245559258643523,all,0.006420812288106275,0.035690239481008454,0.18344698911217525,-0.3015219244802523,57812
7,0.7613964272887233,all,0.0049188233259706525,0.032552867019171955,0.16672494937987276,-0.506262840521422,59046
8,0.9097633542007921,all,0.006793666300321569,0.03647082327296615,0.17465049108998704,-0.3495010360052285,45255
9,1.0706276069052238,all,0.006984517686982654,0.034547098368434184,0.16956541756526558,-0.2403047770476258,60983
10,1.245041867123013,all,0.006536999985525786,0.035632553737798195,0.16641555273446967,-0.3847035361258562,94542
11,1.434147486649386,all,0.006191725172612351,0.0351373962643694,0.17772330468832487,-0.3225398570444965,119556
12,1.639181956260983,all,0.006641316037199705,0.034055251168593134,0.17148049793277179,-0.45858881109395244,72236
13,1.861487003748194,all,0.0064173507923352404,0.03523053019579924,0.17285334675626854,-0.4977249180282575,82491
14,2.102517374065479,all,0.0064183443898265325,0.03433974601953555,0.16658787050837823,-0.3747647720494177,133977
15,2.3638503490562037,all,0.006617601342418526,0.032878269421729465,0.1577651286090945,-0.3161129014688681,77033
16,2.64719606904826,all,0.00685638159207319,0.03554428907586338,0.1722404355113706,-0.4330894251610178,115281
17,2.9544087238640793,all,0.006940094315091587,0.03611704640467876,0.1644269548231889,-0.47465775954436445,125492
18,3.287498686478054,all,0.006406214140566698,0.034767979710657954,0.16683083363243603,-0.5669197904296205,138516
19,3.64864566872296,all,0.007120230214381241,0.035169662281341274,0.163527973849138,-0.4006270591026766,138251
20,4.040212985135184,all,0.00621643123748238,0.034259907638043985,0.16288513880427608,-0.5907477388291553,233329
21,4.4647630182801255,all,0.0065363912638974385,0.03485026602710824,0.16382245133288856,-0.39263243864376085,195284
22,4.925073986761522,all,0.007400622684593262,0.035327808465194475,0.16844158120438385,-0.37872615032140183,158279
23,5.424158125643081,all,0.007029297517387413,0.034734722329889736,0.16624948747247226,-0.44988813927680826,175384
24,5.965281398253548,all,0.007160741860459707,0.033848607100188804,0.16892943501766602,-0.4146703844522048,158387
25,6.551984868367538,all,0.007736149475893514,0.03566455204911894,0.164904741453977,-0.4141399292703385,165806
26,7.188107872619819,all,0.007435883828622441,0.03439674950301985,0.1669226251028516,-0.36666965801257795,167609
27,7.877813144791343,all,0.008163154892922492,0.03702299209526748,0.1674828513368125,-0.35461648834837906,150786
28,8.625614056378152,all,0.008592467853562148,0.03731009214003875,0.17131745418137034,-0.3735633194480737,162210
29,9.436404151703096,all,0.008172431599815372,0.03580299493077936,0.16557892030105906,-0.4053167794999428,238088
30,10.315489170845543,all,0.007414333076786455,0.035518589377026275,0.16454376990553116,-0.4884566925477584,177800
31,11.268621769944403,all,0.007632015458307385,0.03505985449725491,0.1641369540732768,-0.469522533849454,180860
32,12.30203916608108,all,0.007079003498253907,0.03549568545653517,0.16401798960945826,-0.49404279149366115,173470
33,13.422503953087217,all,0.0073917959730523276,0.03582311371042255,0.16620986917604577,-0.40464638218954796,138475
34,14.637348355372337,all,0.00763866200303564,0.03592926557129543,0.16778331712397954,-0.42205451010750406,166409
35,15.954522209364598,all,0.007830743310908727,0.0364402121617955,0.1662973191031095,-0.39129136772475775,169754
36,17.38264498655104,all,0.007945291328176021,0.036482769402526885,0.1683622706962532,-0.3850120449020677,169645
37,18.931062198551583,all,0.007763923204213926,0.036351887454226,0.16872329380112083,-0.42597178170192895,172101
38,20.60990655333673,all,0.0077599750719155895,0.03497503126617767,0.16447793965733387,-0.4244605489152859,185122
39,22.43016426278989,all,0.007212450645478799,0.036301584444648455,0.16785901320063712,-0.45124635199914925,140418
40,24.40374693552532,all,0.007906429924852656,0.03601278042065046,0.1667037297511663,-0.3121953045443215,173967
41,26.54356952542202,all,0.00770343591959135,0.035768293592212425,0.16756139709390044,-0.38391455016006004,165680
42,28.863634845962107,all,0.00751244661661683,0.035864560466663184,0.16610077204094548,-0.4837188137438868,219157
43,31.379125203427954,all,0.007428028202983802,0.034906873984006825,0.16420637495183618,-0.35952294896327053,168030
44,34.10650174859808,all,0.007638303350078826,0.03555558145141405,0.1650643067592847,-0.46253737967053415,175402
45,37.06361219709048,all,0.006914976834101769,0.03523865877461239,0.16467866001852516,-0.5423458709161914,177291
46,40.269807623266026,all,0.007748044120302825,0.03632359400316226,0.16500039846335668,-0.4527365074226745,188561
47,43.746069091981134,all,0.007884342054629522,0.03574339723729657,0.16568162829142735,-0.4037411892475971,176708
48,47.515144956856915,all,0.007726305158054207,0.03573756106635689,0.1641679414438624,-0.46775540584863656,200003
49,51.60169972353269,all,0.007971718280064155,0.03663938390923206,0.16871569523665875,-0.396851032796342,191673
50,56.03247545205226,all,0.007823158140324953,0.03542625791471549,0.16513480689735718,-0.38082105881601674,205736
51,60.836466754585985,all,0.007970971004051633,0.03550255795543935,0.16702965535294229,-0.32168305947467435,199075
52,66.04511053365866,all,0.007682445336137159,0.035463717576879265,0.1661730535173625,-0.3775263241115167,186412
53,71.6924917025137,all,0.007892510719741088,0.0360472771783424,0.16645158147191125,-0.41895226722904205,191506
54,77.81556623382995,all,0.007648937308477646,0.03451406368297945,0.16236791594561537,-0.44704548244501,188397
55,84.45440299640231,all,0.007920198546774568,0.03561315772491429,0.16706054417963284,-0.44967159389543054,193066
56,91.65244596234467,all,0.008357721837165096,0.03674425546818594,0.16730876581100262,-0.3556476052071866,213449
57,99.4567985006767,all,0.008436176663391174,0.03618872887136495,0.16721846039070842,-0.31575333817020085,203371
58,107.91853161768563,all,0.00835396725091256,0.0359319652714961,0.16599653055468314,-0.4200404545858746,217131
59,117.09301816116393,all,0.008104628146482917,0.03545103783249828,0.16226752792465532,-0.34975713701171496,191791
60,127.04029517552277,all,0.008568410941200448,0.03590214467916443,0.1681854998946381,-0.34311401405672887,199878
61,137.82545677900586,all,0.008402329538295117,0.03695421401642958,0.16590467260592554,-0.377839819562139,204251
62,149.51908013395376,all,0.00865270212310421,0.03633554387455338,0.16541833033400294,-0.33316937957624176,225913
63,162.19768729763553,all,0.008447623674691505,0.03645845354490672,0.16620558788735576,-0.42099027618523077,204853
64,175.94424597595506,all,0.008395663984885251,0.03651566522342974,0.167412799002782,-0.3899834816535746,222188
65,190.84871245692528,all,0.008262617197913812,0.03566753219403174,0.16390553629382404,-0.38749790721085287,224272
66,207.0086202768164,all,0.008636053635214339,0.037105154079313224,0.16678497365505374,-0.39031120285902277,224185
67,224.5297184711593,all,0.008683670227462583,0.03567710866204026,0.16656126698306442,-0.3901479976606852,244017
68,243.52666358726592,all,0.008692048172765178,0.03617094790936732,0.16315023834501202,-0.4099741594138355,238357
69,264.12376998673113,all,0.008430097736486713,0.0366503017261731,0.1653067419144593,-0.4287577129775917,228213
70,286.4558233478374,all,0.008684599600606326,0.0363796981036416,0.16592463657108464,-0.4053581597914402,250933
71,310.6689626913442,all,0.008668852869097547,0.03647610745829134,0.1662735704693293,-0.40807035963621746,255847
72,336.92163670157004,all,0.00875329332044132,0.03634510654121635,0.16282810069831358,-0.3754488630483307,265090
73,365.385640600841,all,0.008646651888345428,0.03636317057322121,0.16673374322156703,-0.46277453812219527,244621
74,396.2472403625319,all,0.008424571823075752,0.03574161444883163,0.16321589255851784,-0.422705527646166,254245
75,429.7083916194416,all,0.008725705366821924,0.03666219849318646,0.1672396623779002,-0.44505512190434465,243093
76,465.98806124394576,all,0.00904774273652308,0.03715971847373568,0.16738966097364602,-0.3721268016473035,244165
77,505.323660248219,all,0.00857478282745148,0.03693429930877613,0.16599293947290933,-0.43723324060386454,321979
78,547.9725973813165,all,0.009062882862315243,0.03661875557729628,0.16808667948740408,-0.3961827390373709,255434
79,594.2139635897032,all,0.00878579869674788,0.03680343456082982,0.1663039582342582,-0.4353317859200303,232883
80,644.350358364212,all,0.009013145122110952,0.037476454377564174,0.1681423711405413,-0.4464417947414258,283295
81,698.7098699248681,all,0.008667717470760233,0.03639863779944195,0.16622462220239498,-0.4739676224776119,230400
82,757.6482222017565,all,0.008460406540051594,0.035906642471108446,0.16442346332539784,-0.4171908426829276,230914
83,821.5511026615734,all,0.008435996459015282,0.03573355157079753,0.16396145075902196,-0.44289475316604454,217305
84,890.8366862129621,all,0.008695967132700688,0.03609721600235499,0.16349143112727324,-0.45981198228844505,193262
85,965.9583717068613,all,0.00928546446752641,0.03713929960142842,0.16615360472129465,-0.3871395546740965,180131
86,1047.407748939263,all,0.00888343559470457,0.03651068998788387,0.16576860834563767,-0.3893763584977939,217391
87,1135.71781557222,all,0.009191887162889274,0.03616968948718952,0.16517378509689262,-0.32986288681769665,160175
88,1231.4664650243199,all,0.009170979567321522,0.03765749924545893,0.16473610825360704,-0.34211456576165084,114355
89,1335.2802681551166,all,0.008958274851244574,0.037735182233686444,0.16757081784363925,-0.4337835628182552,114370
90,1447.8385734904948,all,0.008923621839988098,0.036992272967155196,0.16377848098790043,-0.4513125620190287,91980
91,1569.8779528205268,all,0.00881296352061546,0.03815868876064485,0.16223053736967552,-0.5700161160819158,69562
92,1702.1970212613862,all,0.008883386469194069,0.037089460086917665,0.17054284743194997,-0.37247021711991923,45679
93,1845.661663323432,all,0.007904185464532806,0.03649981679416517,0.16045908390340377,-0.4487947734380141,28687
94,2001.2106991843496,all,0.0070789386804747095,0.029286790550852065,0.1508882861534083,-0.710017591233318,3029
95,2169.8620282470006,all,0.0054385065688310995,0.04054329713006512,0.15110124405312475,-1.1686851092561363,1951
96,2352.719290184839,all,0.009194325377306195,0.03694317232719267,0.16807191833380497,-0.5731453191778214,6741
97,2550.9790870642473,all,0.009370043315063723,0.03800954068032448,0.1650176165774862,-0.6734568167057244,16027
98,2765.938813804699,all,0.009605622336095016,0.03802711511682365,0.17985890864650642,-0.11267021164267083,4396
